30097226
30097227
30097228
30097229
30097230
30097231
30097232
30099564
30099565
30099566
30099567
30099568
30099569
30099570
30099571
30099572
30099573
30099574
30099575
30099576
30099577
30099578
30099579
30099580
30099581
30099582
30099583
30099584
30099585
30099586
30099587
30099588
30099589
30099590
30099591
30099592
30099593
30099594
30099595
30099596
30099597
30099598
30099599
30099600
30099601
30099602
30099603
30099604
30099605
30099606
30099607
30099608
30099609
30099610
30099611
30099612
30099613
30099614
30099615
30099616
30101316
30101317
30101318
30101319
30101320
30101321
30101322
30101323
30101324
30101325
30101326
30101327
30101328
30101329
30101330
30101331
30101332
30101333
30101334
30101335
30101336
30101337
30101338
30101339
30101340
30101341
30101342
30101343
30101344
30101345
30101346
30101347
30101348
30101349
30101350
30101351
30101352
30101353
30101354
30101355
30101356
30101357
30101358
30101359
30101360
30101361
30101362
30101363
30101364
30101365
30101366
30101367
30101368
30101369
30101370
30101371
30101372
30101373
30101374
30101375
30101376
30101377
30101378
30101379
30101380
30101381
30101382
30101383
30101384
30101385
30101386
30101387
30101388
30101389
30101390
30101391
30101392
30101393
30101394
30101395
30101396
30101397
30101398
30101399
30101400
30101401
30101402
30101403
30101404
30101405
30101406
30101407
30101408
30101409
30101410
30101411
30101412
30101413
30101414
30101415
30101416
30101417
30101418
30101419
30101420
30101421
30101422
30101423
30101424
30101425
30101426
30101427
30101428
30101429
30101430
30101431
30101432
30101433
30101434
30101435
30101436
30101437
30101438
30101439
30101440
30101441
30101442
30101443
30101444
30101445
30101446
30101447
30101448
30101449
30101450
30101451
30101452
30101453
30101454
30101455
30101456
30101457
30101458
30101459
30101460
30101461
30101462
30101463
30101464
30101465
30101466
30101467
30101468
30101469
30101470
30101471
30101472
30101473
30101474
30101475
30101476
30101477
30101478
30101479
30101480
30101481
30101482
30101483
30101484
30101485
30101486
30101487
30101488
30101489
30101490
30101491
30101492
30101493
30101494
30101495
30101496
30101497
30101498
30101499
30101500
30101501
30101502
30101503
30101504
30101505
30101506
30101507
30101508
30101509
30101510
30101511
30101512
30101513
30101514
30101515
30101516
30101517
30101518
30101519
30101520
30101521
30101522
30101523
30101524
30101525
30101526
30101527
30101528
30101529
30101530
30101531
30101532
30101533
30101534
30101535
30101536
30101537
30101538
30101539
30102769
30102770
30102771
30102772
30102773
30102774
30102775
30102776
30102777
30102778
30102779
30102780
30102781
30102782
30102783
30102784
30102785
30102786
30102787
30102788
30102789
30102790
30102791
30102792
30102793
30102794
30102795
30102796
30102797
30102798
30102799
30102800
30102801
30102802
30102803
30102804
30102805
30102806
30102807
30102808
30102809
30102810
30102811
30102812
30102813
30102814
30102815
30102816
30102817
30102818
30102819
30102820
30102821
30102822
30102823
30102824
30102825
30102826
30102827
30102828
30102829
30102830
30102831
30102832
30102833
30102834
30102835
30102836
30102837
30102838
30102839
30102840
30102841
30102842
30102843
30102844
30102845
30102846
30103024
30103025
30103026
30103027
30103028
30103029
30103030
30103031
30103032
30103033
30103034
30103035
30103036
30103037
30103038
30103039
30103040
30103041
30103042
30103043
30103044
30103045
30103046
30103047
30103048
30103049
30103050
30103051
30103052
30103053
30103054
30103055
30103056
30103057
30103058
30103059
30103060
30103061
30103062
30103063
30103064
30103065
30103066
30103067
30103068
30103069
30103070
30103071
30103072
30103073
30103074
30103075
30103076
30103077
30103078
30103079
30103080
30103081
30103082
30103083
30103084
30103085
30104778
30104779
30104780
30104781
30104782
30104783
30104784
30104785
30104786
30104787
30104788
30104789
30104790
30104791
30104792
30104793
30104794
30104795
30104796
30104797
30104798
30104799
30104800
30104801
30104802
30104803
30104804
30104805
30104806
30104807
30104808
30104809
30104810
30104811
30104812
30104813
30104814
30104815
30104816
30104817
30104818
30104819
30104820
30104821
30104822
30104823
30104824
30104825
30104826
30104827
30104828
30104829
30104830
30104831
30104832
30104833
30104834
30104835
30104836
30104837
30104838
30104839
30104840
30104841
30104842
30104843
30104844
30104845
30104846
30104847
30104848
30104849
30104850
30104851
30104852
30104853
30104854
30104855
30104856
30104857
30104858
30104859
30104860
30104861
30104862
30104863
30104864
30104865
30104866
30104867
30104868
30104869
30104870
30104871
30104872
30104873
30104874
30104875
30104876
30104877
30104878
30104879
30106151
30106152
30106153
30106154
30106155
30106156
30106157
30106158
30106159
30106160
30106161
30106162
30106163
30106164
30106165
30106166
30106167
30106168
30106169
30106170
30106171
30106172
30106173
30106174
30106175
30106176
30106177
30106178
30106179
30106180
30106181
30106182
30106183
30106184
30106185
30106186
30106187
30106188
30106189
30106190
30106191
30106192
30106193
30106194
30106195
30106196
30106197
30106198
30106199
30106200
30106201
30106202
30106203
30106204
30106205
30106206
30106207
30106208
30106209
30106210
30106211
30106212
30106213
30106214
30106215
30106216
30106217
30106218
30106219
30106220
30106221
30106222
30106223
30106224
30106225
30106226
30106227
30106228
30106229
30106230
30106231
30106232
30106233
30106234
30106235
30106236
30106237
30106238
30106239
30106240
30106241
30106242
30106243
30106244
30106245
30106246
30106247
30106248
30106249
30106250
30106251
30106252
30106253
30106254
30106255
30106256
30106257
30106258
30106259
30106260
30106261
30106262
30106263
30106264
30106265
30106266
30106267
30106268
30106269
30106270
30106271
30106272
30106273
30106274
30106275
30106276
30106277
30106278
30106279
30106280
30106281
30106282
30106283
30106284
30164747
30164748
30164749
30164750
30164751
30164752
30164753
30164754
30164755
30164756
30164757
30164758
30164759
30164760
30164761
30164762
30164763
30164764
30164765
30164766
30164767
30164768
30164769
30164770
30164771
30164772
30164773
30164774
30164775
30164776
30164777
30164778
30164779
30164780
30164781
30164782
30164783
30164784
30164785
30164786
30164787
30164788
30164789
30164790
30164791
30164792
30164793
30164794
30164795
30164796
30164797
30164798
30164799
30164800
30164801
30164802
30164803
30164804
30164805
30164806
30164807
30164808
30164809
30164810
30164811
30164812
30164813
30164814
30164815
30164816
30164817
30164818
30164819
30164820
30164821
30164822
30164823
30164824
30164825
30164826
30164827
30164828
30164829
30164830
30164831
30164832
30164833
30164834
30164835
30164836
30164837
30164838
30164839
30164840
30164841
30164842
30164843
30164844
30164845
30164846
30164847
30164848
30164849
30164850
30164851
30164852
30164853
30164854
30164855
30164856
30164857
30164858
30164859
30164860
30164861
30164862
30164863
30164864
30164865
30164866
30164867
30164868
30164869
30164870
30164871
30164872
30164873
30164874
30164875
30164876
30164877
30164878
30164879
30164880
30164881
30164882
30164883
30164884
30164885
30164886
30164887
30164888
30164889
30164890
30164891
30164892
30164893
30164894
30164895
30164896
30164897
30164898
30164899
30164900
30164901
30164902
30164903
30164904
30164905
30164906
30164907
30164908
30164909
30164910
30164911
30164912
30164913
30164914
30164915
30164916
30164917
30164918
30164919
30164920
30164921
30164922
30164923
30164924
30164925
30164926
30164927
30164928
30164929
30164930
30164931
30164932
30164933
30164934
30164935
30164936
30164937
30164938
30164939
30164940
30164941
30164942
30164943
30164944
30164945
30164946
30164947
30164948
30164949
30164950
30164951
30164952
30164953
30164954
30164955
30164956
30164957
30164958
30164959
30164960
30164961
30164962
30164963
30164964
30164965
30164966
30164967
30164968
30164969
30164970
30164971
30164972
30164973
30164974
30164975
30164976
30164977
30164978
30164979
30164980
30164981
30164982
30164983
30164984
30164985
30164986
30164987
30164988
30164989
30164990
30164991
30164992
30164993
30164994
30164995
30164996
30164997
30164998
30164999
30165000
30165001
30165002
30165003
30165004
30165005
30165006
30165007
30165008
30165009
30165010
30165011
30165012
30165013
30165014
30165015
30165016
30165017
30165018
30165019
30165020
30165021
30165022
30165023
30165024
30165025
30165026
30165027
30165028
30165029
30165030
30165031
30165032
30165033
30165034
30165035
30165036
30165037
30165038
30165039
30165040
30165041
30165042
30165043
30165044
30165045
30165046
30165047
30165048
30165049
30165050
30165051
30165052
30165053
30165054
30165055
30165056
30165057
30165058
30165059
30165060
30165061
30165062
30165063
30165064
30165065
30165066
30165067
30165068
30165069
30165070
30165071
30165072
30165073
30165074
30165075
30165076
30165077
30165078
30165079
30165080
30165081
30165082
30165083
30165084
30165085
30165086
30165087
30165088
30165089
30165090
30165091
30165092
30165093
30165094
30165095
30165096
30165097
30165098
30165099
30165100
30165101
30165102
30165103
30165104
30165105
30165106
30165107
30165108
30165109
30165110
30165111
30165112
30165113
30165114
30165115
30165116
30165117
30165118
30165119
30165120
30165121
30165122
30165123
30165124
30165125
30165126
30165127
30165128
30165129
30165130
30165131
30165132
30165133
30165134
30165135
30165136
30165137
30165138
30165139
30165140
30165141
30165142
30165143
30165144
30165145
30165146
30165147
30165148
30165149
30165150
30165151
30165152
30165153
30165154
30165155
30165156
30165157
30165158
30165159
30165160
30165161
30165162
30165163
30165164
30165165
30165166
30165167
30165168
30165169
30165170
30165171
30165172
30165173
30165174
30165175
30165176
30165177
30165178
30165179
30165180
30165181
30165182
30165183
30165184
30165185
30165186
30165187
30165188
30165189
30165190
30165191
30165192
30165193
30165194
30165195
30165196
30165197
30165198
30165199
30165200
30165201
30165202
30165203
30165204
30165205
30165206
30165207
30165208
30165209
30165210
30165211
30165212
30165213
30165214
30165215
30165216
30165217
30165218
30165219
30165220
30165221
30165222
30165223
30165224
30165225
30165226
30165227
30165228
30165229
30165230
30165231
30165232
30165233
30165234
30165235
30165236
30165237
30165238
30165239
30165240
30165241
30165242
30165243
30165244
30165245
30165246
30165247
30165248
30165249
30165250
30165251
30165252
30165253
30165254
30165255
30165256
30165257
30165258
30165259
30165260
30165261
30165262
30165263
30165264
30165265
30165266
30165267
30165268
30165269
30165270
30165271
30165272
30165273
30165274
30165275
30165276
30165277
30165278
30165279
30165280
30165281
30165282
30165283
30165284
30165285
30165286
30165287
30165288
30165289
30165290
30165291
30165292
30165293
30165294
30165295
30165296
30165297
30165298
30165299
30165300
30165301
30165302
30165303
30165304
30165305
30165306
30165307
30165308
30165309
30165310
30165311
30165312
30165313
30165314
30165315
30165316
30165317
30165318
30165319
30165320
30165321
30165322
30165323
30165324
30165325
30165326
30165327
30165328
30165329
30165330
30165331
30165332
30165333
30165334
30165335
30165336
30165337
30165338
30165339
30165340
30165341
30165342
30165343
30165344
30165345
30165346
30165347
30165348
30165349
30165350
30165351
30165352
30165353
30165354
30165355
30165356
30165357
30165358
30165359
30165360
30165361
30165362
30165363
30165364
30165365
30165366
30165367
30165368
30165369
30165370
30165371
30165372
30165373
30165374
30165375
30165376
30165377
30165378
30165379
30165380
30165381
30165382
30165383
30165384
30165385
30165386
30165387
30165388
30165389
30165390
30165391
30165392
30165393
30165394
30165395
30165396
30165397
30165398
30165399
30165400
30165401
30165402
30165403
30165404
30165405
30165406
30165407
30165408
30165409
30165410
30165411
30165412
30165413
30165414
30165415
30165416
30165417
30165418
30165419
30165420
30165421
30165422
30165423
30165424
30165425
30165426
30165427
30165428
30165429
30165430
30165431
30165432
30165433
30165434
30165435
30165436
30165437
30165438
30165439
30165440
30165441
30165442
30165443
30165444
30165445
30165446
30165447
30165448
30165449
30165450
30165451
30165452
30165453
30165454
30165455
30165456
30165457
30165458
30165459
30165460
30165461
30165462
30165463
30165464
30165465
30165466
30165467
30165468
30165469
30165470
30165471
30165472
30165473
30165474
30165475
30165476
30165477
30165478
30165479
30165480
30165481
30165482
30165483
30165484
30165485
30165486
30165487
30165488
30165489
30165490
30165491
30165492
30165493
30165494
30165495
30165496
30165497
30165498
30165499
30165500
30165501
30165502
30165503
30165504
30165505
30165506
30165507
30165508
30165509
30165510
30165511
30165512
30165513
30165514
30165515
30165516
30165517
30165518
30165519
30165520
30165521
30165522
30165523
30165524
30165525
30165526
30165527
30165528
30165529
30165530
30165531
30165532
30165533
30165534
30165535
30165536
30165537
30165538
30165539
30165540
30165541
30165542
30165543
30165544
30165545
30165546
30165547
30165548
30165549
30165550
30165551
30165552
30165553
30165554
30165555
30165556
30165557
30165558
30165559
30165560
30165561
30165562
30165563
30165564
30165565
30165566
30165567
30165568
30165569
30165570
30165571
30165572
30165573
30165574
30165575
30165576
30165577
30165578
30165579
30165580
30165581
30165582
30165583
30205814
30205815
30205816
30205817
30205818
30205819
30205820
30205821
30205822
30205823
30205824
30205825
30205826
30205827
30205828
30205829
30205830
30205831
30205832
30205833
30205834
30205835
30205836
30199161
30199162
30199163
30199164
30199165
30199166
30199167
30199168
30199169
30199170
30199171
30199172
30199173
30199174
30199175
30199176
30199177
30199178
30199179
30199180
30199181
30199182
30199183
30199184
30199185
30199186
30199187
30199188
30199189
30199190
30199191
30199192
30199193
30199194
30199195
30199196
30199197
30199198
30199199
30199200
30199201
30199202
30199203
30199204
30199205
30199206
30199207
30199208
30199209
30199210
30199211
30199212
30199213
30199214
30199215
30199216
30199217
30199218
30199219
30199220
30199221
30199222
30199223
30199224
30199225
30199226
30199227
30199228
30199229
30199230
30199231
30199232
30199233
30199234
30199235
30199236
30199237
30199238
30199239
30199240
30199241
30199242
30199243
30199244
30199245
30199246
30199247
30199248
30199249
30199250
30199251
30199252
30199253
30199254
30199255
30199256
30199257
30199258
30199259
30199260
30199261
30199262
30199263
30199264
30199265
30199266
30199267
30199268
30199269
30199270
30199271
30199272
30199273
30199274
30199275
30199276
30199277
30199278
30199279
30199280
30199281
30199282
30199283
30199284
30199285
30199286
30199287
30199288
30199289
30199290
30199291
30199292
30199293
30199294
30199295
30199296
30199297
30199298
30199299
30199300
30199301
30199302
30199303
30199304
30199305
30199306
30199307
30199308
30199309
30199310
30199311
30199312
30199313
30199314
30199315
30199316
30199317
30199318
30199319
30199320
30199321
30199322
30199323
30199324
30199325
30199326
30199327
30199328
30199329
30199330
30193622
30193623
30193624
30193625
30193626
30193627
30193628
30193629
30193630
30193631
30193632
30193633
30193634
30193635
30193636
30193637
30193638
30193639
30193640
30193641
30193642
30193643
30193644
30193645
30193646
30193647
30193648
30193649
30193650
30193651
30193652
30193653
30193654
30193655
30193656
30193657
30193658
30193659
30193660
30193661
30193662
30193663
30193664
30193665
30193666
30193667
30193668
30193669
30193670
30193671
30193672
30193673
30193674
30193675
30193676
30193677
30193678
30193679
30193680
30193681
30193682
30193683
30193684
30193685
30193686
30193687
30193688
30193689
30193690
30193691
30193692
30193693
30193694
30193695
30193696
30193697
30193698
30193699
30193700
30193701
30193702
30193703
30193704
30193705
30193706
30193707
30193708
30193709
30193710
30193711
30193712
30193713
30193714
30193715
30193716
30193717
30193718
30193719
30193720
30193721
30193722
30193723
30193724
30193725
30193726
30193727
30193728
30193729
30193730
30193731
30193732
30193733
30193734
30193735
30193736
30193737
30193738
30193739
30193740
30193741
30193742
30193743
30193744
30193745
30193746
30193747
30193748
30193749
30193750
30193751
30193752
30193753
30193754
30193755
30193756
30193757
30193758
30193759
30193760
30193761
30193762
30193763
30193764
30193765
30193766
30193767
30193768
30193769
30193770
30193771
30193772
30193773
30193774
30193775
30193776
30193777
30193778
30193779
30193780
30193781
30193782
30193783
30193784
30193785
30193786
30193787
30193788
30193789
30193790
30193791
30193792
30193793
30193794
30193795
30193796
30193797
30193798
30193799
30193800
30193801
30193802
30193803
30193804
30193805
30193806
30193807
30193808
30193809
30193810
30193811
30193812
30193813
30193814
30193815
30193816
30193817
30193818
30193819
30193820
30193821
30193822
30193823
30193824
30193825
30193826
30193827
30193828
30193829
30193830
30193831
30193832
30193833
30193834
30193835
30193836
30193837
30193838
30193839
30193840
30193841
30193842
30193843
30193844
30193845
30193846
30193847
30193848
30193849
30193850
30193851
30193852
30193853
30193854
30193855
30193856
30193857
30193858
30193859
30193860
30193861
30193862
30193863
30193864
30193865
30193866
30193867
30193868
30193869
30193870
30193871
30193872
30193873
30193874
30193875
30193876
30193877
30193878
30193879
30193880
30193881
30193882
30193883
30193884
30303463
30303464
30303465
30303466
30303467
30303468
30303469
30303470
30303471
30303472
30303473
30303474
30303475
30303476
30303477
30303478
30303479
30303480
30303481
30303482
30303483
30303484
30303485
30303596
30303597
30303598
30303599
30303600
30303601
30303602
30303603
30303604
30303605
30303606
30303607
30303608
30303609
30303610
30303611
30303612
30303613
30303614
30303615
30303616
30303617
30303618
30303619
30303620
30303621
30303622
30303623
30303624
30303625
30303626
30303627
30303628
30303629
30303630
30303631
30303632
30303633
30303634
30303635
30303636
30303637
30303638
30303639
30303640
30303641
30303642
30303643
30303644
30303645
30303646
30303647
30303648
30303649
30303650
30303651
30303652
30303653
30303654
30303655
30303656
30303657
30303658
30303659
30303660
30303661
30303662
30303663
30303664
30303665
30303666
30303667
30303668
30303669
30303670
30303671
30303672
30303673
30303674
30303675
30303676
30303677
30303678
30303679
30303680
30303681
30303682
30303683
30303876
30303877
30303878
30303879
30303880
30303881
30303882
30303883
30303884
30303885
30303886
30303887
30303888
30303889
30303890
30303891
30303892
30303893
30303894
30303895
30303896
30303897
30303898
30303899
30303900
30303901
30303902
30303903
30303904
30303905
30303906
30303907
30303908
30303909
30303910
30303911
30303912
30303913
30303914
30303915
30303916
30303917
30303918
30303919
30303920
30303921
30303922
30303923
30303924
30303925
30303926
30303927
30303928
30303929
30303930
30303931
30303932
30303933
30303934
30303935
30303936
30303937
30303938
30303939
30303940
30303941
30303942
30303943
30303944
30308044
30308045
30308046
30308047
30308048
30308049
30308050
30308051
30308052
30308053
30308054
30308055
30308056
30308057
30308058
30308059
30308060
30308061
30308062
30308063
30308064
30308065
30308066
30308067
30308068
30308069
30308070
30308071
30308072
30308073
30308074
30308075
30308076
30308077
30308078
30308079
30308080
30308081
30308082
30308083
30308084
30308085
30308086
30308087
30308088
30308089
30308090
30308091
30308092
30308093
30308094
30308095
30308096
30308097
30308098
30308099
30308100
30308101
30308102
30308103
30308104
30308105
30308106
30308107
30308108
30308109
30308110
30308111
30308112
30308113
30308114
30308115
30308116
30308117
30308118
30308119
30308120
30308121
30308122
30308123
30308124
30308125
30308126
30308127
30308128
30308129
30308130
30308131
30308132
30308133
30308134
30308135
30308136
30308137
30308138
30308139
30308140
30308141
30308142
30308143
30308144
30308145
30308146
30308147
30308148
30308149
30308150
30308151
30308152
30308153
30308154
30308155
30308156
30308157
30308158
30308159
30308160
30308161
30308162
30308163
30308164
30308165
30308166
30308167
30308168
30308169
30308170
30308171
30308172
30308173
30308174
30308175
30308176
30308177
30308178
30308179
30308180
30308181
30308182
30308183
30308184
30308185
30308186
30308187
30308188
30308189
30308313
30308314
30308315
30308316
30308317
30308318
30308319
30308320
30308321
30308322
30308323
30308324
30308325
30308326
30308327
30308328
30308329
30308330
30308331
30308332
30308333
30308334
30308335
30308336
30308337
30308338
30308339
30308340
30308341
30308342
30308343
30308344
30308345
30308346
30308347
30308348
30308349
30308350
30308351
30308352
30308353
30308354
30308355
30308356
30308357
30308358
30308359
30308360
30308361
30308362
30308363
30308364
30308365
30308366
30308367
30308368
30308369
30308370
30308371
30308372
30308373
30308374
30308375
30308376
30308377
30308378
30308379
30308380
30308381
30308382
30308383
30308384
30308385
30308386
30308387
30308388
30308389
30308390
30308391
30308392
30308393
30308394
30308395
30308396
30308397
30308398
30308399
30308400
30308401
30308402
30308403
30308404
30308405
30308406
30308407
30308408
30308409
30308410
30308411
30308412
30308413
30308414
30308415
30308416
30308417
30308418
30308419
30308420
30308421
30308422
30308423
30308424
30308425
30308426
30308427
30308428
30308429
30308430
30308431
30308432
30308433
30308434
30308435
30308436
30308437
30308438
30308439
30308440
30308441
30308442
30308443
30308444
30308445
30308446
30308447
30308448
30311609
30311610
30311611
30311612
30311613
30311614
30311615
30311616
30311617
30311618
30311619
30311620
30311621
30311622
30311623
30311624
30311625
30311626
30311627
30311628
30311629
30311630
30311631
30311632
30311633
30311634
30311635
30311636
30311637
30311638
30311639
30311640
30311641
30311642
30311643
30311644
30311645
30311646
30311647
30311648
30311649
30311650
30311651
30311652
30311653
30311654
30311655
30311656
30311657
30311658
30311659
30311660
30311661
30311662
30311663
30311664
30311665
30311666
30311667
30311668
30311669
30311670
30311671
30311672
30311673
30311674
30311675
30311676
30311677
30311678
30311679
30311680
30311681
30311682
30311683
30311684
30311685
30311686
30311687
30311688
30311689
30311690
30311691
30311692
30311693
30311694
30311695
30311696
30311697
30311698
30311699
30311700
30311701
30311702
30311703
30311704
30311705
30311706
30311707
30311708
30311709
30311710
30311711
30311712
30311713
30311714
30311715
30311716
30311717
30311718
30311719
30311720
30311721
30311722
30311723
30311724
30311725
30311726
30311727
30311728
30311729
30311730
30311731
30311732
30311733
30311734
30311735
30311736
30311737
30311738
30311739
30311740
30311741
30311742
30311743
30311744
30311745
30311746
30311747
30311748
30311749
30311750
30311751
30311752
30311753
30311754
30311755
30312629
30312630
30312631
30312632
30312633
30312634
30312635
30312636
30312637
30312638
30312639
30312640
30312641
30312642
30312643
30312644
30312645
30312646
30312647
30312648
30312649
30312650
30312651
30312652
30312653
30312654
30312655
30312656
30312657
30312658
30312659
30312660
30312661
30312662
30312663
30312664
30312665
30312666
30312667
30312668
30312669
30312670
30312671
30312672
30312673
30312674
30312675
30312676
30312677
30312678
30312679
30312680
30312681
30312682
30312683
30312684
30312685
30312686
30312687
30312688
30312689
30312690
30312691
30312692
30312693
30312694
30312695
30312696
30312697
30312698
30312699
30312700
30312701
30312702
30312703
30312704
30312705
30312706
30312707
30312708
30312709
30312710
30312711
30312712
30312713
30312714
30312715
30312716
30312717
30312718
30312719
30312720
30312721
30312722
30312723
30312724
30312903
30312904
30312905
30312906
30312907
30312908
30312909
30312910
30312911
30312912
30312913
30312914
30312915
30312916
30312917
30312918
30312919
30312920
30312921
30312922
30312923
30312924
30312925
30312926
30312927
30312928
30312929
30312930
30312931
30312932
30312933
30312934
30312935
30312936
30312937
30312938
30312939
30312940
30312941
30312942
30312943
30312944
30312945
30312946
30312947
30312948
30312949
30312950
30312951
30312952
30312953
30312954
30312955
30312956
30312957
30312958
30312959
30312960
30312961
30312962
30312963
30312964
30312965
30312966
30312967
30312968
30312969
30312970
30312971
30312972
30312973
30312974
30312975
30312976
30312977
30312978
30312979
30312980
30312981
30312982
30312983
30312984
30312985
30312986
30312987
30312988
30312989
30312990
30312991
30312992
30312993
30312994
30312995
30312996
30312997
30312998
30312999
30313000
30313001
30313002
30313003
30313004
30313005
30313006
30313007
30313008
30313009
30313010
30313011
30313012
30313013
30313014
30313015
30313016
30313017
30313018
30313019
30313020
30313021
30313022
30313023
30313024
30313025
30313026
30313027
30313028
30313029
30313030
30313031
30313032
30313033
30313034
30313035
30313036
30313037
30313147
30313148
30313149
30313150
30313151
30313152
30313153
30313154
30313155
30313156
30313157
30313158
30313159
30313160
30313161
30313162
30313163
30313164
30313165
30313166
30313167
30313168
30313169
30313170
30313171
30313172
30313173
30313174
30313175
30313176
30313177
30313178
30313179
30313180
30313181
30313182
30313183
30313184
30313185
30313186
30313187
30313188
30313189
30313190
30313191
30313192
30313193
30313194
30313195
30313196
30313197
30313198
30313199
30313200
30313201
30313202
30313203
30313204
30313205
30313206
30313207
30313208
30313209
30313210
30313211
30313212
30313213
30313214
30313215
30313216
30313217
30313218
30313219
30313220
30313221
30313222
30313223
30313224
30313225
30313226
30313227
30313228
30313229
30313230
30313231
30313232
30313233
30313234
30313235
30313236
30313237
30313238
30313239
30313240
30313241
30313242
30313243
30313244
30313245
30313246
30313247
30313248
30313249
30313250
30313251
30313252
30313253
30313254
30313255
30313256
30313257
30313258
30313353
30313354
30313355
30313356
30313357
30313358
30313359
30313360
30313361
30313362
30313363
30313364
30313365
30313366
30313367
30313368
30313369
30313370
30313371
30313372
30313373
30313374
30313375
30313376
30313377
30313378
30313379
30313380
30313381
30313382
30313383
30313384
30313385
30313386
30313387
30313388
30313389
30313390
30313391
30313392
30313393
30313394
30313395
30313396
30313397
30313398
30313399
30313400
30313401
30313402
30313403
30313404
30313405
30313406
30313407
30313408
30313409
30313410
30313411
30313412
30313413
30313414
30313415
30313416
30313417
30313418
30313419
30313420
30313421
30313422
30313423
30313424
30313425
30313426
30313427
30313428
30313429
30313430
30313431
30313432
30313433
30313434
30313435
30313436
30313437
30313438
30313439
30313440
30313441
30313442
30313443
30313444
30313445
30313446
30313447
30313448
30313449
30313450
30313451
30313452
30313453
30313454
30313455
30313456
30313457
30313458
30313459
30313460
30313461
30313462
30313463
30313464
30313465
30313466
30313467
30313468
30313469
30313470
30313471
30313472
30313473
30313474
30313475
30313476
30313477
30313478
30313479
30313480
30313481
30313482
30313483
30313484
30313485
30313486
30313487
30313488
30313489
30313490
30313491
30313492
30313493
30313494
30313495
30313496
30313497
30313498
30313499
30313500
30313501
30313502
30313503
30313504
30313505
30313506
30313507
30313508
30313509
30313510
30314562
30314563
30314564
30314565
30314566
30314567
30314568
30314569
30314570
30314571
30314572
30314573
30314574
30314575
30314576
30314577
30314578
30314579
30314580
30314581
30314582
30314583
30314584
30314585
30314586
30314587
30314588
30314589
30314590
30314591
30314592
30314593
30314594
30314595
30314596
30314597
30314598
30314599
30314600
30314601
30314602
30314603
30314604
30314605
30314606
30314607
30314608
30314609
30314610
30314611
30314612
30314613
30314614
30314615
30314616
30314617
30314618
30314619
30314620
30314621
30314622
30314623
30314624
30314625
30314626
30314627
30314628
30314629
30314630
30314631
30314632
30314633
30314634
30314635
30314636
30314637
30314638
30314639
30314640
30314641
30314642
30314643
30314644
30314645
30314646
30314647
30314648
30314649
30314650
30314651
30314652
30314653
30314654
30314655
30314656
30314657
30314658
30314659
30314660
30314661
30314662
30314663
30314664
30314665
30314666
30314667
30314668
30314669
30314670
30314671
30314672
30314673
30314674
30314675
30314676
30314677
30314678
30314679
30314680
30314681
30433455
30433456
30433457
30433458
30433459
30433460
30433461
30433462
30433463
30433464
30433465
30433466
30433467
30433468
30433469
30433470
30433471
30433472
30433473
30433474
30433475
30433476
30433477
30433478
30433479
30433480
30433481
30433482
30433483
30433484
30433485
30433486
30433487
30433488
30433489
30433490
30433491
30433492
30433493
30433494
30433495
30433496
30433497
30433498
30433499
30433500
30433501
30433502
30433503
30433504
30433505
30433506
30433507
30433508
30433509
30433510
30433511
30433512
30433513
30433514
30433515
30433516
30433517
30433518
30433519
30433520
30433521
30433522
30433523
30433524
30433525
30433526
30433527
30433528
30433529
30433530
30433531
30433532
30433533
30433534
30433535
30433536
30433537
30433538
30433539
30433540
30433541
30433542
30433543
30433544
30433545
30433546
30433547
30433548
30433549
30433550
30433551
30433552
30433553
30433554
30433555
30433556
30433557
30433558
30433559
30433560
30433561
30433562
30433563
30433564
30433565
30433566
30433567
30433568
30433569
30433570
30433571
30462100
30462101
30462102
30462103
30462104
30462105
30462106
30462107
30462108
30462109
30462110
30462111
30462112
30462113
30462114
30462115
30462116
30462117
30462118
30462119
30462120
30462121
30462122
30462123
30462124
30462125
30462126
30462127
30462128
30462129
30462130
30462131
30462132
30462133
30462134
30476130
30476131
30476132
30476133
30476134
30476135
30476136
30476137
30476138
30476139
30476140
30476141
30476142
30476143
30476144
30476145
30476146
30476147
30476148
30476149
30476150
30476151
30476152
30476153
30476154
30476155
30476156
30476157
30476158
30476159
30476160
30476161
30476162
30476163
30476164
30476165
30476166
30476167
30476168
30476169
30476170
30476171
30476172
30476173
30476174
30476175
30476176
30476177
30476178
30476179
30476180
30476181
30476182
30476183
30476184
30476185
30476186
30476187
30476188
30476189
30476190
30476191
30476192
30476193
30476194
30476195
30476196
30476197
30476198
30476199
30476200
30476201
30476202
30476203
30476204
30476205
30476206
30476207
30476208
30477189
30477190
30477191
30477192
30477193
30477194
30477195
30477196
30477197
30477198
30477199
30477200
30477201
30477202
30477203
30477204
30477205
30477206
30477207
30477208
30477209
30477210
30477211
30477212
30477213
30477214
30477215
30477216
30477217
30477218
30477219
30477220
30477221
30477222
30477223
30477224
30477225
30477226
30477227
30477228
30477229
30477230
30477231
30477232
30477233
30477234
30477235
30477236
30477237
30477238
30477239
30477240
30477241
30477242
30477243
30477244
30477245
30477246
30477247
30477248
30477249
30477250
30477251
30477252
30477253
30477254
30477255
30477256
30477257
30477258
30477259
30477260
30477261
30477262
30477263
30477264
30477265
30477266
30477267
30477268
30477269
30477270
30477271
30477272
30477273
30477274
30477275
30477276
30477277
30477278
30477279
30477280
30477281
30477282
30477283
30477284
30477285
30477286
30477287
30477288
30477289
30477290
30477291
30477292
30477293
30477294
30477295
30477296
30477297
30477298
30477299
30477300
30477301
30477302
30477303
30477304
30477305
30477306
30477307
30477308
30477309
30477310
30477311
30477312
30477313
30477314
30477315
30477316
30477317
30477318
30477319
30477320
30477321
30477322
30477323
30477324
30496268
30496269
30496270
30496271
30496272
30496273
30496274
30496275
30496276
30496277
30496278
30496279
30496280
30496281
30496282
30496283
30496284
30496285
30496286
30496287
30496288
30496289
30496290
30496291
30496292
30496293
30496294
30496295
30496296
30496297
30496298
30496299
30496300
30496301
30496302
30496303
30496304
30496305
30496306
30496307
30496308
30496309
30496310
30496311
30496312
30496313
30496314
30496315
30496316
30496317
30496318
30496319
30496320
30496321
30496322
30496323
30496324
30496325
30496326
30496327
30496328
30496329
30496330
30496331
30496332
30496333
30496334
30496335
30496336
30496337
30496338
30496339
30496340
30496341
30496342
30496343
30496344
30496345
30496346
30496347
30496348
30496349
30496350
30496351
30496352
30496353
30496354
30496355
30496356
30496357
30496358
30496359
30496558
30496559
30496560
30496561
30496562
30496563
30496564
30496565
30496566
30496567
30496568
30496569
30496570
30496571
30496572
30496573
30496574
30496575
30496576
30496577
30496578
30496579
30496580
30496581
30496582
30496583
30496584
30496585
30496586
30496587
30496588
30496589
30496590
30496591
30496592
30496593
30496594
30496595
30496596
30496597
30496598
30496599
30496600
30496601
30496602
30496603
30496604
30496605
30496606
30496607
30496608
30496609
30496610
30496611
30496612
30496613
30496614
30496615
30498377
30498378
30498379
30498380
30498381
30498382
30498383
30498384
30498385
30498386
30498387
30498388
30498389
30498390
30498391
30498392
30498393
30498394
30498395
30498396
30498397
30498398
30498399
30498400
30498401
30498402
30498403
30498404
30498405
30498406
30498407
30498408
30498409
30498410
30498411
30498412
30498413
30498414
30498415
30498416
30498417
30498418
30498419
30498420
30498421
30498422
30498423
30498424
30498425
30498426
30498427
30498428
30498429
30498430
30498431
30498432
30498433
30498434
30498435
30498436
30498437
30498438
30498439
30498440
30498441
30498442
30498443
30498444
30498445
30498446
30498447
30498448
30498449
30498450
30498451
30498452
30498453
30498454
30498455
30498456
30498457
30498458
30498459
30498460
30498461
30498462
30498463
30498464
30498465
30498466
30498467
30498468
30498469
30498470
30498471
30498472
30498473
30498474
30498475
30498476
30498477
30498478
30498479
30498480
30498481
30498482
30498483
30498484
30498485
30498486
30498487
30498488
30498489
30498490
30498491
30498492
30498493
30498494
30498495
30498496
30498497
30498498
30498499
30498500
30498501
30498502
30498503
30498504
30498505
30498506
30498507
30498508
30498509
30498510
30498511
30498512
30498513
30498514
30498515
30498516
30498517
30498518
30498519
30498520
30498521
30498522
30498523
30498524
30498525
30498526
30498527
30498528
30498529
30498530
30498531
30498532
30498533
30498534
30498535
30498536
30498537
30498538
30498539
30498540
30498541
30498542
30498543
30498544
30498545
30499912
30499913
30499914
30499915
30499916
30499917
30499918
30499919
30499920
30499921
30499922
30499923
30499924
30499925
30499926
30499927
30499928
30499929
30499930
30499931
30499932
30499933
30499934
30499935
30499936
30499937
30499938
30499939
30499940
30499941
30499942
30499943
30499944
30499945
30499946
30499947
30499948
30499949
30499950
30499951
30499952
30499953
30499954
30499955
30499956
30499957
30499958
30499959
30499960
30499961
30499962
30499963
30499964
30499965
30499966
30499967
30499968
30499969
30499970
30499971
30499972
30499973
30499974
30499975
30499976
30499977
30499978
30499979
30499980
30499981
30499982
30499983
30499984
30499985
30499986
30499987
30499988
30499989
30499990
30499991
30499992
30499993
30499994
30499995
30499996
30499997
30499998
30499999
30500000
30500001
30500002
30500003
30500004
30500005
30500006
30500007
30500008
30500009
30500010
30500011
30500012
30500013
30500014
30500015
30500016
30500017
30500018
30500019
30500020
30500021
30500022
30500023
30500024
30500025
30500026
30500027
30500028
30500029
30500030
30500031
30500032
30500033
30500034
30500035
30500036
30500037
30500038
30500039
30500040
30500041
30500042
30500043
30500044
30500045
30500046
30500047
30500048
30500049
30500050
30500051
30500052
30500053
30500054
30500055
30500056
30500057
30500058
30500059
30500060
30500061
30500062
30500063
30500064
30500065
30500066
30500067
30500068
30500069
30500070
30500071
30500072
30500073
30500074
30500075
30500076
30500077
30500078
30500079
30500080
30500081
30500082
30500083
30500084
30500085
30500086
30500087
30500088
30500089
30500090
30500091
30500092
30500093
30500094
30500095
30500096
30500097
30500098
30500099
30500100
30500101
30500102
30500103
30500104
30500105
30500106
30500107
30500108
30500109
30500110
30500111
30500112
30500113
30500114
30500115
30500116
30500117
30500118
30500119
30500120
30500121
30500122
30500123
30500124
30500125
30500126
30500127
30500128
30500129
30500130
30500131
30500132
30500133
30500134
30500135
30500136
30500137
30500138
30500139
30500140
30500141
30500142
30500143
30500144
30500145
30500146
30500147
30500148
30500149
30500150
30500151
30500152
30500153
30500154
30500155
30500156
30500157
30500158
30500159
30500160
30500161
30500162
30500163
30500164
30500165
30500166
30500167
30500168
30500169
30500170
30500171
30500172
30500173
30500174
30500175
30500176
30500177
30500178
30500179
30500180
30500181
30500182
30500183
30500184
30500185
30500186
30500187
30500188
30500189
30500190
30500191
30500192
30500193
30500194
30500195
30500196
30500197
30500198
30500199
30500200
30500201
30500202
30500203
30500204
30500205
30500206
30500207
30500208
30500209
30500210
30500211
30500212
30500213
30500214
30500215
30500216
30500217
30500218
30500219
30500220
30500221
30500222
30500223
30500224
30500225
30500226
30500227
30500228
30500229
30500230
30500231
30500232
30500233
30500234
30500235
30500236
30500237
30500238
30500239
30500240
30500241
30500242
30500243
30500244
30500245
30500246
30500247
30500248
30500249
30500250
30500251
30500252
30500253
30500254
30500255
30500256
30500257
30500258
30500259
30500260
30502001
30502002
30502003
30502004
30502005
30502006
30502007
30502008
30502009
30502010
30502011
30502012
30502013
30502014
30502015
30502016
30502017
30502018
30502019
30502020
30502021
30502022
30502023
30502024
30502025
30502026
30502027
30502028
30502029
30502030
30502031
30502032
30502033
30502034
30502035
30502036
30502037
30502038
30502039
30502040
30502041
30502042
30502043
30502044
30502045
30502046
30502047
30502048
30502049
30502050
30502051
30502052
30502053
30502054
30502055
30502056
30502057
30502058
30502059
30502060
30502061
30502062
30502063
30502064
30502065
30502066
30502067
30502068
30502069
30502070
30502071
30502072
30502073
30502074
30502075
30502076
30502077
30502078
30502079
30502080
30502081
30502082
30502083
30502084
30502085
30502086
30502087
30502088
30502089
30502090
30502091
30502092
30502093
30502094
30502095
30502096
30502097
30502098
30502099
30502100
30502101
30502102
30502103
30502104
30502105
30502106
30502107
30502108
30502109
30502110
30502111
30502112
30502113
30502114
30502115
30502116
30502117
30502118
30502119
30502120
30502121
30502122
30502123
30502124
30502125
30502126
30502127
30502128
30502129
30502130
30502131
30502132
30502133
30502134
30502135
30502136
30502137
30502138
30502139
30502140
30502141
30502142
30502143
30503192
30503193
30503194
30503195
30503196
30503197
30503198
30503199
30503200
30503201
30503202
30503203
30503204
30503205
30503206
30503207
30503208
30503209
30503210
30503211
30503212
30503213
30503214
30503215
30503216
30503217
30503218
30503219
30503220
30503221
30503222
30503223
30503224
30503225
30503226
30503227
30503228
30503229
30503230
30503231
30503232
30503233
30503234
30503235
30503236
30503237
30503238
30503239
30503240
30503241
30503242
30503243
30503244
30503245
30503246
30503247
30503248
30503249
30503250
30503251
30503252
30503253
30503254
30503255
30503256
30503257
30503258
30503259
30503260
30503261
30503262
30503263
30503264
30503265
30503266
30503267
30503268
30503269
30503270
30503271
30503272
30503273
30503274
30503275
30503276
30503277
30503278
30503279
30503280
30503281
30503282
30503283
30503284
30503285
30503286
30503287
30503288
30503289
30503290
30503291
30503292
30503293
30503294
30503295
30503296
30503297
30503298
30503299
30503300
30503301
30503302
30503303
30503304
30503305
30503306
30503307
30503308
30503309
30503310
30503311
30503312
30503313
30503314
30503315
30503316
30503317
30503318
30503319
30503320
30503321
30503322
30503323
30503324
30503325
30503326
30503327
30503328
30503329
30503330
30503331
30503332
30503333
30503334
30503335
30503336
30503337
30503338
30503339
30503340
30503341
30503342
30503343
30503344
30503345
30503346
30503347
30503348
30503349
30503350
30503351
30503352
30503353
30503354
30503355
30503356
30503357
30503358
30503359
30503360
30503361
30503362
30503363
30503364
30503365
30503366
30503367
30503368
30503369
30503370
30503371
30503372
30503373
30503374
30503375
30503376
30503377
30503378
30503379
30503380
30503381
30503382
30503383
30503384
30503385
30503386
30503387
30503388
30503389
30503390
30503391
30503392
30503393
30503394
30503395
30503396
30503397
30503398
30503399
30503400
30503401
30503402
30503403
30503404
30503405
30503406
30503407
30503408
30503409
30503410
30503411
30503412
30503413
30503414
30503415
30503416
30503417
30503418
30503419
30503420
30503421
30503422
30503423
30503424
30503425
30503426
30503427
30503428
30503429
30503430
30503431
30503432
30503433
30503434
30503435
30503436
30503437
30503438
30505794
30505795
30505796
30505797
30505798
30505799
30505800
30505801
30505802
30505803
30505804
30505805
30505806
30505807
30505808
30505809
30505810
30505811
30505812
30505813
30505814
30505815
30505816
30505817
30505818
30505819
30505820
30505821
30505822
30505823
30505824
30505825
30505826
30505827
30505828
30505829
30505830
30505831
30505832
30505833
30505834
30505835
30505836
30505837
30505838
30505839
30505840
30505841
30505842
30505843
30505844
30505845
30505846
30505847
30505848
30505849
30505850
30505851
30505852
30505853
30505854
30505855
30505856
30505857
30505858
30505859
30505860
30505861
30505862
30505863
30505864
30505865
30505866
30505867
30505868
30505869
30505870
30505871
30505872
30505873
30505874
30505875
30505876
30505877
30505878
30505879
30505880
30505881
30505882
30505883
30505884
30505885
30505886
30505887
30505888
30505889
30505890
30505891
30505892
30505893
30505894
30505895
30505896
30505897
30505898
30505899
30505900
30505901
30505902
30505903
30505904
30505905
30505906
30505907
30505908
30505909
30505910
30505911
30505912
30505913
30505914
30505915
30505916
30505917
30505918
30505919
30505920
30505921
30505922
30505923
30505924
30505925
30505926
30505927
30505928
30505929
30505930
30505931
30505932
30505933
30505934
30505935
30505936
30505937
30505938
30505939
30505940
30505941
30505942
30505943
30505944
30505945
30505946
30505947
30505948
30505949
30505950
30505951
30505952
30505953
30505954
30505955
30505956
30505957
30505958
30505959
30505960
30505961
30505962
30505963
30505964
30505965
30505966
30505967
30505968
30505969
30505970
30505971
30505972
30505973
