496500
496501
496502
496503
496504
496505
496506
496507
496508
496509
496510
496511
496512
496513
496514
496515
496516
496517
496518
496519
496520
496521
496522
496523
496524
496525
496526
496527
496528
496529
496530
496531
496532
496533
496534
496535
496536
496537
496538
496539
496540
496541
496542
496543
496544
496545
496546
496547
496548
496549
496550
496551
497833
497834
497835
497836
497837
497838
497839
497840
497841
497842
497843
497844
497845
497846
497847
497848
497849
497850
497851
497852
497853
497854
497855
497856
497857
497858
497859
497860
497861
497862
497863
497864
497865
497866
497867
497868
497869
497870
497871
497872
497873
497874
497875
497876
497877
497878
497879
497880
497881
497882
497883
497884
497885
497886
497887
497888
497889
497890
497891
497892
497893
497894
497895
497896
497897
497898
497899
497900
497901
497902
497903
497904
497905
497906
497907
497908
497909
497910
497911
497912
497913
497914
497915
497916
497917
497918
497919
497920
497921
497922
497923
497924
497925
497926
497927
497928
497929
497930
497931
497932
497933
497934
497935
497936
497937
497938
497939
497940
497941
497942
497943
497944
497945
497946
497947
497948
497949
497950
497951
497952
497953
497954
497955
497956
497957
497958
497959
497960
497961
497962
497963
497964
497965
497966
497967
497968
497969
497970
497971
497972
497973
497974
497975
497976
497977
497978
497979
497980
497981
497982
497983
497984
497985
497986
497987
497988
497989
497990
497991
497992
497993
497994
497995
497996
497997
497998
497999
498000
498001
498002
498003
498004
498005
498006
498007
498008
498009
498010
498011
498012
498013
498014
498015
498016
498017
498018
498019
498020
498021
498022
498023
498024
498025
498026
498027
498028
498029
498030
498031
498032
498033
498034
498035
498036
498037
498038
498039
498040
498041
498042
498043
498044
498045
498046
498047
498048
498049
498050
498051
498052
498053
498054
498055
498056
498057
498058
498059
498060
498061
498062
498063
498064
498065
498066
498067
498068
498069
498070
498071
498072
498073
498074
498075
498076
498077
498078
498079
498080
498081
498082
498083
498084
498085
498086
498087
498088
498089
498090
498091
498092
498093
498094
498095
498096
498097
498098
498099
498100
498101
498102
498103
498104
498105
498106
498107
498108
498109
498110
498111
498112
498113
498114
498115
498116
498117
498496
498497
498498
498499
498500
498501
498502
498503
498504
498505
498506
498507
498508
498509
498510
498511
498512
498513
498514
498515
498516
498517
498518
498519
498520
498521
498522
498523
498524
498525
498526
498527
498528
498529
498530
498531
498532
498533
498534
498535
498536
498537
498538
498539
498540
498541
498542
498543
498544
498545
498546
498547
498548
498549
498550
498551
498552
498553
498554
498555
498556
498557
498558
498559
498560
498561
498562
498563
498564
498565
498566
498567
498568
498569
498570
498571
498572
498573
498574
498575
498576
498577
498578
498579
498580
498581
498582
498583
498584
498585
498586
498587
498588
498589
498590
498591
498592
498593
498594
498595
498596
498597
498598
498599
498600
498601
498602
498603
498604
498605
498606
498607
498608
498609
498610
498611
498612
498613
498614
498615
498616
498617
498618
498619
498620
498621
498622
498623
498624
498625
498626
498627
498628
498629
498630
498631
498632
498633
498634
498635
498636
498637
498638
498639
498640
498641
498642
498643
498644
498645
498646
498647
498648
498649
498650
498651
498652
498653
498654
498655
498656
498657
498658
498659
498660
498661
498662
498663
498664
498665
498666
498667
498668
498669
498670
498671
498672
498673
498674
498675
498676
498677
498678
498679
498680
498681
498682
498683
498684
498685
498686
498687
498688
498689
498690
498691
498692
498693
498694
498695
498696
498697
498698
498699
498700
498701
498702
498703
498704
498705
498706
498707
498708
498709
498710
498711
498712
498713
498714
498715
498716
498717
498718
498719
498720
498721
498722
498723
498724
498725
498726
498727
498728
498729
498730
498731
498732
498733
498734
498735
498736
498737
498738
498739
498740
498741
498742
498743
498744
498745
498746
498747
498748
498749
498750
498751
498752
498753
498754
498755
498756
498757
498758
498759
498760
498761
498762
498763
498764
498765
498766
498767
498768
498769
498770
498771
498772
498773
498774
498775
498776
498777
498778
498779
498780
498781
498782
498783
498784
498785
498786
498787
498788
498789
498790
498791
498792
498793
498794
498795
498796
498797
498798
498799
498800
498801
498802
498803
498804
498805
498806
498807
498808
498809
498810
498811
498812
498813
498814
498815
498816
498817
498818
498819
498820
498821
498822
498823
498824
498825
501669
501670
501671
501672
501673
501674
501675
501676
501677
501678
501679
501680
501681
501682
501683
501684
501685
501686
501687
501688
501689
501690
501691
501692
501693
501694
501695
501696
501697
501698
501699
501700
501701
501702
501703
501704
501705
501706
501707
501708
501709
501710
501711
501712
501713
501714
501715
501716
501717
501718
501719
501720
501721
501722
501723
501724
501725
501726
501727
501728
501729
501730
501731
501732
501733
501734
501735
501736
501737
501738
501739
501740
501741
501742
501743
501744
501745
501746
501747
501748
501749
501750
501751
501752
501753
501754
501755
501756
501757
501758
501759
501760
501761
501762
501763
501764
501765
501766
501767
501768
501769
501770
501771
501772
501773
501774
501775
501776
501777
501778
501779
501780
501781
501782
501783
501784
501785
501786
501787
501788
501789
501790
501791
501792
501793
501794
501795
501796
501797
501798
501799
501800
501801
501802
501803
501804
501805
501806
501807
501808
501809
501810
501811
501812
501813
501814
501815
501816
501817
501818
501819
501820
501821
501822
501823
501824
501825
501826
501827
501828
501829
501830
501831
501832
501833
501834
501835
501836
501837
501838
501839
501840
501841
501842
501843
501844
501845
501846
501847
501848
501849
501850
501851
501852
501853
501854
501855
501856
501857
501858
501859
501860
501861
501862
501863
501864
501865
501866
501867
501868
501869
501870
501871
501872
501873
501874
501875
501876
501877
501878
501879
501880
501881
501882
501883
501884
501885
501886
501887
501888
501889
501890
501891
501892
501893
501894
501895
501896
501897
501898
501899
501900
501901
501902
501903
501904
501905
501906
501907
501908
501909
501910
501911
501912
501913
501914
501915
501916
501917
501918
501919
501920
501921
501922
501923
501924
501925
501926
501927
501928
501929
504745
504746
504747
504748
504749
504750
504751
504752
504753
504754
504755
504756
504757
504758
504759
504760
504761
504762
504763
504764
504765
504766
504767
504768
504769
504770
504771
504772
504773
504774
504775
504776
504777
504778
504779
504780
504781
504782
504783
504784
504785
504786
504787
504788
504789
504790
504791
504792
504793
504794
504795
504796
504797
504798
504799
504800
504801
504802
504803
504804
504805
504806
504807
504808
504809
504810
504811
504812
504813
504814
504815
504816
504817
504818
504819
504820
504821
504822
504823
504824
504825
504826
504827
504828
504829
504830
504831
504832
504833
504834
504835
504836
504837
504838
504839
504840
504841
504842
504843
504844
504845
504846
504847
504848
504849
504850
504851
504852
504853
504854
504855
504856
504857
504858
504859
504860
504861
504862
504863
504864
504865
504866
504867
504868
504869
504870
504871
504872
504873
504874
504875
504876
504877
504878
504879
504880
504881
504882
504883
504884
504885
504886
504887
504888
504889
504890
504891
504892
504893
504894
504895
504896
504897
504898
504899
504900
504901
504902
504903
504904
504905
504906
504907
504908
504909
504910
504911
504912
504913
504914
504915
504916
504917
504918
504919
504920
504921
504922
504923
504924
504925
504926
504927
504928
504929
504930
504931
504932
504933
504934
504935
504936
504937
504938
504939
504940
504941
504942
504943
504944
504945
504946
504947
504948
504949
504950
504951
504952
504953
504954
504955
504956
504957
504958
504959
504960
504961
504962
507507
507508
507509
507510
507511
507512
507513
507514
507515
507516
507517
507518
507519
507520
507521
507522
507523
507524
507525
507526
507527
507528
507529
507530
507531
507532
507533
507534
507535
507536
507537
507538
507539
507540
507541
507542
507543
507544
507545
507546
507547
507548
507549
507550
507551
507552
507553
507554
507555
507556
507557
507558
507559
507560
507561
507562
507563
507564
507565
507566
507567
507568
507569
507570
507571
507572
507573
507574
507575
507576
507577
507578
507579
507580
507581
507582
507583
507584
507585
507586
507587
507588
507589
507590
507591
507592
507593
507594
507595
507596
507597
507598
507599
507600
507601
507602
507603
507604
507605
507606
507607
507608
507609
507610
507611
507612
507613
507614
507615
507616
507617
507618
507619
507620
507621
507622
507623
507624
507625
507626
507627
507628
507629
507630
507631
507632
507633
507634
507635
507636
507637
507638
507639
507640
507641
507642
507643
507644
507645
507646
507647
507648
507649
507650
507651
507652
507653
507654
507655
507656
507657
507658
507659
507660
507661
507662
507663
507664
507665
507666
507667
507668
507669
507670
507671
507672
507673
507674
507675
507676
507677
507678
507679
507680
507681
507682
507683
507684
507685
507686
507687
507688
507689
507690
507691
507692
507693
507694
507695
507696
507697
507698
507699
507700
507701
507702
507703
507704
507705
507706
507707
507708
507709
507710
507711
507712
507713
507714
507715
507716
507717
507718
507719
507720
507721
507722
507723
507724
507725
507726
507727
507728
507729
507730
507731
507732
507733
507734
507735
507736
507737
507738
507739
507740
507741
507742
507743
507744
507745
507746
507747
507748
507749
507750
507751
507752
507753
507754
507755
507756
507757
507758
507759
507760
507761
507762
507763
507764
507765
507766
507767
507768
507769
507770
507771
507772
507773
507774
507775
507776
507777
507778
507779
507780
507781
507782
507783
507784
507785
507786
507787
507788
507789
507790
507791
507792
507793
507794
507795
507796
507797
507798
507799
507800
507801
507802
507803
507804
507805
507806
507807
507808
507809
507810
507811
507812
507813
507814
507815
507816
507817
507818
507819
507820
507821
507822
507823
507824
507825
507826
507827
507828
507829
507830
507831
507832
507833
507834
507835
507836
507837
507838
507839
507840
507841
507842
507843
507844
518889
518890
518891
518892
518893
518894
518895
518896
518897
518898
518899
518900
518901
518902
518903
518904
518905
518906
518907
518908
518909
518910
518911
518912
518913
518914
518915
518916
518917
518918
518919
518920
518921
518922
518923
518924
518925
518926
518927
518928
518929
518930
518931
518932
518933
518934
518935
518936
518937
518938
518939
518940
518941
518942
518943
518944
518945
518946
518947
518948
518949
518950
518951
518952
518953
518954
518955
518956
518957
518958
518959
518960
518961
518962
518963
518964
518965
518966
518967
518968
518969
518970
518971
518972
518973
518974
518975
518976
518977
518978
518979
518980
518981
518982
518983
518984
518985
518986
518987
518988
518989
518990
518991
518992
518993
518994
518995
518996
518997
518998
518999
519000
519001
519002
519003
519004
519005
519006
519007
519008
519009
519010
519011
519012
519013
519014
519015
519016
519017
519018
519019
519020
519021
519022
519023
519024
519025
519026
519027
519028
519029
519030
519031
519032
519033
519034
519035
519036
519037
519038
519039
519040
519041
519042
519043
519044
519045
519046
519047
519048
519049
519050
519051
519052
519053
519054
519055
519056
519057
519058
519059
519060
519061
519062
519063
519064
519065
519066
519067
519068
519069
519070
519071
519072
519073
519074
519075
519076
519077
519078
519079
519080
519081
519082
519083
519084
519085
519086
519087
519088
519089
519090
519091
519092
519093
519094
519095
519096
519097
519098
519099
519100
519101
519102
519103
519104
519105
519106
519107
519108
519109
519110
519111
519112
519113
519114
519115
519116
519117
519118
519119
519120
519121
519122
519123
519124
519125
519126
519127
519128
519129
519130
519131
519132
519133
519134
519135
519136
519137
519138
519139
519140
519141
519142
519143
519144
519145
519146
519147
519148
519149
519150
519151
519152
519153
519154
519155
519156
519157
519158
519159
519160
519161
519162
519163
519164
519165
519166
519167
519168
519169
519170
519171
519172
519173
519174
519175
519176
519177
519178
519179
519180
519181
519182
519183
519184
519185
519186
519187
519188
519189
519190
519191
519192
519193
519194
519195
519196
519197
519198
519199
519200
519201
519202
519203
519204
519205
519206
519207
519208
519209
519210
519211
519212
519213
519214
519215
519216
519217
519218
519219
519220
519221
519222
519223
519224
519225
519226
519227
519228
519229
519230
519231
519232
519233
519234
519235
519236
519237
519238
519239
519240
519241
519242
519243
519244
519245
519246
519247
519248
519249
519250
519251
519252
519253
519254
519255
519256
519257
519258
519259
519260
519261
519262
519263
519264
519265
519266
519267
519268
519269
519270
519271
519272
519273
519274
519275
519276
519277
519278
519279
519280
519281
519282
519283
519284
519285
519286
519287
519288
519289
519290
519291
519292
519293
519294
519295
519296
519297
519298
519299
519300
519301
519302
519303
519304
519305
519306
519307
519308
519309
519310
519311
519312
519313
519314
519315
519316
519317
519318
519319
519320
519321
519322
519323
519324
519325
519326
519327
519328
519329
519330
519331
519332
519333
519334
519335
519336
519337
519338
519339
519340
519341
519342
519343
519344
519345
519346
519347
519348
519349
519350
519351
519352
519353
519354
519355
519356
519357
519358
519359
519360
519361
519362
519363
519364
519365
519366
519367
519368
519369
519370
519371
519372
519373
519374
519375
519376
519377
519378
519379
519380
519381
519382
519383
519384
519385
519386
519387
519388
519389
519390
519391
519392
519393
519394
519395
519396
519397
519398
519399
519400
519401
519402
519403
519404
519405
519406
519407
519408
519409
519410
519411
519412
519413
519414
519415
519416
519417
519418
519419
519420
531932
531933
531934
531935
531936
531937
531938
531939
531940
531941
531942
531943
531944
531945
531946
531947
531948
531949
531950
531951
531952
531953
531954
531955
531956
531957
531958
531959
531960
531961
531962
531963
531964
531965
531966
531967
531968
531969
531970
531971
531972
531973
531974
531975
531976
531977
531978
531979
531980
531981
531982
531983
531984
531985
531986
531987
531988
531989
531990
531991
531992
531993
531994
531995
531996
531997
531998
531999
532000
532001
532002
532003
532004
532005
532006
532007
532008
532009
532010
532011
532012
532013
532014
532015
532016
532017
532018
532019
532020
532021
532022
532023
532024
532025
532026
532027
532028
532029
532030
532031
532032
532033
532034
532035
532036
532037
532038
532039
532040
532041
532042
532043
532044
532045
532046
532047
532048
532049
532050
532051
532052
532053
532054
532055
532056
532057
532058
532059
532060
532061
532062
532063
532064
532065
532066
532067
532068
532069
532070
532071
532072
532073
532074
532075
532076
532077
532078
532079
532080
532081
532082
532083
532084
532085
532086
532087
532088
532089
532090
532091
532092
532093
532094
532095
532096
532097
532098
532099
532100
532101
532102
532103
532104
532105
532106
532107
532108
535837
535838
535839
535840
535841
535842
535843
535844
535845
535846
535847
535848
535849
535850
535851
535852
535853
535854
535855
535856
535857
535858
535859
535860
535861
535862
535863
535864
535865
535866
535867
535868
535869
535870
535871
535872
535873
535874
535875
535876
535877
535878
535879
535880
535881
535882
535883
535884
535885
535886
535887
535888
535889
535890
535891
535892
535893
535894
535895
535896
535897
535898
535899
535900
535901
535902
535903
535904
535905
535906
535907
535908
535909
535910
535911
535912
535913
535914
535915
535916
535917
535918
535919
535920
535921
535922
535923
536243
536244
536245
536246
536247
536248
536249
536250
536251
536252
536253
536254
536255
536256
536257
536258
536259
536260
536261
536262
536263
536264
536265
536266
536267
536268
536269
536270
536271
536272
536273
536274
536275
536276
536277
536278
536279
536280
536281
536282
536283
536284
536285
536286
536287
536288
536289
536290
536291
536292
536293
536294
536295
536296
536297
536298
536299
536300
536301
536302
536303
536304
536305
536306
536307
536308
536309
536310
536311
536312
536313
536314
536315
536316
536317
536318
536319
536320
536321
536322
536323
536324
536325
536326
536327
536328
536329
536330
536331
536332
536333
536334
536335
536336
536337
536338
536339
536340
537013
537014
537015
537016
537017
537018
537019
537020
537021
537022
537023
537024
537025
537026
537027
537028
537029
537030
537031
537032
537033
537034
537035
537036
537037
537038
537039
537040
537041
537042
537043
537044
537045
537046
537047
537048
537049
537050
537051
537052
537053
537054
537055
537056
537057
537058
537059
537060
537061
537062
537063
537064
537065
537066
537067
537068
537069
537070
537071
537072
537073
537074
537075
537076
537077
537078
537079
537080
537081
537082
537083
537084
537085
537086
537087
537088
537089
537090
537091
537092
537093
537094
537095
537096
537097
537098
537099
537100
537101
537102
537103
537104
537105
537106
537107
537108
537109
537110
537111
537112
537113
537114
537115
537116
537117
537118
537119
537120
537121
537122
537123
537124
537125
537126
537127
537128
537129
537130
537131
537132
537133
537134
537135
537136
537137
537138
537139
537140
537141
537142
537143
537144
537145
537146
537147
541339
541340
541341
541342
541343
541344
541345
541346
541347
541348
541349
541350
541351
541352
541353
541354
541355
541356
541357
541358
541359
541360
541361
541362
541363
541364
541365
541366
541367
541368
541369
541370
541371
541372
541373
541374
541375
541376
541377
541378
541379
541380
541381
541382
541383
541384
541385
541386
541387
541388
541389
541390
541391
541392
541393
541394
541395
541396
541397
541398
541399
541400
541401
541402
541403
541404
541405
541406
541407
541408
541409
541410
541411
541412
541413
541414
541415
541416
541417
541418
541419
541420
541421
541422
541423
541424
541425
541426
541427
541428
541429
541430
541431
541432
541433
541434
541435
541436
541437
541438
541439
541440
541441
541442
541443
541444
541445
541446
541447
541448
541449
541450
541451
541452
541453
541454
541455
541456
541457
541458
541459
541460
541461
541462
541463
541464
541465
541466
541467
541468
541469
541470
541471
541472
541473
541474
541475
541476
541477
541478
541479
541480
541481
541482
541483
541484
541485
541486
541487
541488
541489
541490
541491
541492
541493
541494
541495
541496
541497
541498
541499
541500
541501
541502
541503
541504
541505
541506
541507
541508
541509
541510
541511
541512
541513
541514
541515
541516
541517
541518
541519
541520
541521
541522
541523
541524
541525
541526
541527
541528
541529
541530
541531
541532
541533
541534
541535
541536
541537
541538
541539
541540
541541
541542
541543
541544
541545
541546
541547
541548
541549
544072
544073
544074
544075
544076
544077
544078
544079
544080
544081
544082
544083
544084
544085
544086
544087
544088
544089
544090
544091
544092
544093
544094
544095
544096
544097
544098
544099
544100
544101
544102
544103
544104
544105
544106
544107
544108
544109
544110
544111
544112
544113
544114
544115
544116
544117
544118
544119
544120
544121
544122
544123
544124
544125
544126
547280
547281
547282
547283
547284
547285
547286
547287
547288
547289
547290
547291
547292
547293
547294
547295
547296
547297
547298
547299
547300
547301
547302
547303
547304
547305
547306
547307
547308
547309
547310
547311
547312
547313
547314
547315
547316
547317
547318
547319
547320
547321
547322
547323
547324
547325
547326
547327
547328
547329
547330
547331
547332
547333
547334
547335
547336
547337
547338
547339
547340
547341
547342
547343
547344
547345
547346
547347
547348
547349
547350
547351
547352
547353
547354
547355
547356
547357
547358
547359
547360
547361
547362
547363
547364
547365
547366
547367
547368
547369
547370
547371
547372
547373
547374
547375
547376
547377
547378
547379
547380
547381
547382
547383
547384
547385
547386
547387
547388
547389
547390
547391
547392
547393
547394
547395
547396
547397
547398
547399
547400
547401
547402
547403
547404
547405
547406
547407
547408
547409
547410
547411
547412
547413
547414
547415
547416
547417
547418
547419
547420
547421
547422
547423
547424
547425
547426
547427
547428
547429
547430
547431
547432
547433
547434
547435
547436
548542
548543
548544
548545
548546
548547
548548
548549
548550
548551
548552
548553
548554
548555
548556
548557
548558
548559
548560
548561
548562
548563
548564
548565
548566
548567
548568
548569
548570
548571
548572
548573
548574
548575
548576
548577
548578
548579
548580
548581
548582
548583
548584
548585
548586
548587
548588
548589
548590
548591
548592
548593
548594
548595
548596
548597
548598
548599
548600
548601
548602
548603
548604
548605
548606
548607
548608
548609
548610
548611
548612
548613
548614
548615
548616
548617
548618
548619
548620
548621
548622
548623
548624
548625
548626
548627
548628
548629
548630
548631
548632
548633
548634
548635
548636
548637
548638
548639
548640
548641
548642
548643
548644
548645
548646
548647
548648
548649
548650
548651
548652
548653
548654
548655
548656
548657
548658
548659
548660
548661
548662
548663
548664
548665
548666
548667
548668
548669
548670
548671
548672
548673
548674
548675
548676
548677
548922
548923
548924
548925
548926
548927
548928
548929
548930
548931
548932
548933
548934
548935
548936
548937
548938
548939
548940
548941
548942
548943
548944
548945
548946
548947
548948
548949
548950
548951
548952
548953
548954
548955
548956
548957
548958
548959
548960
548961
548962
548963
548964
548965
548966
548967
548968
548969
548970
548971
548972
548973
548974
548975
548976
548977
548978
548979
548980
548981
548982
548983
548984
548985
548986
548987
548988
548989
548990
548991
548992
548993
548994
548995
548996
548997
548998
548999
549000
549001
549002
549003
549004
549005
549006
549007
549008
549009
549010
549011
549012
549013
549014
549015
549016
549017
549018
549019
549020
549021
549022
549023
549024
549025
549026
549027
549028
549029
549030
549031
549032
549033
549034
549035
549036
549037
549038
549039
549040
549041
549042
549043
549044
549045
549046
549047
549048
549049
549050
549051
549052
549053
549054
549055
549056
549057
549058
549059
549060
549061
549062
549063
549064
549065
549066
549067
549068
549069
549070
549071
549072
549073
549074
549075
549076
549077
549078
549079
549080
549081
549082
549083
549084
549085
549086
549087
549088
549089
549090
549091
549092
549093
549094
549095
549096
549097
549098
549099
549100
549101
549102
549103
549104
549105
549106
549107
549108
549109
549110
549111
549112
549113
549114
549115
549116
549117
549118
549119
549120
549121
549122
549123
549124
549125
549126
549127
549128
549129
549130
549131
549132
549133
549134
549135
549136
549137
549138
549139
549140
549141
549142
549143
549144
549145
549146
549147
549148
549149
549150
549151
549152
549153
549154
549155
549156
549157
549158
549159
549160
549161
549162
549163
549164
549165
549166
549167
549168
549169
549170
549171
549172
549173
549174
549175
549176
549177
549178
549179
549180
549181
549182
549183
549184
549185
549630
549631
549632
549633
549634
549635
549636
549637
549638
549639
549640
549641
549642
549643
549644
549645
549646
549647
549648
549649
549650
549651
549652
549653
549654
549655
549656
549657
549658
549659
549660
549661
549662
549663
549664
549665
549666
549667
549668
549669
549670
549671
549672
549673
549674
549675
549676
549677
549678
549679
549680
549681
549682
549683
549684
549685
549686
549687
549688
549689
549690
549691
549692
549693
549694
549695
549696
549697
549698
549699
549700
549701
549702
549703
549704
549705
549706
549707
549708
549709
549710
549711
549712
549713
549714
549715
549716
549717
549718
549719
549720
549721
549722
549723
549724
549725
549726
549727
549728
549729
549730
549731
549732
549733
549734
549735
549736
549737
549738
549739
549740
549741
549742
549743
549744
549745
549746
549747
549748
549749
549750
549751
549752
549753
549754
549755
549756
549757
549758
549759
549760
549761
549762
549763
549764
549765
549766
549767
549768
549769
549770
549771
549772
549773
549774
549775
549776
549777
549778
549779
549780
549781
549782
549783
549784
549785
549786
549787
549788
572635
572636
572637
572638
572639
572640
572641
572642
572643
572644
572645
572646
572647
572648
572649
572650
572651
572652
572653
572654
572655
572656
572657
572658
572659
572660
572661
572662
572663
572664
572665
572666
572667
572668
572669
572670
572671
572672
572673
572674
572675
572676
572677
572678
572679
572680
572681
572682
572683
572684
572685
572686
572687
572688
572689
572690
572691
572692
572693
572694
572695
572696
572697
572698
572699
572700
572701
577774
577775
577776
577777
577778
577779
577780
577781
577782
577783
577784
577785
577786
577787
577788
577789
577790
577791
577792
577793
577794
577795
577796
577797
577798
577799
577800
577801
577802
577803
577804
577805
577806
577807
577808
577809
577810
577811
577812
577813
577814
577815
577816
577817
577818
577819
577820
577821
577822
577823
577824
577825
577826
577827
577828
577829
577830
577831
577832
577833
577834
577835
577836
577837
577838
577839
577840
577841
577842
577843
577844
577845
577846
577847
577848
577849
577850
577851
577852
577853
577854
577855
577856
577857
577858
577859
577860
577861
577862
577863
577864
577865
577866
577867
577868
577869
577870
577871
577872
577873
577874
577875
577876
577877
577878
577879
577880
577881
577882
577883
577884
577885
577886
577887
577888
577889
577890
577891
577892
577893
577894
577895
577896
577897
577898
577899
577900
577901
577902
577903
577904
577905
577906
577907
577908
577909
577910
577911
577912
577913
577914
577915
577916
577917
577918
577919
577920
577921
577922
577923
577924
577925
577926
577927
577928
577929
577930
577931
577932
577933
577934
577935
577936
577937
577938
577939
577940
577941
577942
577943
577944
577945
577946
577947
577948
577949
577950
577951
577952
577953
577954
577955
577956
577957
577958
577959
577960
577961
577962
577963
577964
577965
577966
577967
577968
577969
577970
577971
577972
577973
577974
577975
577976
577977
577978
577979
577980
577981
577982
577983
577984
577985
577986
577987
577988
577989
577990
577991
577992
577993
577994
577995
577996
577997
577998
577999
578000
578001
578002
578003
578004
578005
578006
578007
578008
578009
578010
578011
578012
578013
578014
578015
578016
578017
578018
578019
578020
578021
578022
578023
578024
578025
578026
578027
578028
578029
578030
578031
578032
578033
578034
578035
578036
578037
578038
578039
578040
578041
578042
578043
578044
578045
578046
578047
578048
578049
578050
578051
578052
578053
578054
578055
578056
578057
578058
578059
578060
578061
578062
578063
578064
578065
578066
578067
578068
578069
578070
578071
578072
578073
578074
578075
578076
578077
578078
578079
578080
578081
578082
578083
578084
578085
578086
578087
578088
578089
578090
578091
578092
578093
578094
578095
578096
578097
578098
578099
578100
578101
578102
578103
578104
578105
578106
578107
578108
578109
578110
578111
578112
578113
578114
578115
578116
578117
578118
578119
578120
578121
579500
579501
579502
579503
579504
579505
579506
579507
579508
579509
579510
579511
579512
579513
579514
579515
579516
579517
579518
579519
579520
579521
579522
579523
579524
579525
579526
579527
579528
579529
579530
579531
579532
579533
579534
579535
579536
579537
579538
579539
579540
579541
579542
579543
579544
579545
579546
579547
579548
579549
579550
579551
579552
579553
579554
579555
579556
579557
579558
579559
579560
579561
579562
579563
579564
579565
579566
579567
579568
579569
579570
579571
579572
579573
579574
579575
579576
579577
579578
579579
579580
579581
579582
579583
579584
579585
579586
579587
579588
579589
579590
579591
579592
579593
579594
579595
579596
579597
579598
579599
579600
579601
579602
579603
579604
579605
579606
579607
579608
579609
579610
579611
579612
579613
579614
579615
579616
579617
579618
579619
579620
579621
579622
579623
579624
579625
579626
579627
579628
579629
579630
579631
579632
579633
579634
579635
579636
579637
579638
579639
579640
579641
579642
579643
579644
579645
579646
579647
579648
579649
579650
579651
579652
579653
579654
579655
579656
580379
580380
580381
580382
580383
580384
580385
580386
580387
580388
580389
580390
580391
580392
580393
580394
580395
580396
580397
580398
580399
580400
580401
580402
580403
580404
580405
580406
580407
580408
580409
580410
580411
580412
580413
580414
580415
580416
580417
580418
580419
580420
580421
580422
580423
580424
580425
580426
580427
580428
580429
580430
580431
580432
580433
580434
580435
580436
580437
580438
580439
580440
580441
580442
580443
580444
580445
580446
580447
580448
580449
580450
580451
580452
580453
580454
580455
580456
580457
580458
580459
580460
580461
580646
580647
580648
580649
580650
580651
580652
580653
580654
580655
580656
580657
580658
580659
580660
580661
580662
580663
580664
580665
580666
580667
580668
580669
580670
580671
580672
580673
580674
580675
580676
580677
580678
580679
580680
580681
580682
580683
580684
580685
580686
580687
580688
580689
580690
580691
580692
580693
580694
580695
580696
580697
580698
580699
580700
580701
580702
580703
580704
580705
580706
580707
580708
580709
580710
580711
580712
580713
580714
580715
580716
580717
580718
580719
580720
580721
580722
580723
580724
580725
580726
580727
580728
580729
580730
580731
580732
580733
580734
580735
580736
580737
580738
580739
580740
580741
580742
580743
580744
580745
580746
580747
580748
580749
580750
580751
580752
580753
580754
580755
580756
580757
580758
580759
580760
580761
580762
580763
580764
580765
580766
580767
580768
580769
580770
580771
580772
580773
580774
580775
580776
580777
580778
580779
580780
580781
580782
581315
581316
581317
581318
581319
581320
581321
581322
581323
581324
581325
581326
581327
581328
581329
581330
581331
581332
581333
581334
581335
581336
581337
581338
581339
581340
581341
581342
581343
581344
581345
581346
581347
581348
581349
581350
581351
581352
581353
581354
581355
581356
581357
581358
581359
581360
581361
581362
581363
581364
581365
581366
581367
581368
581369
581370
581371
581372
581373
581374
581375
581376
581377
581378
581379
581380
581381
581382
581383
581384
581385
581386
581387
581388
581389
581390
581391
581392
581393
581394
581395
581396
581397
581398
581399
581400
581401
581402
581403
581404
581405
581406
581407
581408
581409
581410
581411
581412
581413
581414
581415
581416
581417
581418
581419
581420
581421
581422
581423
581424
581425
581426
581427
581428
581429
581430
581431
581432
581433
581434
581435
581436
581437
581438
581439
581440
581441
581442
581443
581444
581445
581446
581447
581448
581449
581450
581451
581452
581453
581454
581455
581456
581457
581458
581459
581460
581461
581462
581463
581464
581465
581466
581467
581468
581469
581470
581471
581472
581473
581474
581475
581476
581477
581478
581479
581480
581481
581482
581483
581484
581485
581486
581487
581488
581489
581490
581491
581492
581493
581494
581495
581496
581497
581498
581499
581500
581501
581502
581503
581504
581505
581506
581507
581508
581509
581510
581511
581512
581513
581514
581515
581516
581517
581518
581519
581520
581521
581522
581523
581524
581525
581526
581527
581528
581529
581530
581531
581532
581533
581534
581535
581536
581537
581538
581539
581540
581541
581542
581543
581544
581545
581546
581547
581548
581549
581550
581551
581552
581553
581554
581555
581556
581557
581558
581559
581560
581561
581562
581563
581564
581565
581566
581567
581568
581569
581570
581571
581572
581573
581574
581575
581576
581577
581578
581579
581580
581581
581582
581583
581584
581585
581586
581587
581588
581589
581590
581591
582306
582307
582308
582309
582310
582311
582312
582313
582314
582315
582316
582317
582318
582319
582320
582321
582322
582323
582324
582325
582326
582327
582328
582329
582330
582514
582515
582516
582517
582518
582519
582520
582521
582522
582523
582524
582525
582526
582527
582528
582529
582530
582531
582532
582533
582534
582535
582536
582537
582538
582539
582540
582541
582542
582543
582544
582545
582546
582547
582548
582549
582550
582551
582552
582553
582554
582555
582556
582557
582558
582559
582560
582561
582562
582563
582564
582565
582566
582567
582568
582569
582570
582571
582572
582573
582574
589946
589947
589948
589949
589950
589951
589952
589953
589954
589955
589956
589957
589958
589959
589960
589961
589962
589963
589964
589965
589966
589967
589968
589969
589970
589971
589972
589973
589974
589975
589976
589977
589978
589979
589980
589981
589982
589983
589984
589985
589986
589987
589988
589989
589990
589991
589992
589993
589994
589995
589996
589997
589998
589999
590000
590001
590002
590003
590004
590005
590006
590007
590008
590009
590010
590011
590012
590013
590014
590015
590016
590017
590018
590019
590020
590021
590022
590023
590024
590025
590026
590027
590028
590029
590030
590031
590032
590033
590034
590035
590036
590037
590038
590039
590040
590041
590042
590043
590044
590045
590046
590047
590048
590049
590050
590051
590052
590053
590054
590055
590056
590057
590058
590059
590060
590061
590062
590063
590064
590065
590066
590067
590068
590069
590070
590071
590072
590073
590074
590075
590076
590077
590078
590079
590080
590081
590082
590083
590084
590085
590086
590087
590088
590089
590090
590091
590092
590093
590094
590095
590096
590097
590098
590099
590100
590101
590102
590103
590104
590105
590106
590107
590108
590109
590110
590111
590112
590113
590114
590115
590116
590117
590118
590119
590120
590121
590122
590123
590124
590125
590126
590127
590128
590129
590130
590131
590132
590133
590134
590135
590136
590137
590138
590139
590140
590141
590142
590143
590144
590145
590146
590147
590148
590149
590150
590151
590152
590153
590154
590155
590156
590157
590158
590159
590160
590161
590162
590163
590164
590165
590166
590167
590168
590169
590170
590171
590172
590173
590174
590175
590176
590177
590178
590179
590180
590181
590182
590183
590184
590185
590186
590187
590188
590189
590190
590191
590192
590193
590194
590195
590196
590197
590198
590199
590200
590201
590202
590203
590204
590205
590206
590207
590208
590209
590210
590211
590212
590213
590214
590215
590216
590217
590218
590219
590220
590221
590222
590223
590224
590225
590226
590227
590228
590229
590230
590231
590232
590233
590234
590235
590236
590237
590238
590239
590240
590241
590242
590243
590244
590245
590246
590247
590248
590249
590250
590251
590252
590253
590254
590255
590256
590257
590258
590259
590260
590261
590262
590263
590264
590265
590266
590267
590268
590269
590270
590271
590272
590273
590274
590275
590276
590277
590278
590279
590280
590281
590282
590283
590284
590285
590286
590287
590288
590289
590290
590291
590292
590293
590294
590295
590296
590297
590298
590299
590300
590301
590302
590303
590304
590305
590306
590307
590308
590309
590310
590311
590312
590313
590314
590315
590316
590317
590318
590319
590320
590321
590322
590323
590324
590325
590326
590327
590328
590329
590330
590331
590332
590333
590334
590335
590336
590337
590338
590339
590340
590341
590342
590343
590344
590345
590346
590347
590348
590349
590350
590351
590352
590353
590354
590355
590356
590357
590358
590359
590360
590361
590362
590363
590364
590365
590366
590367
590368
590369
590370
590371
590372
590373
590374
590375
590376
590377
590378
590379
590380
590381
590382
590383
590384
590385
590386
590387
590388
590389
590390
590391
590392
590393
590394
590395
590396
590397
590398
590399
590400
590401
590402
590403
590404
590405
590406
590407
590408
590409
590410
590411
590412
590413
590414
590415
590416
590417
590418
590419
590420
590421
590422
590423
590424
590425
590426
590427
590428
590429
590430
590431
590432
590433
590434
590435
590436
590437
590438
590439
590440
590441
590442
590443
590444
590445
590446
590447
590448
590449
590450
590451
590452
590453
590454
590455
590456
590457
590458
590459
590460
590461
590462
590463
590464
590465
590466
590467
590468
590469
590470
590471
590472
590473
590474
590475
590476
590477
590478
590479
590480
590481
590482
590483
590484
590485
590486
590487
590488
590489
590490
590491
590492
590493
590494
590495
590496
590497
590498
590499
590500
590501
590502
590503
590504
590505
590506
590507
590508
590509
590510
590511
590512
590513
590514
590515
590516
590517
590518
590519
590520
590521
590522
590523
590524
590525
590526
590527
590528
590529
590530
590531
590532
590533
590534
590535
590536
590537
590538
590539
590540
590541
590542
590543
590544
590545
590546
590547
590548
590549
590550
590551
590552
590553
590554
590555
590556
590557
590558
590559
590560
590561
590562
590563
590564
590565
590566
590567
590568
590569
590570
590571
590572
590573
590574
590575
590576
590577
603544
603545
603546
603547
603548
603549
603550
603551
603552
603553
603554
603555
603556
603557
603558
603559
603560
603561
603562
603563
603564
603565
603566
603567
603568
603569
603570
603571
603572
603573
603574
603575
603576
603577
603578
603579
603580
603581
603582
603583
603584
603585
603586
603587
603588
603589
603590
603591
603592
603593
603594
603595
603596
603597
603598
603599
603600
603601
603602
603603
603604
603605
603606
603607
603608
603609
603610
603611
603612
603613
603614
603615
603616
603617
603618
603619
603620
603621
603622
603623
603624
603625
603626
603627
603628
603629
603630
603631
603632
603633
603634
603635
603636
603637
603638
603639
603640
603641
603642
603643
603644
603645
603646
603647
603648
603649
603650
603651
603652
603653
603654
603655
603656
603657
603658
603659
603660
603661
603662
603663
603664
603665
603666
603667
603668
603669
603670
603671
603672
603673
603674
603675
603676
603677
603678
603679
603680
603681
603682
603683
603684
603685
603686
603687
603688
603689
603690
603691
603692
603693
603694
603695
603696
603697
603698
603699
603700
603701
603702
603703
603704
603705
603706
603707
603708
603709
603710
603711
603712
603713
603714
603715
603716
603717
603718
603719
603720
603721
603722
603723
603724
603725
603726
603727
603728
603729
603730
603731
603732
603733
603734
603735
603736
603737
603738
603739
603740
603741
603742
603743
603744
603745
603746
603747
603748
603749
603750
603751
603752
603753
603754
603755
603756
603757
603758
603759
603760
603761
603762
603763
603764
603765
603766
603767
603768
603769
603770
603771
603772
603773
603774
603775
603776
603777
603778
603779
603780
603781
603782
603783
603784
603785
603786
603787
603788
603789
603790
603791
603792
603793
603794
603795
603796
603797
603798
603799
603800
603801
603802
603803
603804
603805
603806
603807
603808
603809
603810
603811
603812
603813
603814
603815
603816
603817
603818
603819
603820
603821
603822
603823
603824
603825
603826
603827
603828
603829
603830
603831
603832
603833
603834
603835
603836
603837
603838
603839
603840
603841
603842
603843
603844
603845
603846
603847
603848
603849
603850
603851
603852
603853
603854
603855
603856
603857
603858
603859
603860
603861
603862
603863
603864
603865
603866
603867
603868
603869
603870
603871
603872
603873
603874
603875
603876
603877
603878
603879
603880
603881
603882
603883
603884
603885
603886
603887
603888
603889
603890
603891
603892
603893
603894
603895
603896
603897
603898
603899
603900
603901
603902
603903
603904
603905
603906
603907
603908
603909
603910
603911
603912
603913
603914
603915
603916
603917
603918
603919
603920
603921
603922
603923
603924
603925
603926
603927
603928
603929
603930
603931
603932
603933
603934
603935
603936
603937
603938
603939
603940
603941
603942
603943
603944
603945
603946
603947
603948
603949
603950
603951
603952
603953
603954
603955
603956
603957
603958
603959
603960
603961
603962
603963
603964
603965
603966
603967
605061
605062
605063
605064
605065
605066
605067
605068
605069
605070
605071
605072
605073
605074
605075
605076
605077
605078
605079
605080
605081
605082
605083
605084
605085
605086
605087
605088
605089
605090
605091
605092
605093
605094
605095
605096
605097
605098
605099
605100
605101
605102
605103
605104
605105
605106
605107
605108
605109
605110
605111
605112
605113
605114
605115
605116
605117
605118
605119
605120
605121
605122
605123
605124
605125
605126
605127
605128
605129
605130
605131
605132
605133
605134
605135
605136
605137
605138
605139
605140
605141
605142
605143
605144
605145
605146
605147
605148
605149
605150
605151
605152
605153
605154
605155
605156
605157
605158
605159
605160
605161
605162
605163
605164
605165
605166
605167
605168
605169
605170
605171
605172
605173
605174
605175
605176
605177
605178
605179
605180
605181
605182
605183
605184
605185
605186
605187
605188
605189
605190
605191
605192
605193
605194
605195
605196
605197
605198
605199
605200
605201
605202
605203
605204
605205
605206
605207
605208
605209
605210
605211
605212
605213
605214
605215
605216
605217
605218
605219
605220
605221
605222
607964
607965
607966
607967
607968
607969
607970
607971
607972
607973
607974
607975
607976
607977
607978
607979
607980
607981
607982
607983
607984
607985
607986
607987
607988
607989
607990
607991
607992
607993
607994
607995
607996
607997
607998
607999
608000
608001
608002
608003
608004
608005
608006
608007
608008
608009
608010
608011
608012
608013
608014
608015
608016
608017
608018
608019
608020
608021
608022
608023
608024
608025
608026
608027
608028
608029
608030
608031
608032
608033
608034
608035
608036
608037
608038
608039
608040
608041
608042
608043
608044
608045
608046
608047
608048
608049
608050
608051
608052
608053
608054
608055
608056
608057
608058
608059
608060
608061
608062
608063
608064
608065
608066
608067
608068
608069
608070
608071
608072
608073
608074
608075
608076
608077
608078
608079
608080
608081
608082
608083
608084
608085
608086
608087
608088
608089
608090
608091
608092
608093
608094
608095
608096
608097
608098
608099
608100
608101
608102
608103
608104
608105
608106
608107
608108
608109
608110
608111
608112
608113
608114
608115
608116
608117
608118
608119
608120
608121
608122
608123
608124
608125
608126
608127
608128
608129
608130
608131
608132
608133
608134
608135
608136
608137
608138
608139
608140
608141
608142
608143
608144
608145
608146
608147
608148
608149
608150
608151
608152
608153
608154
608155
608156
608157
608158
608159
608160
608161
608162
608163
608164
608165
608166
608167
608168
608169
608170
608171
608172
608173
608174
608175
608176
608177
608178
608179
608180
608181
608182
610259
610260
610261
610262
610263
610264
610265
610266
610267
610268
610269
610270
610271
610272
610273
610274
610275
610276
610277
610278
610279
610280
610281
610282
610283
610284
610285
610286
610287
610288
610289
610290
610291
610292
610293
610294
610295
610296
610297
610298
610299
610300
610301
610302
610303
610304
610305
610306
610307
610308
610309
610310
610311
610312
610313
610314
610315
610316
610317
610318
610319
610320
610321
610322
610323
610324
610325
610326
610327
610328
610329
610330
610331
610332
610333
610334
610335
610336
610337
610338
610339
610340
610341
610342
610343
610344
610345
610346
610347
610348
610349
610350
610351
610352
610353
610354
610355
610356
610357
610358
610359
610360
610361
610362
610363
610364
610365
610366
610367
610368
610369
610370
610371
610372
610373
610374
610375
610376
610377
610378
610379
610380
610381
610382
610383
610384
610385
610386
610387
610388
610389
610390
610391
610392
610393
610394
610395
610396
610397
610398
610399
610400
610401
610402
610403
610404
610405
613248
613249
613250
613251
613252
613253
613254
613255
613256
613257
613258
613259
613260
613261
613262
613263
613264
613265
613266
613267
613268
613269
613270
613271
613272
613273
613274
613275
613276
613277
613278
613279
613280
613281
613282
613283
613284
613285
613286
613287
613288
613289
613290
613291
613292
613293
613294
613295
613296
613297
613298
613299
613300
613301
613302
613303
613304
613305
613306
613307
613308
613309
613310
613311
613312
613313
613314
613315
613316
613317
613318
613319
613320
613321
613322
613323
613324
613325
613326
613327
613328
613329
613330
613331
613332
613333
613334
613335
613336
613337
613338
613339
613340
613341
613342
613343
613344
613345
613346
613347
613348
613349
613350
613351
613352
613353
613354
613355
613356
613357
613358
613359
613360
613361
613362
613363
613364
613365
613366
613367
613368
613369
613370
613371
613372
613373
613374
613375
613376
613377
613378
613379
613380
613381
613382
613383
613384
613385
613386
613387
613388
613389
613390
613391
613392
613393
613394
613395
613396
613397
613398
613399
613400
613401
613402
613403
613404
613405
613406
613407
613408
613409
613410
613411
613412
613413
613414
613415
613416
613417
613418
613419
613420
613421
613422
613423
613424
613425
613426
613427
613428
613429
613430
613431
613432
613433
613434
613435
613436
613437
613438
613439
613440
613441
613442
613443
613444
613445
613446
613447
613448
613449
613450
613451
613452
613453
613454
613455
613456
613457
613458
613459
613460
613461
613462
613463
613464
613465
613466
613467
613468
613469
613470
613471
613472
613473
613474
613475
613476
613477
613478
613479
613480
613481
613482
613483
613484
613485
613486
613487
613488
613852
613853
613854
613855
613856
613857
613858
613859
613860
613861
613862
613863
613864
613865
613866
613867
613868
613869
613870
613871
613872
613873
613874
613875
613876
613877
613878
613879
613880
613881
613882
613883
613884
613885
613886
613887
613888
613889
613890
613891
613892
613893
613894
613895
613896
613897
613898
613899
613900
613901
613902
613903
613904
613905
613906
613907
613908
613909
613910
613911
613912
613913
613914
613915
613916
613917
613918
613919
613920
613921
613922
613923
613924
613925
613926
613927
613928
613929
613930
613931
613932
613933
613934
613935
613936
613937
613938
613939
613940
613941
613942
613943
613944
613945
613946
613947
613948
613949
613950
613951
613952
613953
613954
613955
613956
613957
613958
613959
613960
613961
613962
613963
613964
613965
613966
613967
613968
613969
613970
613971
613972
613973
613974
613975
613976
613977
613978
613979
613980
613981
613982
613983
613984
613985
613986
613987
613988
613989
613990
613991
613992
613993
613994
613995
613996
613997
613998
613999
614000
614001
614002
614003
614004
614005
614006
614007
614008
614009
614010
614011
614012
614013
614014
614015
614016
615795
615796
615797
615798
615799
615800
615801
615802
615803
615804
615805
615806
615807
615808
615809
615810
615811
615812
615813
615814
615815
615816
615817
615818
615819
615820
615821
615822
615823
615824
615825
615826
615827
615828
615829
615830
615831
615832
615833
615834
615835
615836
615837
615838
615839
615840
615841
615842
615843
615844
615845
615846
615847
615848
615849
615850
615851
615852
615853
615854
615855
615856
615857
615858
615859
615860
615861
615862
615863
615864
615865
615866
615867
615868
615869
615870
615871
615872
615873
615874
615875
615876
615877
615878
615879
615880
615881
615882
615883
615884
615885
615886
615887
615888
615889
615890
615891
615892
615893
615894
615895
615896
615897
615898
615899
615900
615901
615902
615903
615904
615905
615906
615907
615908
615909
615910
615911
615912
615913
615914
615915
615916
615917
615918
615919
615920
615921
615922
615923
615924
615925
615926
615927
615928
615929
615930
615931
615932
615933
615934
615935
615936
615937
615938
615939
615940
615941
615942
615943
615944
615945
615946
615947
615948
615949
615950
615951
615952
615953
615954
615955
615956
615957
615958
615959
615960
615961
615962
615963
615964
615965
615966
615967
615968
615969
615970
615971
615972
615973
615974
615975
615976
615977
615978
615979
615980
615981
615982
615983
615984
615985
615986
615987
615988
615989
615990
615991
615992
615993
615994
615995
615996
615997
615998
615999
616000
616001
616002
616003
616004
616005
616006
616007
616008
616009
616010
616011
616012
616013
616014
616015
616016
616017
616018
616019
616020
616021
616022
616023
616024
616025
616026
616027
616028
616029
616030
616031
616032
616033
616034
616035
616036
616037
616038
616039
616040
616041
616042
616043
616044
616045
616046
616047
616048
616049
616050
616051
616052
616053
616054
616055
616056
616057
616058
616059
616060
616061
616062
616063
616064
616065
616066
616067
616068
616069
616070
616071
616072
616073
616074
616075
616076
616077
616078
616079
616080
616081
616082
616083
616084
616085
616086
616087
616088
616089
616090
616091
616092
616093
616094
616095
616096
616097
616098
616099
616100
616101
616102
616103
616104
616105
616106
616107
616108
616109
616110
616111
616112
616113
616114
616115
616116
616117
616118
616119
616120
616121
616122
616123
616124
616125
616126
616127
616128
616129
616130
616131
616132
616133
616134
616135
616136
616137
616138
616139
616140
616141
616142
616143
616144
616145
616146
616147
616148
616149
616150
616151
616152
616153
616154
616155
616156
616157
616158
616159
616160
616161
616162
616163
616164
616165
616166
616167
616168
616169
616170
616171
616172
616173
616174
616175
616176
616177
616178
616179
616180
616181
616182
616183
616184
616185
616186
616187
616188
616189
616190
616191
616192
616193
616194
616195
616196
616197
616198
616199
616200
616201
616202
616203
616204
616205
616206
616207
616208
616209
616210
616211
616212
616213
616214
616215
616216
616217
616218
616219
616220
616221
616222
616223
616224
616225
616226
616227
616228
616229
616230
616231
616232
616233
616234
616235
616236
616237
616238
616239
616240
616241
616242
616243
616244
616245
616246
616247
616248
616249
616250
616251
616252
616253
616254
616255
616256
616257
616258
616259
616260
616261
616262
616263
616264
616265
616266
616267
616268
616269
616270
616271
616272
616273
616274
616275
616276
616277
616278
616279
616280
616281
616282
616283
616284
616285
616286
616287
616288
616289
616290
616291
616292
616293
616294
616295
616296
616297
616298
616299
616300
616301
616302
616303
616304
616305
616306
616307
616308
616309
616310
616311
616312
616313
616314
616315
616316
616317
616318
616319
616320
616321
616322
616323
616324
616325
616326
616327
616328
616329
616330
616331
616332
616333
616334
616335
616336
616337
616338
616339
616340
616341
616342
616343
616344
616345
616346
616347
616348
616349
616350
616351
616352
616353
616354
616355
616356
616357
616358
616359
616360
616361
616362
616363
616364
616365
616366
616367
616368
616369
616370
616371
616372
616373
616374
616375
616376
616377
616378
616379
616380
616381
616382
616383
616384
616385
616386
616387
616388
616389
616390
616391
616392
616393
616394
616395
616396
616397
616398
616399
616400
616401
616402
616403
616404
616405
616406
616407
616408
616409
616410
616411
616412
616413
616414
616415
616416
616417
616418
616419
616420
616421
616422
616423
616424
616425
616426
616427
616428
616429
616430
616431
616432
616433
616434
616435
616436
616437
616438
616439
616440
616441
616442
616443
616444
616445
616446
616447
616448
616449
616450
616451
616452
616453
616454
616455
616456
616457
616458
616459
616460
616461
616462
616463
616464
616465
616466
616467
616468
616469
616470
616471
633425
633426
633427
633428
633429
633430
633431
633432
633433
633434
633435
633436
633437
633438
633439
633440
633441
633442
633443
633444
633445
633446
633447
633448
633449
633450
633451
633452
633453
633454
633455
633456
633457
633458
633459
633460
633461
633462
633463
633464
633465
633466
633467
633468
633469
633470
633471
633472
633473
633474
633475
633476
633477
633478
633479
633480
633481
633482
633483
633484
633485
633486
633487
633488
633489
633490
633491
633492
633493
633494
633495
633496
633497
633498
633499
633500
633501
633502
633503
633504
633505
633506
633507
633508
633509
633510
633511
633512
632834
632835
632836
632837
632838
632839
632840
632841
632842
632843
632844
632845
632846
632847
632848
632849
632850
632851
632852
632853
632854
632855
632856
632857
632858
632859
632860
632861
632862
632863
632864
632865
632866
632867
632868
632869
632870
632871
632872
632873
632874
632875
632876
632877
632878
632879
632880
632881
632882
632883
632884
632885
632886
632887
632888
632889
632890
632891
632892
632893
632894
632895
632896
632897
632898
632899
632900
632901
632902
632903
632904
632905
632906
632907
632908
632909
632910
632911
632912
632913
632914
632915
632916
632917
632918
632919
632920
632921
632922
632923
632924
632925
632926
632927
632928
632929
632930
632931
632932
632933
632934
632935
632936
632937
632938
629540
629541
629542
629543
629544
629545
629546
629547
629548
629549
629550
629551
629552
629553
629554
629555
629556
629557
629558
629559
629560
629561
629562
629563
629564
629565
629566
629567
629568
629569
629570
629571
629572
629573
629574
629575
629576
629577
629578
629579
629580
629581
629582
629583
629584
629585
629586
629587
629588
629589
629590
629591
629592
629593
629594
629595
629596
629597
629598
629599
629600
629601
629602
629603
629604
629605
629606
629607
629608
629609
629610
629611
629612
629613
629614
629615
629616
629617
629618
629619
629620
629621
629622
629623
629624
629625
629626
629627
629628
629629
629630
629631
629632
629633
629634
629635
629636
629637
629638
629639
629640
629641
629642
629643
629644
629645
629646
629647
629648
629649
629650
629651
629652
629653
629654
629655
629656
629657
629658
629659
629660
629661
629662
629663
629664
629665
629666
629667
629668
629669
629670
629671
629672
629673
629674
629675
629676
629677
629678
629679
629680
629681
629682
629683
629684
629685
629686
629687
629688
629689
629690
629691
629692
629693
629694
629695
629696
629697
629698
629699
629700
629701
629702
629703
629704
629705
629706
629707
629708
629709
629710
629711
629712
629713
629714
629715
629716
629717
629718
629719
629720
629721
629722
629723
629724
629725
629726
629727
629728
629729
629730
629731
629732
629733
629734
629735
629736
629737
629738
629739
629740
629741
629742
629743
629744
629745
629746
629747
629748
629749
629750
629751
629752
629753
629754
629755
629756
629757
629758
629759
629760
629761
629762
629763
629764
629765
629766
629767
629768
629769
629770
629771
629772
629773
629774
629775
629776
629777
629778
629779
629780
629781
629782
629783
629784
629785
629786
629787
629788
629789
629790
629791
629792
629793
629794
629795
629796
629797
629798
629799
629800
629801
629802
629803
629804
629805
629806
629807
629808
629809
629810
629811
629812
629813
629814
629815
629816
629817
629818
629819
629820
629821
629822
629823
629824
629825
629826
629827
629828
629829
629830
629831
629832
629833
629834
629835
629836
629837
629838
629839
629840
629841
629842
629843
629844
629845
629846
629847
629848
629849
629850
629851
629852
629853
629854
629855
629856
629857
629858
629859
629860
629861
629862
629863
629864
629865
629866
629867
629868
629869
629870
629871
629872
629873
629874
629875
629876
629877
629878
629879
629880
629881
629882
629883
629884
629885
629886
629887
629888
629889
629890
629891
629892
629893
629894
629895
629896
629897
629898
629899
629900
629901
629902
629903
629904
629905
629906
629907
629908
629909
629910
629911
629912
629913
629914
629915
629916
629917
629918
629919
629920
629921
629922
629923
629924
629925
629926
629927
629928
629929
629930
629931
629932
629933
629934
629935
629936
629937
629938
629939
629940
629941
629942
629943
629944
629945
629946
629947
629948
629949
629950
629951
629952
629953
629954
629955
629956
629957
629958
629959
629960
629961
629962
629963
629964
629965
629966
629967
629968
629969
629970
629971
629972
629973
629974
629975
629976
629977
629978
629979
629980
629981
629982
629983
629984
629985
629986
629987
629988
629989
629990
629991
629992
629993
629994
629995
629996
629997
629998
629999
630000
630001
630002
630003
630004
630005
630006
630007
630008
630009
630010
630011
630012
630013
630014
630015
630016
630017
630018
630019
630020
630021
630022
630023
630024
630025
630026
630027
630028
630029
630030
630031
630032
630033
630034
630035
630036
630037
630038
630039
630040
630041
630042
630043
630044
630045
630046
630047
630048
630049
630050
630051
630052
630053
630054
630055
630056
630057
630058
630059
630060
630061
630062
630063
630064
630065
630066
630067
630068
630069
630070
630071
630072
630073
630074
630075
630076
630077
630078
630079
630080
630081
630082
630083
630084
630085
630086
630087
630088
630089
630090
630091
630092
630093
630094
630095
630096
630097
630098
630099
630100
630101
630102
630103
630104
630105
630106
630107
630108
630109
630110
630111
630112
630113
630114
630115
630116
630117
630118
630119
630120
630121
630122
630123
630124
630125
630126
630127
630128
630129
630130
630131
630132
630133
630134
630135
630136
630137
630138
630139
630140
630141
630142
630143
630144
630145
630146
630147
630148
630149
630150
630151
630152
630153
630154
630155
630156
630157
630158
630159
630160
630161
630162
630163
630164
630165
630166
630167
630168
625124
625125
625126
625127
625128
625129
625130
625131
625132
625133
625134
625135
625136
625137
625138
625139
625140
625141
625142
625143
625144
625145
625146
625147
625148
625149
625150
625151
625152
625153
625154
625155
625156
625157
625158
625159
625160
625161
625162
625163
625164
625165
625166
625167
625168
625169
625170
625171
625172
625173
625174
625175
625176
625177
625178
625179
625180
625181
625182
625183
625184
625185
625186
625187
625188
625189
625190
625191
625192
625193
625194
625195
625196
625197
625198
625199
625200
625201
625202
625203
625204
625205
625206
625207
625208
625209
625210
625211
625212
625213
625214
625215
625216
625217
625218
625219
625220
625221
625222
625223
625224
625225
625226
625227
625228
625229
625230
625231
625232
625233
625234
625235
625236
625237
625238
625239
625240
625241
625242
625243
625244
625245
625246
625247
625248
625249
625250
625251
625252
625253
625254
624719
624720
624721
624722
624723
624724
624725
624726
624727
624728
624729
624730
624731
624732
624733
624734
624735
624736
624737
624738
624739
624740
624741
624742
624743
624744
624745
624746
624747
624748
624749
624750
624751
624752
624753
624754
624755
624756
624757
624758
624759
624760
624761
624762
624763
624764
624765
624766
624767
624768
624769
624770
624771
624772
624773
624774
624775
624776
624777
624778
624779
624780
624781
624782
624783
624784
624785
624786
624787
624788
624789
624790
624791
624792
624793
624794
624795
624796
624797
624798
624799
624800
624801
624802
624803
624804
624805
624806
624807
624808
624809
624810
624811
624812
624813
624814
624815
624816
624817
624818
624819
624820
624821
624822
624823
624824
624825
624826
624827
624828
624829
624830
624831
624832
624833
624834
624835
624836
624837
624838
624839
624840
624841
624842
624843
624844
624845
624846
624847
624848
624849
624850
624851
624852
624853
624854
624855
624856
624857
624858
624859
624860
624861
624862
624863
624864
624865
624866
624867
624868
624869
624870
624871
624872
624873
624874
624875
624876
624877
624878
624879
624880
624881
624882
624883
624884
624885
624886
624887
624888
624889
624890
624891
624892
624893
624894
624895
624896
624897
624898
624899
624900
624901
624902
624903
624904
624905
623454
623455
623456
623457
623458
623459
623460
623461
623462
623463
623464
623465
623466
623467
623468
623469
623470
623471
623472
623473
623474
623475
623476
623477
623478
623479
623480
623481
623482
623483
623484
623485
623486
623487
623488
623489
623490
623491
623492
623493
623494
623495
623496
623497
623498
623499
623500
623501
623502
623503
623504
623505
623506
623507
623508
623509
623510
623511
623512
623513
623514
623515
623516
623517
623518
623519
623520
623521
623522
623523
623524
623525
623526
623527
623528
623529
623530
623531
623532
623533
623534
623535
623536
623537
623538
623539
623540
623541
623542
623543
623544
623545
623546
623547
623548
623549
623550
623551
623552
623553
623554
623555
623556
623557
623558
623559
623560
623561
623562
623563
623564
623565
623566
623567
623568
623569
623570
623571
623572
623573
623574
623575
623576
623577
623578
623579
623580
623581
623582
623583
623584
623585
623586
623587
623588
623589
623590
623591
623592
623593
623594
623595
623596
623597
623598
623599
623600
623601
623602
623603
622821
622822
622823
622824
622825
622826
622827
622828
622829
622830
622831
622832
622833
622834
622835
622836
622837
622838
622839
622840
622841
622842
622843
622844
622845
622846
622847
622848
622849
622850
622851
622852
622853
622854
622855
622856
622857
622858
622859
622860
622861
622862
622863
622864
622865
622866
622867
622868
622869
622870
622871
622872
622873
622874
622875
622876
622877
622878
622879
622880
622881
622882
622883
622884
622885
622886
622887
622888
622889
622890
622891
622892
622893
622894
622895
622896
622897
622898
622899
622900
622901
622902
622903
622904
622905
622906
622907
622908
622909
622910
622911
622912
622913
622914
622915
622916
622917
622918
622919
622920
622921
622922
622923
622924
622925
622926
622927
622928
622929
622930
622931
622932
622933
622934
622935
622936
622937
622938
622939
622940
622941
622942
622943
622944
622945
622946
622947
622948
622949
622950
622951
622952
622953
622954
622955
622956
622957
622958
622959
622960
622961
622962
622963
622964
622965
622966
622967
622968
622969
622970
622971
622972
622973
622974
622975
622976
622977
622978
622979
622980
622981
622982
622983
622984
622985
622582
622583
622584
622585
622586
622587
622588
622589
622590
622591
622592
622593
622594
622595
622596
622597
622598
622599
622600
622601
622602
622603
622604
622605
622606
622607
622608
622609
622610
622611
622612
622613
622614
622615
622616
622617
622618
622619
622620
622621
622622
622623
622624
622625
622626
622627
622628
622629
622630
622631
622632
622633
622634
622635
622636
622637
622638
622639
622640
622641
622642
622643
622644
622645
622646
622647
622648
622649
622650
622651
622652
622653
622654
622655
622656
622657
622658
622659
622660
622661
622662
622663
622664
622665
622666
622667
622668
622669
622670
622671
622672
622673
622674
622675
622676
622677
622678
622679
622680
622681
622682
622683
622684
622685
622686
622687
622688
622689
622690
622691
622692
622693
622694
622695
622696
622697
622698
622699
622700
622701
622702
622703
622704
622705
622706
622707
622708
622709
622710
622711
622712
622713
622714
622715
622716
622717
622718
622719
622720
622721
622722
622723
622724
622725
622726
622727
622728
622729
622730
622731
622732
622733
622734
622735
622736
622737
622738
622739
622740
622741
622742
622743
622744
622745
622746
622747
622748
622749
622750
622751
622752
622149
622150
622151
622152
622153
622154
622155
622156
622157
622158
622159
622160
622161
622162
622163
622164
622165
622166
622167
622168
622169
622170
622171
622172
622173
622174
622175
622176
622177
622178
622179
622180
622181
622182
622183
622184
622185
622186
622187
622188
622189
622190
622191
622192
622193
622194
622195
622196
622197
622198
622199
622200
622201
622202
622203
622204
622205
622206
622207
622208
622209
622210
622211
622212
622213
622214
622215
622216
622217
622218
622219
622220
622221
622222
622223
622224
622225
622226
622227
622228
622229
622230
622231
622232
622233
622234
622235
622236
622237
622238
622239
622240
622241
622242
622243
622244
622245
622246
622247
622248
622249
622250
622251
622252
622253
622254
622255
622256
622257
622258
622259
622260
622261
622262
622263
622264
622265
622266
622267
622268
622269
622270
622271
622272
622273
622274
622275
622276
622277
622278
622279
622280
622281
622282
622283
622284
622285
622286
622287
622288
622289
622290
622291
622292
622293
622294
622295
622296
622297
622298
622299
622300
622301
622302
622303
622304
622305
622306
622307
622308
622309
622310
622311
622312
622313
622314
622315
622316
622317
622318
622319
622320
622321
622322
622323
622324
622325
622326
622327
622328
622329
622330
622331
622332
622333
622334
622335
622336
622337
622338
622339
622340
622341
622342
622343
622344
622345
622346
622347
622348
622349
622350
622351
622352
622353
622354
622355
622356
622357
622358
622359
622360
622361
622362
622363
622364
622365
622366
622367
622368
622369
622370
622371
622372
622373
621058
621059
621060
621061
621062
621063
621064
621065
621066
621067
621068
621069
621070
621071
621072
621073
621074
621075
621076
621077
621078
621079
621080
621081
621082
621083
621084
621085
621086
621087
621088
621089
621090
621091
621092
621093
621094
621095
621096
621097
621098
621099
621100
621101
621102
621103
621104
621105
621106
621107
621108
621109
621110
621111
621112
621113
621114
621115
621116
621117
621118
621119
621120
621121
621122
621123
621124
621125
621126
621127
621128
621129
621130
621131
621132
621133
621134
621135
621136
621137
621138
621139
621140
621141
621142
621143
621144
621145
621146
621147
621148
621149
621150
621151
621152
621153
621154
621155
621156
621157
621158
621159
621160
621161
621162
621163
621164
621165
621166
621167
621168
621169
621170
621171
621172
621173
621174
621175
621176
621177
621178
621179
621180
621181
621182
621183
621184
621185
621186
621187
621188
621189
621190
621191
621192
621193
621194
621195
621196
621197
621198
621199
621200
621201
621202
621203
621204
621205
621206
621207
621208
621209
621210
621211
621212
621213
621214
621215
621216
621217
621218
621219
621220
621221
621222
621223
621224
621225
621226
621227
621228
621229
621230
621231
621232
621233
621234
621235
621236
621237
621238
621239
621240
621241
621242
621243
621244
621245
621246
621247
621248
621249
621250
621251
621252
621253
621254
621255
621256
621257
621258
621259
621260
621261
621262
621263
621264
621265
621266
621267
621268
621269
621270
621271
621272
621273
621274
621275
621276
621277
621278
621279
621280
621281
621282
621283
621284
621285
621286
621287
621288
621289
621290
621291
621292
621293
621294
621295
621296
621297
621298
621299
621300
621301
621302
621303
621304
621305
621306
621307
621308
621309
621310
621311
621312
621313
621314
621315
621316
621317
621318
621319
621320
621321
621322
621323
621324
621325
621326
621327
621328
621329
621330
621331
621332
621333
621334
621335
621336
621337
621338
621339
621340
621341
621342
621343
621344
621345
621346
621347
621348
621349
621350
621351
621352
621353
621354
621355
621356
621357
621358
621359
621360
621361
621362
621363
621364
621365
621366
621367
621368
621369
621370
621371
621372
621373
621374
621375
621376
621377
621378
621379
621380
621381
621382
621383
621384
621385
621386
621387
621388
621389
621390
621391
621392
621393
621394
621395
621396
621397
621398
621399
621400
621401
621402
621403
621404
621405
621406
621407
621408
621409
621410
621411
621412
621413
621414
621415
621416
621417
621418
621419
621420
621421
621422
621423
621424
621425
621426
621427
621428
621429
621430
621431
621432
621433
621434
621435
621436
621437
621438
621439
621440
621441
621442
621443
621444
621445
621446
621447
621448
621449
621450
621451
621452
621453
621454
621455
621456
621457
621458
621459
621460
621461
621462
621463
621464
621465
621466
621467
621468
621469
621470
621471
621472
621473
621474
621475
621476
621477
621478
621479
621480
621481
621482
621483
621484
621485
621486
621487
621488
621489
621490
621491
621492
621493
621494
621495
621496
621497
621498
621499
621500
621501
621502
621503
621504
621505
621506
621507
621508
621509
621510
621511
621512
621513
621514
621515
621516
621517
621518
621519
621520
621521
621522
621523
621524
621525
621526
621527
621528
621529
621530
621531
621532
621533
621534
621535
621536
621537
621538
621539
621540
621541
621542
621543
621544
621545
621546
621547
621548
621549
621550
621551
621552
621553
621554
621555
621556
621557
621558
621559
621560
621561
621562
621563
621564
621565
621566
621567
621568
621569
621570
621571
621572
621573
621574
621575
621576
621577
621578
621579
621580
621581
621582
621583
621584
621585
621586
621587
621588
621589
621590
621591
621592
621593
621594
621595
621596
621597
621598
621599
621600
621601
621602
621603
621604
621605
621606
621607
621608
621609
621610
621611
621612
621613
621614
621615
621616
621617
621618
621619
621620
621621
621622
621623
621624
621625
621626
621627
621628
621629
621630
621631
621632
621633
621634
621635
621636
621637
621638
621639
621640
621641
621642
621643
621644
621645
621646
621647
621648
621649
621650
621651
621652
621653
621654
621655
621656
621657
621658
621659
621660
621661
621662
621663
621664
621665
621666
621667
621668
621669
621670
621671
621672
621673
621674
621675
621676
621677
621678
621679
621680
621681
621682
621683
621684
621685
621686
621687
621688
621689
621690
621691
621692
621693
621694
621695
621696
621697
621698
621699
621700
621701
621702
621703
621704
621705
621706
621707
621708
621709
621710
621711
621712
621713
621714
621715
621716
621717
621718
621719
621720
621721
621722
621723
621724
621725
621726
621727
621728
621729
621730
621731
621732
621733
621734
621735
621736
621737
621738
621739
621740
621741
621742
621743
621744
621745
621746
621747
621748
621749
621750
621751
621752
621753
621754
621755
621756
621757
621758
621759
621760
621761
621762
621763
621764
621765
621766
621767
621768
621769
621770
621771
621772
621773
621774
621775
621776
621777
621778
621779
621780
621781
621782
621783
621784
621785
621786
621787
621788
621789
621790
621791
621792
621793
621794
621795
621796
621797
621798
621799
621800
621801
621802
621803
621804
621805
621806
621807
621808
621809
621810
621811
621812
621813
621814
621815
621816
621817
621818
621819
621820
621821
621822
621823
621824
621825
621826
621827
621828
621829
621830
621831
621832
621833
621834
621835
621836
621837
621838
621839
621840
621841
621842
621843
621844
621845
621846
620365
620366
620367
620368
620369
620370
620371
620372
620373
620374
620375
620376
620377
620378
620379
620380
620381
620382
620383
620384
620385
620386
620387
620388
620389
620390
620391
620392
620393
620394
620395
620396
620397
620398
620399
620400
620401
620402
620403
620404
620405
620406
620407
620408
620409
620410
620411
620412
620413
620414
620415
620416
620417
620418
620419
620420
620421
620422
620423
620424
620425
620426
620427
620428
620429
620430
620431
620432
620433
620434
620435
620436
620437
620438
620439
620440
620441
620442
620443
620444
620445
620446
620447
620448
620449
620450
620451
620452
620453
620454
620455
620456
620457
620458
620459
620460
620461
620462
620463
620464
620465
620466
620467
620468
620469
620470
620471
620472
620473
620474
620475
620476
620477
620478
620479
620480
620481
620482
620483
620484
620485
620486
620487
619958
619959
619960
619961
619962
619963
619964
619965
619966
619967
619968
619969
619970
619971
619972
619973
619974
619975
619976
619977
619978
619979
619980
619981
619982
619983
619984
619985
619986
619987
619988
619989
619990
619991
619992
619993
619994
619995
619996
619997
619998
619999
620000
620001
620002
620003
620004
620005
620006
620007
620008
620009
620010
620011
620012
620013
620014
620015
620016
620017
620018
620019
620020
620021
620022
620023
620024
620025
620026
620027
620028
620029
620030
620031
620032
620033
620034
620035
620036
620037
620038
620039
620040
620041
620042
620043
620044
620045
620046
620047
620048
620049
620050
620051
620052
620053
620054
620055
620056
620057
620058
620059
620060
620061
620062
620063
620064
620065
620066
620067
620068
620069
620070
620071
620072
620073
620074
620075
620076
620077
620078
620079
620080
619586
619587
619588
619589
619590
619591
619592
619593
619594
619595
619596
619597
619598
619599
619600
619601
619602
619603
619604
619605
619606
619607
619608
619609
619610
619611
619612
619613
619614
619615
619616
619617
619618
619619
619620
619621
619622
619623
619624
619625
619626
619627
619628
619629
619630
619631
619632
619633
619634
619635
619636
619637
619638
619639
619640
619641
619642
619643
619644
619645
619646
619647
619648
619649
619650
619651
619652
619653
619654
619655
619656
619657
619658
619659
619660
619661
619662
619663
619664
619665
619666
619667
619668
619669
619670
619671
619672
619673
619674
619675
619676
619677
619678
619679
619680
619681
619682
619683
619684
619685
619686
619687
619688
619689
619690
619691
619692
619693
619694
619695
619696
619697
619698
619699
619700
619701
619702
619703
619704
619705
619706
619707
619708
619709
619710
619711
619712
619713
619714
619715
619716
619717
619718
619719
619720
619721
619722
619723
619724
619725
619726
619727
619728
619729
619730
619731
619732
619733
619734
619735
619736
619737
619738
619739
619740
619741
619742
619743
619744
619745
619746
619747
619748
619749
619750
619751
619752
619753
619754
619755
619756
619757
619758
619759
619760
619761
619762
619763
619764
619765
619210
619211
619212
619213
619214
619215
619216
619217
619218
619219
619220
619221
619222
619223
619224
619225
619226
619227
619228
619229
619230
619231
619232
619233
619234
619235
619236
619237
619238
619239
619240
619241
619242
619243
619244
619245
619246
619247
619248
619249
619250
619251
619252
619253
619254
619255
619256
619257
619258
619259
619260
619261
619262
619263
619264
619265
619266
619267
619268
619269
619270
619271
619272
619273
619274
619275
619276
619277
619278
619279
619280
619281
619282
619283
619284
619285
619286
619287
619288
619289
619290
619291
619292
619293
619294
619295
619296
618997
618998
618999
619000
619001
619002
619003
619004
619005
619006
619007
619008
619009
619010
619011
619012
619013
619014
619015
619016
619017
619018
619019
619020
619021
619022
619023
619024
619025
619026
619027
619028
619029
619030
619031
619032
619033
619034
619035
619036
619037
619038
619039
619040
619041
619042
619043
619044
619045
619046
619047
619048
619049
619050
619051
619052
619053
619054
619055
619056
619057
619058
619059
619060
619061
619062
619063
619064
619065
619066
619067
619068
619069
619070
619071
619072
619073
619074
619075
619076
619077
619078
619079
619080
619081
619082
619083
619084
619085
619086
619087
619088
619089
619090
619091
619092
619093
619094
619095
619096
619097
619098
619099
619100
619101
619102
619103
619104
619105
619106
619107
619108
619109
619110
618705
618706
618707
618708
618709
618710
618711
618712
618713
618714
618715
618716
618717
618718
618719
618720
618721
618722
618723
618724
618725
618726
618727
618728
618729
618730
618731
618732
618733
618734
618735
618736
618737
618738
618739
618740
618741
618742
618743
618744
618745
618746
618747
618748
618749
618750
618751
618752
618753
618754
618755
618756
618757
618758
618759
618760
618488
618489
618490
618491
618492
618493
618494
618495
618496
618497
618498
618499
618500
618501
618502
618503
618504
618505
618506
618507
618508
618509
618510
618511
618512
618513
618514
618515
618516
618517
618518
618519
618520
618521
618522
618523
618524
618525
618526
618527
618528
618529
618530
618531
618532
618533
618534
618535
618536
618537
618538
618539
618540
618541
618542
618543
618544
618545
618546
618547
618548
618549
618550
618551
618552
618553
618554
618555
618556
618557
618558
618559
618560
618561
618562
618563
618564
618565
618566
618567
618568
618569
618570
618571
618572
618573
618574
618575
618576
618577
618578
618579
618580
618581
618582
618583
618584
618585
618586
617777
617778
617779
617780
617781
617782
617783
617784
617785
617786
617787
617788
617789
617790
617791
617792
617793
617794
617795
617796
617797
617798
617799
617800
617801
617802
617803
617804
617805
617806
617807
617808
617809
617810
617811
617812
617813
617814
617815
617816
617817
617818
617819
617820
617821
617822
617823
617824
617825
617826
617827
617828
617829
617830
617831
617832
617833
617834
617835
617836
617837
617838
617839
617840
617841
617842
617843
617844
617845
617846
617847
617848
617849
617570
617571
617572
617573
617574
617575
617576
617577
617578
617579
617580
617581
617582
617583
617584
617585
617586
617587
617588
617589
617590
617591
617592
617593
617594
617595
617596
617597
617598
617599
617600
617601
617602
617603
617604
617605
617606
617607
617608
617609
617610
617611
617612
617613
617614
617615
617616
617617
617618
617619
617620
617621
617622
617623
617624
617625
617626
617627
617628
617629
617630
617631
617632
617633
617634
617635
617636
617637
617638
617639
617640
617641
617642
617643
617644
617645
617646
617647
617648
617649
617650
617651
617652
617653
617654
617655
617419
617420
617421
617422
617423
617424
617425
617426
617427
617428
617429
617430
617431
617432
617433
617434
617435
617436
617437
617438
617439
617440
617441
617442
617443
617444
617445
617446
617447
617448
617449
617450
617451
617452
617453
617454
617455
617456
617457
617458
617459
617460
617461
617462
617463
617464
617465
617466
617467
617468
617469
617470
617471
617472
617473
617474
617475
617476
617477
617478
617479
617480
617277
617278
617279
617280
617281
617282
617283
617284
617285
617286
617287
617288
617289
617290
617291
617292
617293
617294
617295
617296
617297
617298
617299
617300
617301
617302
617303
617304
617305
617306
617307
617308
617309
617310
617311
617312
617313
617314
617315
617316
617317
617318
617319
617320
617321
617322
617323
639926
639927
639928
639929
639930
639931
639932
639933
639934
639935
639936
639937
639938
639939
639940
639941
639942
639943
639944
639945
639946
639947
639948
639949
639950
639951
639952
639953
639954
639955
639956
639957
639958
639959
639960
639961
639962
639963
639964
639965
639966
639967
639968
639969
639970
639971
639972
639973
639974
639975
639976
639977
639978
639979
639980
639981
639982
639983
639984
639985
639986
639987
639988
639989
639990
639991
639992
639993
639994
639995
639996
639997
639998
639999
640000
640001
640002
640003
640004
640005
640006
640007
640008
640009
640010
640011
640012
640013
640014
640015
640016
640017
640018
640019
640020
640021
640022
640023
640024
640025
640026
640027
640028
640029
640030
640031
640032
640033
640034
640035
640036
640037
640038
640039
640040
640041
640042
640043
640044
640045
640046
640047
640048
640049
640050
640051
640052
640053
640054
640055
640056
640057
640058
640059
640060
640061
640062
640063
640064
640065
640066
640067
640068
640069
640070
640071
640072
640073
640074
640075
640076
640077
640078
640079
640080
640081
640082
640083
640084
640085
640086
640087
640088
640089
640090
640091
640092
640093
640094
640095
640096
640097
640098
640099
640100
640101
640102
640103
640104
640105
640106
640107
640108
640109
640110
640111
640112
640113
640114
640115
640116
640117
640118
640119
640120
640121
640122
640123
640124
640125
640126
640127
640128
640129
640130
640131
640132
640133
640134
640135
640136
640137
640138
640139
643235
643236
643237
643238
643239
643240
643241
643242
643243
643244
643245
643246
643247
643248
643249
643250
643251
643252
643253
643254
643255
643256
643257
643258
643259
643260
643261
643262
643263
643264
643265
643266
643267
643268
643269
643270
643271
643272
643273
643274
643275
643276
643277
643278
643279
643280
643281
643282
643283
643284
643285
643286
643287
643288
643289
643290
643291
643292
643293
643294
643295
643296
643297
643298
643299
643300
643301
643302
643303
643304
643305
643306
643307
643308
643309
643310
643311
643312
643313
643314
643315
643316
643317
643318
643319
643320
643321
643322
643323
643324
643325
643326
643327
643328
643329
643330
643331
643332
643333
643334
643335
643336
643337
643338
643410
643411
643412
643413
643414
643415
643416
643417
643418
643419
643420
643421
643422
643423
643424
643425
643426
643427
643428
643429
643430
643431
643432
643433
643434
643435
643436
643437
643438
643439
643440
643441
643442
643443
643444
643445
643446
643447
643448
643449
643450
643451
643452
643453
643454
643455
643456
643457
643458
643459
643460
643461
643462
643463
643464
643465
643466
643467
643468
643469
643470
643471
643472
643473
643474
643475
643476
643477
643478
643479
643480
643481
643482
643483
643484
643485
643486
643487
643488
643489
643490
643491
643492
643493
643494
643495
643496
643497
643498
643499
643500
643501
643502
643503
643504
643505
643506
643507
643508
643509
643510
643511
643512
643513
643514
643515
643516
643517
643518
643519
643520
643521
643522
643523
643524
643525
643526
643527
643528
643529
643530
643531
643532
643533
643534
643535
643536
643537
643538
643539
643540
643541
643542
643543
643544
643545
643546
643547
643548
643549
643550
643551
643552
643553
643554
643555
643556
643557
643558
643559
643560
643561
643562
643563
643564
643565
643566
643567
643568
643569
643570
643571
643572
643573
643574
643575
643576
643577
643578
643579
643580
643581
643582
643583
643584
643585
643586
643587
643588
643589
643590
643591
643592
643593
643594
643595
643596
643597
643598
643599
643600
643601
663047
663048
663049
663050
663051
663052
663053
663054
663055
663056
663057
663058
663059
663060
663061
663062
663063
663064
663065
663066
663067
663068
663069
663070
663071
663072
663073
663074
663075
663076
663077
663078
663079
663080
663081
663082
663083
663084
663085
663086
663087
663088
663089
663090
663091
663092
663093
663094
663095
663096
663097
663098
663099
663100
663101
663102
663103
663104
663105
663106
663107
663108
663109
663110
663111
663112
663113
663114
663115
663116
663117
663118
663119
663120
663121
652826
652827
652828
652829
652830
652831
652832
652833
652834
652835
652836
652837
652838
652839
652840
652841
652842
652843
652844
652845
652846
652847
652848
652849
652850
652851
652852
652853
652854
652855
652856
652857
652858
652859
652860
652861
652862
652863
652864
652865
652866
652867
652868
652869
652870
652871
652872
652873
652874
652875
652876
652877
652878
652879
652880
652881
652882
652883
652884
652233
652234
652235
652236
652237
652238
652239
652240
652241
652242
652243
652244
652245
652246
652247
652248
652249
652250
652251
652252
652253
652254
652255
652256
652257
652258
652259
652260
652261
652262
652263
652264
652265
652266
652267
652268
652269
652270
652271
652272
652273
652274
652275
652276
652277
652278
652279
652280
652281
652282
652283
652284
652285
652286
652287
652288
652289
652290
652291
652292
652293
652294
652295
652296
651611
651612
651613
651614
651615
651616
651617
651618
651619
651620
651621
651622
651623
651624
651625
651626
651627
651628
651629
651630
651631
651632
651633
651634
651635
651636
651637
651638
651639
651640
651641
651642
651643
651644
651645
651646
651647
651648
651649
651650
651651
651652
651653
651654
651655
651656
651657
651658
651659
651660
651661
651662
651663
651664
651665
651666
651667
651668
651669
651670
651671
651672
651673
651674
651675
651676
651677
651678
651679
651680
651681
651682
651683
651684
651685
651686
651687
651688
651689
651690
651691
651692
651693
651694
651695
651696
651697
651698
651699
651700
651701
651702
651703
651704
651705
651706
651707
651708
651709
651710
651711
651712
651713
651714
651715
651716
651717
651718
651719
651720
651721
651722
651723
651724
651725
651726
651727
651728
651729
651730
651731
651732
651733
651734
651735
651736
651737
651738
651739
651740
651741
651742
651743
651744
651745
651746
651747
651748
651749
651750
651751
651752
651753
651754
651755
651756
651757
651758
651759
651760
651761
651762
651763
651764
651765
651766
651767
651768
651769
651770
651771
651772
651773
651774
651775
651776
651777
651778
651779
651780
651781
651782
651783
651784
651785
651786
651787
651788
651789
651790
651791
651792
651793
651794
651795
651796
651797
651798
651799
651800
651801
651802
651803
651804
651805
651806
651807
651808
651809
651810
651811
651812
651813
651814
651815
651816
651817
651818
651819
651820
651821
651822
651823
651824
651825
651826
651827
651828
651829
651830
651831
651832
651833
651834
651835
651836
651837
651838
651839
651840
651841
651842
651843
651844
651845
651846
651847
651848
651849
651850
651851
651852
651853
651854
651855
650234
650235
650236
650237
650238
650239
650240
650241
650242
650243
650244
650245
650246
650247
650248
650249
650250
650251
650252
650253
650254
650255
650256
650257
650258
650259
650260
650261
650262
650263
650264
650265
650266
650267
650268
650269
650270
650271
650272
650273
650274
650275
650276
650277
650278
650279
650280
650281
650282
650283
650284
650285
650286
650287
650288
650289
650290
650291
650292
650293
650294
650295
650296
649679
649680
649681
649682
649683
649684
649685
649686
649687
649688
649689
649690
649691
649692
649693
649694
649695
649696
649697
649698
649699
649700
649701
649702
649703
649704
649705
649706
649707
649708
649709
649710
649711
649712
649713
649714
649715
649716
649717
649718
649719
649720
649721
649722
649723
649724
649725
649726
649727
649728
649729
649730
649731
649732
649733
649734
649735
649736
649737
649738
649739
649740
649741
649742
649743
649744
649745
649746
649747
649748
648882
648883
648884
648885
648886
648887
648888
648889
648890
648891
648892
648893
648894
648895
648896
648897
648898
648899
648900
648901
648902
648903
648904
648905
648906
648907
648908
648909
648910
648911
648912
648913
648914
648915
648916
648917
648918
648919
648920
648921
648922
648923
648924
648925
648926
648927
648928
648929
648930
648931
648932
648933
648934
648935
648936
648937
648938
648939
648940
648941
648942
648943
648944
648945
648946
648947
648948
648949
648950
648951
648952
648953
648954
648955
648956
648957
648958
648959
648960
648961
648962
648963
648964
648965
648966
648967
648968
648969
648970
648971
648972
648973
648974
648975
648372
648373
648374
648375
648376
648377
648378
648379
648380
648381
648382
648383
648384
648385
648386
648387
648388
648389
648390
648391
648392
648393
648394
648395
648396
648397
648398
648399
648400
648401
648402
648403
648404
648405
648406
648407
648408
648409
648410
648411
648412
648413
648414
648415
648416
648417
648418
648419
648420
648421
648422
648423
648424
648425
648426
648427
648428
648429
648430
648431
648432
648433
648434
648435
648436
648437
648438
648439
648440
648441
648442
648443
648444
648445
648446
648447
648448
648449
648450
648451
648452
648453
648454
648455
648456
648457
648458
648459
648460
648461
648462
648463
648464
648465
648466
648467
648468
648469
648470
648471
648472
648473
648474
648475
648476
648477
648478
648479
648480
648481
648482
648483
648484
648485
648486
648487
648131
648132
648133
648134
648135
648136
648137
648138
648139
648140
648141
648142
648143
648144
648145
648146
648147
648148
648149
648150
648151
648152
648153
648154
648155
648156
648157
648158
648159
648160
648161
648162
648163
648164
648165
648166
648167
648168
648169
648170
648171
648172
648173
648174
648175
648176
648177
648178
648179
648180
648181
648182
648183
648184
648185
648186
648187
648188
648189
648190
648191
648192
648193
648194
648195
648196
648197
648198
648199
648200
648201
648202
648203
648204
648205
648206
648207
648208
648209
648210
648211
648212
648213
648214
648215
648216
648217
648218
648219
648220
648221
648222
648223
648224
648225
648226
648227
648228
648229
648230
648231
648232
648233
648234
648235
648236
648237
648238
648239
648240
648241
648242
648243
648244
648245
648246
648247
648248
648249
648250
648251
648252
648253
648254
648255
648256
648257
648258
648259
648260
648261
648262
648263
648264
648265
648266
648267
648268
648269
648270
648271
648272
648273
648274
648275
648276
648277
676424
676425
676426
676427
676428
676429
676430
676431
676432
676433
676434
676435
676436
676437
676438
676439
676440
676441
676442
676443
676444
676445
676446
676447
676448
676449
676450
676451
676452
676453
676454
676455
676456
676457
676458
676459
676460
676461
676462
676463
676464
676465
676466
676467
676468
676469
676470
676471
676472
676473
676474
676475
676476
676477
676478
676479
676480
676481
676482
676483
676484
676485
676486
676487
676488
676489
676490
676491
676492
676493
676494
676495
676496
676497
676498
676499
676500
676501
676502
676503
676504
676505
676506
676507
676508
676509
676510
676511
676512
676513
676514
676515
676516
676517
676518
676519
676520
676521
676522
676523
676524
676525
676526
677792
677793
677794
677795
677796
677797
677798
677799
677800
677801
677802
677803
677804
677805
677806
677807
677808
677809
677810
677811
677812
677813
677814
677815
677816
677817
677818
677819
677820
677821
677822
677823
677824
677825
677826
677827
677828
677829
677830
677831
677832
677833
677834
677835
677836
677837
677838
677839
677840
677841
677842
677843
677844
677845
677846
677847
677848
677849
677850
677851
677852
677853
677854
677855
677856
677857
677858
677859
677860
677861
677862
677863
677864
677865
677866
677867
677868
677869
677870
677871
677872
677873
677874
677875
677876
677877
677878
677879
677880
677881
677882
677883
677884
677885
677886
677887
677888
677889
677890
677891
677892
677893
677894
677895
677896
677897
677898
677899
677900
677901
677902
677903
677904
677905
677906
677907
677908
677909
677910
677911
677912
677913
677914
677915
677916
677917
677918
677919
677920
677921
677922
677923
677924
677925
677926
677927
677928
677929
677930
677931
677932
677933
677934
677935
677936
677937
677938
677939
677940
677941
677942
677943
677944
677945
677946
677947
677948
677949
677950
677951
677952
677953
677954
677955
677956
677957
677958
677959
677960
677961
677962
677963
677964
677965
677966
677967
677968
677969
677970
677971
677972
677973
677974
677975
677976
677977
680274
680275
680276
680277
680278
680279
680280
680281
680282
680283
680284
680285
680286
680287
680288
680289
680290
680291
680292
680293
680294
680295
680296
680297
680298
680299
680300
680301
680302
680303
680304
680305
680306
680307
680308
680309
680310
680311
680312
680313
680314
680315
680316
680317
680318
680319
680320
680321
680322
680323
680324
680325
680326
680327
680328
680329
680330
680331
680332
680333
680334
680335
680336
680337
680338
680339
680340
680341
680342
680343
680344
680345
680346
680347
680348
680349
680350
680351
680352
680353
680354
680355
680356
680357
680358
680359
680360
680361
680362
680363
680364
680365
680366
680367
680368
680369
680370
680371
680372
680373
680374
680375
680376
680377
680378
680379
680380
680381
680382
680383
680384
680385
680386
680387
680388
680389
680390
680391
680392
680393
680394
680395
680396
680397
680398
680399
680400
680401
680402
680403
680404
680405
680406
680407
680408
680409
680410
680411
680412
680413
680414
680415
680416
680417
680418
680419
680420
680421
680422
680423
680424
680425
680426
680427
680428
680429
680430
680431
680432
680433
680434
680435
680436
680437
680438
680439
680440
680441
680442
680443
680444
680445
680446
680447
680448
680449
680450
680451
680452
680453
680454
680455
680456
680457
680458
680459
680460
680461
680462
680463
680464
680465
680466
680467
680468
680469
680470
680471
680472
680473
680474
680475
680476
680477
680478
680479
680480
680481
680482
680483
680484
680485
680486
680487
680488
680489
681333
681334
681335
681336
681337
681338
681339
681340
681341
681342
681343
681344
681345
681346
681347
681348
681349
681350
681351
681352
681353
681354
681355
681356
681357
681358
681359
681360
681361
681362
681363
681364
681365
681366
681367
681368
681369
681370
681371
681372
681373
681374
681375
681376
681377
681378
681379
681380
681381
681382
681383
681384
681385
681386
681387
681388
681389
681390
681391
681392
681393
681394
681395
681396
681397
681398
681399
681400
681401
681402
681403
681404
681405
681406
681407
681408
681409
681410
681411
681412
681413
681414
681415
681416
681417
681418
681419
681420
681421
681422
681423
681424
681425
681426
681427
681428
681429
681430
681431
681432
681433
681434
681435
681436
681437
681438
681439
681440
681441
681442
681443
681444
681445
681446
681447
681448
681449
681450
681451
681452
681453
681454
681455
681456
681457
681458
681459
681460
681461
681462
681463
681464
681465
681466
681467
681468
681469
681470
681471
681472
681473
681474
681475
681476
681477
681478
681479
681480
681481
681482
681483
681484
681485
681486
681487
681488
681489
681490
681491
681492
681493
681494
681495
681496
681497
681498
681499
681500
681501
681502
681503
681504
681505
681506
681507
681508
681509
681510
681511
681512
681513
681514
681515
681516
681517
681518
681519
681520
681521
681522
681523
681524
681525
681526
681527
681528
681529
681530
681531
681532
681533
681534
681535
681536
681537
681538
681539
681540
681541
681542
681543
681544
681545
681546
681547
681548
681549
681550
681551
681552
681553
681554
681555
681556
681557
681558
681559
681560
681650
681651
681652
681653
681654
681655
681656
681657
681658
681659
681660
681661
681662
681663
681664
681665
681666
681667
681668
681669
681670
681671
681672
681673
681674
681675
681676
681677
681678
681679
681680
681681
681682
681683
681684
681685
681686
681687
681688
681689
681690
681691
681692
681693
681694
681695
681696
681697
681698
681699
681700
681701
681702
681703
681704
681705
