30934470
30934471
30934472
30934473
30934474
30934475
30934476
30934477
30934478
30934479
30934480
30934481
30934482
30934483
30934484
30934485
30934486
30934487
30934488
30934489
30934490
30934491
30934492
30934493
30934494
30934495
30934496
30934497
30934498
30934499
30934500
30934501
30934502
30934503
30934504
30934505
30934506
30934507
30934508
30934509
30934510
30934511
30934512
30934513
30934514
30934515
30934516
30934517
30934518
30934519
30934520
30934521
30934522
30934523
30934524
30934525
30934526
30934527
30934528
30934529
30934530
30934531
30934532
30934533
30934534
30934535
30934536
30934537
30934538
30934539
30934540
30934541
30934542
30934543
30934544
30934545
30934546
30934547
30934548
30934549
30934550
30934551
30934552
30934553
30934554
30934555
30934556
30934557
30934558
30934559
30934560
30934561
30934562
30934563
30934564
30934565
30934566
30934567
30934568
30934569
30934570
30934571
30934572
30934573
30934574
30934575
30934576
30934577
30934578
30934579
30934580
30934581
30934582
30934583
30934584
30934585
30934586
30934587
30934588
30934589
30934590
30934591
30934592
30934593
30934594
30934595
30934596
30934597
30934598
30934599
30934600
30934601
30934602
30934603
30934604
30934605
30934606
30934607
30934608
30934609
30934610
30934611
30934612
30934613
30934614
30934615
30934616
30934617
30934618
30934619
30934620
30934621
30934622
30934623
30934624
30934625
30934626
30934627
30934628
30934629
30934630
30934631
30934632
30934633
30934634
30934635
30934636
30934637
30934638
30934639
30934640
30934641
30934642
30934643
30934644
30934645
30934646
30934647
30934648
30934649
30934650
30934651
30934652
30934653
30934654
30934655
30934656
30934657
30934658
30934659
30934660
30934661
30934662
30934663
30934664
30934665
30934666
30934667
30934668
30934669
30934670
30934671
30934672
30934673
30934674
30934675
30934676
30934677
30934678
30934679
30934680
30934681
30934682
30934683
30934684
30934685
30934686
30934687
30934688
30934689
30934690
30934691
30934692
30934693
30934694
30934695
30934696
30934697
30934698
30934699
30934700
30934701
30934702
30934703
30934704
30934705
30934706
30934707
30934708
30934709
30934710
30934711
30934712
30934713
30934714
30934715
30934716
30934717
30934718
30934719
30934720
30934721
30934722
30934723
30934724
30934725
30934726
30934727
30934728
30934729
30934730
30934731
30934732
30934733
30934734
30934735
30934736
30934737
30934738
30934739
30934740
30934741
30934742
30934743
30934744
30934745
30934746
30934747
30934748
30934749
30934750
30934751
30934752
30934753
30934754
30934755
30934756
30934757
30934758
30934759
30934760
30934761
30934762
30934763
30934764
30934765
30934766
30934767
30934768
30934769
30934770
30934771
30934772
30934773
30934774
30934775
30934776
30934777
30934778
30934779
30934780
30934781
30934782
30934783
30934784
30934785
30934786
30934787
30934788
30934789
30934790
30934791
30934792
30934793
30934794
30934795
30934796
30934797
30934798
30934799
30934800
30934801
30934802
30934803
30934804
30934805
30934806
30934807
30934808
30934809
30934810
30934811
30934812
30934813
30934814
30934815
30934816
30934817
30934818
30934819
30934820
30934821
30934822
30934823
30934824
30934825
30934826
30934827
30934828
30934829
30934830
30934831
30934832
30934833
30934834
30934835
30934836
30934837
30934838
30934839
30934840
30934841
30934842
30934843
30934844
30934845
30934846
30934847
30934848
30934849
30934850
30934851
30934852
30934853
30934854
30934855
30934856
30934857
30934858
30934859
30934860
30934861
30934862
30934863
30934864
30934865
30934866
30934867
30934868
30934869
30934870
30934871
30934872
30934873
30934874
30934875
30934876
30934877
30934878
30934879
30934880
30934881
30934882
30934883
30934884
30934885
30934886
30934887
30934888
30934889
30934890
30934891
30934892
30934893
30934894
30934895
30934896
30934897
30934898
30934899
30934900
30934901
30934902
30934903
30934904
30934905
30934906
30934907
30934908
30934909
30934910
30934911
30934912
30934913
30934914
30934915
30934916
30934917
30934918
30934919
30934920
30934921
30934922
30934923
30934924
30934925
30934926
30934927
30934928
30934929
30934930
30934931
30934932
30934933
30934934
30934935
30934936
30934937
30934938
30934939
30934940
30934941
30934942
30934943
30934944
30934945
30934946
30934947
30934948
30934949
30934950
30934951
30934952
30934953
30934954
30934955
30934956
30934957
30934958
30934959
30934960
30934961
30934962
30934963
30934964
30934965
30934966
30934967
30934968
30934969
30934970
30934971
30934972
30934973
30934974
30934975
30934976
30934977
30934978
30934979
30934980
30934981
30934982
30934983
30934984
30934985
30934986
30934987
30934988
30934989
30934990
30934991
30934992
30934993
30934994
30934995
30934996
30934997
30934998
30934999
30935000
30935001
30935002
30935003
30935004
30935005
30935006
30935007
30935008
30935009
30935010
30935011
30935012
30935013
30935014
30935015
30935016
30935017
30935018
30935019
30935020
30935021
30935022
30935023
30935024
30935025
30935026
30935027
30935028
30935029
30935030
30935031
30935032
30935033
30935034
30935035
30935036
30935037
30935038
30935039
30935040
30935041
30935042
30935043
30935044
30935045
30935046
30935047
30935048
30935049
30935050
30935051
30935052
30935053
30935054
30935055
30935056
30935057
30935058
30935059
30935060
30935061
30935062
30935063
30935064
30935065
30935066
30935067
30935068
30935069
30935070
30935071
30935072
30935073
30935074
30935075
30935076
30935077
30935078
30935079
30935080
30935081
30935082
30935083
30935084
30935085
30935086
30935087
30935088
30935089
30935090
30935091
30935092
30935093
30935094
30935095
30935096
30935097
30935098
30935099
30935100
30935101
30935102
30935103
30935104
30935105
30935106
30935107
30935108
30935109
30935110
30935111
30935112
30935113
30935114
30935115
30935116
30935117
30935118
30935119
30935120
30935121
30935122
30935123
30935124
30935125
30935126
30935127
30935128
30935129
30935130
30935131
30935132
30935133
30935134
30935135
30935136
30935137
30935138
30935139
30935140
30935141
30935142
30935143
30935144
30935145
30935146
30935147
30935148
30935149
30935150
30935151
30935152
30935153
30935154
30935155
30935156
30935157
30935158
30935159
30935160
30935161
30935162
30935163
30935164
30935165
30935166
30935167
30935168
30935169
30935170
30935171
30935172
30935173
30935174
30935175
30935176
30935177
30935178
30935179
30935180
30935181
30935182
30935183
30935184
30935185
30935186
30935187
30935188
30935189
30935190
30935191
30935192
30935193
30935194
30935195
30935196
30935197
30935198
30935199
30935200
30935201
30935202
30935203
30935204
30935205
30935206
30935207
30935208
30935209
30935210
30935211
30935212
30935213
30935214
30935215
30935216
30935217
30935218
30935219
30935220
30935221
30935222
30935223
30935224
30935225
30935226
30935227
30935228
30935229
30935230
30935231
30935232
30935233
30935234
30935235
30935236
30935237
30935238
30935239
30935240
30935241
30935242
30935243
30935244
30935245
30935246
30935247
30935248
30935249
30935250
30935251
30935252
30935253
30935254
30935255
30935256
30935257
30935258
30935259
30935260
30935261
30935262
30935263
30935264
30935265
30935266
30935267
30935268
30935269
30935270
30935271
30935272
30935273
30935274
30935275
30935276
30935277
30935278
30935279
30935280
30935281
30935282
30935283
30935284
30935285
30935286
30935287
30935288
30935289
30935290
30935291
30935292
30935293
30935294
30935295
30935296
30935297
30935298
30935299
30935300
30935301
30935302
30935303
30935304
30935305
30935306
30935307
30935308
30935309
30935310
30935311
30935312
30935313
30935314
30935315
30935316
30935317
30935318
30935319
30935320
30935321
30935322
30935323
30935324
30935325
30935326
30935327
30935328
30935329
30935330
30935331
30935332
30935333
30935334
30935335
30935336
30935337
30935338
30935339
30935340
30935341
30935342
30935343
30935344
30935345
30935346
30935347
30935348
30935349
30935350
30935351
30935352
30935353
30935354
30935355
30935356
30935357
30935358
30935359
30935360
30935361
30935362
30935363
30935364
30935365
30935366
30935367
30935368
30935369
30935370
30935371
30935372
30935373
30935374
30935375
30935376
30935377
30935378
30935379
30935380
30935381
30935382
30935383
30935384
30935385
30935386
30935387
30935388
30935389
30935390
30935391
30935392
30935393
30935394
30935395
30935396
30935397
30935398
30935399
30935400
30935401
30935402
30935403
30935404
30935405
30935406
30935407
30935408
30935409
30935410
30935411
30935412
30935413
30935414
30935415
30935416
30935417
30935418
30935419
30935420
30935421
30935422
30935423
30935424
30935425
30935426
30935427
30935428
30935429
30935430
30935431
30935432
30935433
30935434
30935435
30935436
30935437
30935438
30935439
30935440
30935441
30935442
30935443
30935444
30935445
30935446
30935447
30935448
30935449
30935450
30935451
30935452
30935453
30935454
30935455
30935456
30935457
30935458
30935459
30935460
30935461
30935462
30935463
30935464
30935465
30935466
30935467
30935468
30935469
30935470
30935471
30935472
30935473
30935474
30935475
30935476
30935477
30935478
30935479
30935480
30935481
30935482
30935483
30935484
30935485
30935486
30935487
30935488
30935489
30935490
30935491
30935492
30935493
30935494
30935495
30935496
30935497
30935498
30935499
30935500
30935501
30935502
30935503
30935504
30935505
30935506
30935507
30935508
30935509
30935510
30935511
30935512
30935513
30935514
30935515
30935516
30935517
30935518
30935519
30935520
30935521
30935522
30935523
30935524
30935525
30935526
30935527
30935528
30935529
30935530
30935531
30935532
30935533
30935534
30935535
30935536
30935537
30935538
30935539
30935540
30935541
30935542
30935543
30935544
30935545
30935546
30935547
30935548
30935549
30935550
30935551
30935552
30935553
30935554
30935555
30935556
30935557
30935558
30935559
30935560
30935561
30935562
30935563
30935564
30935565
30935566
30935567
30935568
30935569
30935570
30935571
30935572
30935573
30935574
30935575
30935576
30935577
30935578
30935579
30935580
30935581
30935582
30935583
30935584
30935585
30935586
30935587
30935588
30935589
30935590
30935591
30935592
30935593
30935594
30935595
30935596
30935597
30935598
30935599
30935600
30935601
30935602
30935603
30935604
30935605
30935606
30935607
30935608
30935609
30935610
30935611
30935612
30935613
30935614
30935615
30935616
30935617
30935618
30935619
30935620
30935621
30935622
30935623
30935624
30935625
30935626
30935627
30935628
30935629
30935630
30935631
30935632
30935633
30935634
30935635
30935636
30935637
30935638
30935639
30935640
30935641
30935642
30935643
30935644
30935645
30935646
30935647
30935648
30935649
30935650
30935651
30935652
30935653
30935654
30935655
30935656
30935657
30935658
30935659
30935660
30935661
30935662
30935663
30935664
30935665
30935666
30935667
30935668
30935669
30935670
30935671
30935672
30935673
30935674
30935675
30935676
30935677
30935678
30935679
30935680
30935681
30935682
30935683
30935684
30935685
30935686
30935687
30935688
30935689
30935690
30935691
30935692
30935693
30935694
30935695
30935696
30935697
30935698
30935699
30935700
30935701
30935702
30935703
30935704
30935705
30935706
30935707
30935708
30935709
30935710
30935711
30935712
30935713
30935714
30935715
30935716
30935717
30935718
30935719
30935720
30935721
30935722
30935723
30935724
30935725
30935726
30935727
30935728
30935729
30935730
30935731
30935732
30935733
30935734
30935735
30935736
30935737
30935738
30935739
30935740
30935741
30935742
30935743
30935744
30935745
30935746
30935747
30935748
30935749
30935750
30935751
30935752
30935753
30935754
30935755
30935756
30935757
30935758
30935759
30935760
30935761
30935762
30935763
30935764
30935765
30935766
30935767
30935768
30935769
30935770
30935771
30935772
30935773
30935774
30935775
30935776
30935777
30935778
30935779
30935780
30935781
30935782
30935783
30935784
30935785
30935786
30935787
30935788
30935789
30935790
30935791
30935792
30935793
30935794
30935795
30935796
30935797
30935798
30935799
30935800
30935801
30935802
30935803
30935804
30935805
30935806
30935807
30935808
30935809
30935810
30935811
30935812
30935813
30935814
30935815
30935816
30935817
30935818
30935819
30935820
30935821
30935822
30935823
30935824
30935825
30935826
30935827
30935828
30935829
30935830
30935831
30935832
30935833
30935834
30935835
30935836
30935837
30935838
30935839
30935840
30935841
30935842
30935843
30935844
30935845
30935846
30935847
30935848
30935849
30935850
30935851
30935852
30935853
30935854
30935855
30935856
30935857
30935858
30935859
30935860
30935861
30935862
30935863
30935864
30935865
30935866
30935867
30935868
30935869
30935870
30935871
30935872
30935873
30935874
30935875
30935876
30935877
30935878
30935879
30935880
30935881
30935882
30935883
30935884
30935885
30935886
30935887
30935888
30935889
30935890
30935891
30935892
30935893
30935894
30935895
30935896
30935897
30935898
30935899
30935900
30935901
30935902
30935903
30935904
30935905
30935906
30935907
30935908
30935909
30935910
30935911
30935912
30935913
30935914
30935915
30935916
30935917
30935918
30935919
30935920
30935921
30935922
30935923
30935924
30935925
30935926
30935927
30935928
30935929
30935930
30935931
30935932
30935933
30935934
30935935
30935936
30935937
30935938
30935939
30935940
30935941
30935942
30935943
30935944
30935945
30935946
30935947
30935948
30935949
30935950
30935951
30935952
30935953
30935954
30935955
30935956
30935957
30935958
30935959
30935960
30935961
30935962
30935963
30935964
30935965
30935966
30935967
30935968
30935969
30935970
30935971
30935972
30935973
30935974
30935975
30935976
30935977
30935978
30935979
30935980
30935981
30935982
30935983
30935984
30935985
30935986
30935987
30935988
30935989
30935990
30935991
30935992
30935993
30935994
30935995
30935996
30935997
30935998
30935999
30936000
30936001
30936002
30936003
30936004
30936005
30936006
30936007
30936008
30936009
30936010
30936011
30936012
30936013
30936014
30936015
30936016
30936017
30936018
30936019
30936020
30936021
30936022
30936023
30936024
30936025
30936026
30936027
30936028
30936029
30936030
30936031
30936032
30936033
30936034
30936035
30936036
30936037
30936038
30936039
30936040
30936041
30936042
30936043
30936044
30936045
30936046
30936047
30936048
30936049
30936050
30936051
30936052
30936053
30936054
30936055
30936056
30936057
30936058
30936059
30936060
30936061
30936062
30936063
30936064
30936065
30936066
30936067
30936068
30936069
30936070
30936071
30936072
30936073
30936074
30936075
30936076
30936077
30936078
30936079
30936080
30936081
30936082
30936083
30936084
30936085
30936086
30936087
30936088
30936089
30936090
30936091
30936092
30936093
30936094
30936095
30936096
30936097
30936098
30936099
30936100
30936101
30936102
30936103
30936104
30936105
30936106
30936107
30936108
30936109
30936110
30936111
30936112
30936113
30936114
30936115
30936116
30936117
30936118
30936119
30936120
30936121
30936122
30936123
30936124
30936125
30936126
30936127
30936128
30936129
30936130
30936131
30936132
30936133
30936134
30936135
30936136
30936137
30936138
30936139
30936140
30936141
30936142
30936143
30936144
30936145
30936146
30936147
30936148
30936149
30936150
30936151
30936152
30936153
30936154
30936155
30936156
30936157
30936158
30936159
30936160
30936161
30936162
30936163
30936164
30936165
30936166
30936167
30936168
30936169
30936170
30936171
30936172
30936173
30936174
30936175
30936176
30936177
30936178
30936179
30936180
30936181
30936182
30936183
30936184
30936185
30936186
30936187
30936188
30936189
30936190
30936191
30936192
30936193
30936194
30936195
30936196
30936197
30936198
30936199
30936200
30936201
30936202
30936203
30936204
30936205
30936206
30936207
30936208
30936209
30936210
30936211
30936212
30936213
30936214
30936215
30936216
30936217
30936218
30936219
30936220
30936221
30936222
30936223
30936224
30936225
30936226
30936227
30936228
30936229
30936230
30936231
30936232
30936233
30936234
30936235
30936236
30936237
30936238
30936239
30936240
30936241
30936242
30936243
30936244
30936245
30936246
30936247
30936248
30936249
30936250
30936251
30936252
30936253
30936254
30936255
30936256
30936257
30936258
30936259
30936260
30936261
30936262
30936263
30936264
30936265
30936266
30936267
30936268
30936269
30936270
30936271
30936272
30936273
30936274
30936275
30936276
30936277
30936278
30936279
30936280
30936281
30936282
30936283
30936284
30936285
30936286
30936287
30936288
30936289
30936290
30936291
30936292
30936293
30936294
30936295
30936296
30936297
30936298
30936299
30936300
30936301
30936302
30936303
30936304
30936305
30936306
30936307
30936308
30936309
30936310
30936311
30936312
30936313
30936314
30936315
30936316
30936317
30936318
30936319
30936320
30936321
30936322
30936323
30936324
30936325
30936326
30936327
30936328
30936329
30936330
30936331
30936332
30936333
30936334
30936335
30936336
30936337
30936338
30936339
30936340
30936341
30936342
30936343
30936344
30936345
30936346
30936347
30936348
30936349
30936350
30936351
30936352
30936353
30936354
30936355
30936356
30936357
30936358
30936359
30936360
30936361
30936362
30936363
30936364
30936365
30936366
30936367
30936368
30936369
30936370
30936371
30936372
30936373
30936374
30936375
30936376
30936377
30936378
30936379
30936380
30936381
30936382
30936383
30936384
30936385
30936386
30936387
30936388
30936389
30936390
30936391
30936392
30936393
30936394
30936395
30936396
30936397
30936398
30936399
30936400
30936401
30936402
30936403
30936404
30936405
30936406
30936407
30936408
30936409
30936410
30936411
30936412
30936413
30936414
30936415
30936416
30936417
30936418
30936419
30936420
30936421
30936422
30936423
30936424
30936425
30936426
30936427
30936428
30936429
30936430
30936431
30936432
30936433
30936434
30936435
30936436
30936437
30936438
30936439
30936440
30936441
30936442
30936443
30936444
30936445
30936446
30936447
30936448
30936449
30936450
30936451
30936452
30936453
30936454
30936455
30936456
30936457
30936458
30936459
30936460
30936461
30936462
30936463
30936464
30936465
30936466
30936467
30936468
30936469
30936470
30936471
30936472
30936473
30936474
30936475
30936476
30936477
30936478
30936479
30936480
30936481
30936482
30936483
30936484
30936485
30936486
30936487
30936488
30936489
30936490
30936491
30936492
30936493
30936494
30936495
30936496
30936497
30936498
30936499
30936500
30936501
30936502
30936503
30936504
30936505
30936506
30936507
30936508
30936509
30936510
30936511
30936512
30936513
30936514
30936515
30936516
30936517
30936518
30936519
30936520
30936521
30936522
30936523
30936524
30936525
30936526
30936527
30936528
30936529
30936530
30936531
30936532
30936533
30936534
30936535
30936536
30936537
30936538
30936539
30936540
30936541
30936542
30936543
30936544
30936545
30936546
30936547
30936548
30936549
30936550
30936551
30936552
30936553
30936554
30936555
30936556
30936557
30936558
30936559
30936560
30936561
30936562
30936563
30936564
30936565
30936566
30936567
30936568
30936569
30936570
30936571
30936572
30936573
30936574
30936575
30936576
30936577
30936578
30936579
30936580
30936581
30936582
30936583
30936584
30936585
30936586
30936587
30936588
30936589
30936590
30936591
30936592
30936593
30936594
30936595
30936596
30936597
30936598
30936599
30936600
30936601
30936602
30936603
30936604
30936605
30936606
30936607
30936608
30936609
30936610
30936611
30936612
30936613
30936614
30936615
30936616
30936617
30936618
30936619
30936620
30936621
30936622
30936623
30936624
30936625
30936626
30936627
30936628
30936629
30936630
30936631
30936632
30936633
30936634
30936635
30936636
30936637
30936638
30936639
31025754
31025755
31025756
31025757
31025758
31025759
31025760
31025761
31025762
31025763
31025764
31025765
31025766
31025767
31025768
31025769
31025770
31025771
31025772
31025773
31025774
31025775
31025776
31025777
31025778
31025779
31025780
31025781
31025782
31025783
31025784
31025785
31025786
31025787
31025788
31025789
31025790
31025791
31025792
31025793
31025794
31025795
31025796
31025797
31025798
31025799
31025800
31025801
31025802
31025803
31025804
31025805
31025806
31025807
31025808
31025809
31025810
31025811
31025812
31025813
31025814
31025815
31025816
31025817
31025818
31025819
31025820
31025821
31025822
31025823
31025824
31025825
31025826
31025827
31025828
31025829
31025830
31025831
31025832
31025833
31025834
31025835
31025836
31025837
31025838
31025839
31025840
31025841
31025842
31025843
31025844
31025845
31025846
31025847
31025848
31025849
31025850
31025851
31025852
31025853
31025854
31025855
31025856
31025857
31025858
31025859
31025860
31025861
31025862
31025863
31025864
31025865
31025866
31025867
31025868
31025869
31025870
31025871
31025872
31025873
31025874
31025875
31025876
31025877
31025878
31025879
31025880
31025881
31025882
31025883
31025884
31025885
31025886
31025887
31025888
31025889
31025890
31025891
31025892
31025893
31025894
31025895
31025896
31025897
31025898
31025899
31025900
31025901
31025902
31025903
31025904
31025905
31025906
31038850
31038851
31038852
31038853
31038854
31038855
31038856
31038857
31038858
31038859
31038860
31038861
31038862
31038863
31038864
31038865
31038866
31038867
31038868
31038869
31038870
31038871
31038872
31038873
31038874
31038875
31038876
31038877
31038878
31038879
31038880
31038881
31038882
31038883
31038884
31038885
31038886
31038887
31038888
31038889
31038890
31038891
31038892
31038893
31038894
31038895
31038896
31038897
31038898
31038899
31038900
31038901
31038902
31038903
31038904
31038905
31038906
31038907
31038908
31038909
31038910
31038911
31038912
31038913
31038914
31038915
31038916
31038917
31038918
31038919
31038920
31038921
31038922
31038923
31038924
31038925
31038926
31038927
31038928
31038929
31038930
31038931
31038932
31038933
31038934
31038935
31038936
31038937
31038938
31038939
31038940
31038941
31038942
31038943
31038944
31038945
31038946
31038947
31038948
31038949
31038950
31038951
31038952
31038953
31038954
31038955
31038956
31038957
31038958
31038959
31038960
31038961
31038962
31038963
31038964
31038965
31038966
31038967
31038968
31038969
31038970
31038971
31038972
31038973
31038974
31038975
31038976
31038977
31038978
31038979
31038980
31038981
31038982
31038983
31038984
31038985
31038986
31038987
31038988
31038989
31038990
31038991
31038992
31038993
31038994
31038995
31038996
31038997
31038998
31038999
31039000
31039001
31039002
31039003
31039004
31039005
31039006
31039007
31039008
31039009
31039010
31039011
31039012
31039013
31039014
31039015
31039016
31039017
31039018
31039019
31039020
31039021
31039022
31039023
31039024
31039025
31039026
31039027
31039028
31039029
31039030
31039031
31039032
31039033
31039034
31039035
31039036
31039037
31039038
31039039
31039040
31039041
31039042
31039043
31039044
31039045
31039046
31039047
31039048
31039049
31039050
31039051
31039052
31039053
31039054
31039055
31039056
31039057
31039058
31039059
31039060
31039061
31039062
31039063
31039064
31039065
31039066
31039067
31039068
31039069
31039070
31039071
31039072
31039073
31039074
31039075
31039076
31039077
31039078
31039079
31039080
31039081
31039082
31039083
31039084
31039085
31039086
31039087
31039088
31039089
31039090
31039091
31039092
31039093
31039094
31039095
31039096
31039097
31039098
31039099
31039100
31039101
31039102
31039103
31039104
31039105
31039106
31039107
31039108
31039109
31039110
31039111
31039112
31039113
31039114
31039115
31039116
31039117
31039118
31039119
31039120
31039121
31039122
31039123
31039124
31039125
31039126
31039127
31039128
31039129
31039130
31039131
31039132
31039133
31039134
31039135
31039136
31039137
31039138
31039139
31039140
31039141
31039142
31039143
31039144
31039145
31039146
31039147
31039148
31039149
31039150
31039151
31039152
31039153
31039154
31039155
31039156
31039157
31039158
31039159
31039160
31039161
31039162
31039163
31039164
31039165
31039166
31039167
31039168
31039169
31039170
31039171
31039172
31039173
31039174
31039175
31039176
31039177
31039178
31039179
31039180
31039181
31039182
31039183
31039184
31039185
31039186
31039187
31039188
31039189
31039190
31039191
31039192
31039193
31039194
31039195
31039196
31039197
31039198
31039199
31039200
31039201
31039202
31039203
31039204
31039205
31039206
31039207
31039208
31039209
31039210
31039211
31039212
31039213
31039214
31039215
31039216
31039217
31039218
31039219
31039220
31039221
31039222
31039223
31039224
31039225
31039226
31039227
31039228
31039229
31039230
31039231
31039232
31039233
31039234
31039235
31039236
31039237
31039238
31039239
31039240
31039241
31039242
31039243
31039244
31039245
31039246
31039247
31039248
31039249
31039250
31039251
31039252
31039253
31039254
31039255
31039256
31039257
31039258
31039259
31039260
31039261
31039262
31039263
31039264
31039265
31039266
31039267
31039268
31039269
31039270
31039271
31039272
31039273
31039274
31039275
31039276
31039277
31039278
31039279
31039280
31039281
31039282
31039283
31039284
31039285
31039286
31039287
31039288
31039289
31039290
31039291
31039292
31039293
31039294
31039295
31039296
31039297
31039298
31039299
31039300
31039301
31039302
31039303
31039304
31039305
31039306
31039307
31039308
31039309
31039310
31039311
31039312
31039313
31039314
31039315
31039316
31039317
31039318
31039319
31039320
31039321
31039322
31039323
31039324
31039325
31039326
31039327
31039328
31039329
31039330
31039331
31039332
31039333
31039334
31039335
31039336
31039337
31039338
31039339
31039340
31039341
31039342
31039343
31039344
31039345
31039346
31039347
31039348
31039349
31039350
31039351
31039352
31039353
31039354
31039355
31039356
31039357
31039358
31039359
31039360
31039361
31039362
31039363
31039364
31039365
31039366
31039367
31039368
31039369
31039370
31039371
31039372
31039373
31039374
31039375
31039376
31039377
31039378
31039379
31039380
31039381
31039382
31039383
31039384
31039385
31039386
31039387
31039388
31039389
31039390
31039391
31039392
31039393
31039394
31039395
31039396
31039397
31039398
31039399
31039400
31039401
31039402
31039403
31039404
31039405
31039406
31039407
31039408
31039409
31039410
31039411
31039412
31039413
31039414
31039415
31039416
31039417
31039418
31039419
31039420
31039421
31039422
31039423
31039424
31039425
31039426
31039427
31039428
31039429
31039430
31039431
31039432
31039433
31039434
31039435
31039436
31039437
31039438
31039439
31039440
31039441
31039442
31039443
31039444
31039445
31039446
31039447
31039448
31039449
31039450
31039451
31039452
31039453
31039454
31039455
31039456
31039457
31039458
31039459
31039460
31039461
31039462
31039463
31039464
31039465
31039466
31039467
31039468
31039469
31039470
31039471
31039472
31039473
31039474
31039475
31039476
31039477
31039478
31039479
31039480
31039481
31039482
31039483
31039484
31039485
31039486
31039487
31039488
31039489
31039490
31039491
31039492
31039493
31039494
31039495
31039496
31039497
31039498
31039499
31039500
31039501
31039502
31039503
31039504
31039505
31039506
31039507
31039508
31039509
31039510
31039511
31039512
31039513
31039514
31039515
31039516
31039517
31039518
31039519
31039520
31039521
31039522
31039523
31039524
31039525
31039526
31039527
31039528
31039529
31039530
31039531
31039532
31039533
31039534
31039535
31039536
31039537
31039538
31039539
31039540
31039541
31039542
31039543
31039544
31039545
31039546
31039547
31039548
31039549
31039550
31039551
31039552
31039553
31039554
31039555
31039556
31039557
31039558
31039559
31039560
31039561
31039562
31039563
31039564
31039565
31039566
31039567
31039568
31039569
31039570
31039571
31039572
31039573
31039574
31039575
31039576
31039577
31039578
31039579
31039580
31039581
31039582
31039583
31039584
31039585
31039586
31039587
31039588
31039589
31039590
31039591
31039592
31039593
31039594
31039595
31039596
31039597
31039598
31039599
31039600
31039601
31039602
31039603
31039604
31039605
31039606
31039607
31039608
31039609
31039610
31039611
31039612
31039613
31039614
31039615
31039616
31039617
31039618
31039619
31039620
31039621
31039622
31039623
31039624
31039625
31039626
31039627
31039628
31039629
31039630
31039631
31039632
31039633
31039634
31039635
31039636
31039637
31039638
31039639
31039640
31039641
31039642
31039643
31039644
31039645
31039646
31039647
31039648
31039649
31039650
31039651
31039652
31039653
31039654
31039655
31039656
31039657
31039658
31039659
31039660
31039661
31039662
31039663
31039664
31039665
31039666
31039667
31039668
31039669
31039670
31039671
31039672
31039673
31039674
31039675
31039676
31039677
31039678
31039679
31039680
31039681
31039682
31039683
31039684
31039685
31039686
31039687
31039688
31039689
31039690
31039691
31039692
31039693
31039694
31039695
31039696
31039697
31039698
31039699
31039700
31039701
31039702
31039703
31039704
31039705
31039706
31039707
31039708
31039709
31039710
31039711
31039712
31039713
31039714
31039715
31039716
31039717
31039718
31039719
31039720
31039721
31039722
31039723
31039724
31039725
31039726
31039727
31039728
31039729
31039730
31039731
31039732
31039733
31039734
31039735
31039736
31039737
31039738
31039739
31039740
31039741
31039742
31039743
31039744
31039745
31039746
31039747
31039748
31039749
31039750
31039751
31039752
31039753
31039754
31039755
31039756
31039757
31039758
31039759
31039760
31039761
31039762
31039763
31039764
31039765
31039766
31039767
31039768
31039769
31039770
31039771
31039772
31039773
31039774
31039775
31039776
31039777
31039778
31039779
31039780
31039781
31039782
31039783
31039784
31039785
31039786
31039787
31039788
31039789
31039790
31039791
31039792
31039793
31039794
31039795
31039796
31039797
31039798
31039799
31039800
31039801
31039802
31039803
31039804
31039805
31039806
31039807
31039808
31039809
31039810
31039811
31039812
31039813
31039814
31039815
31039816
31039817
31039818
31039819
31039820
31039821
31039822
31039823
31039824
31039825
31039826
31039827
31039828
31039829
31039830
31039831
31039832
31039833
31039834
31039835
31039836
31039837
31039838
31039839
31039840
31039841
31039842
31039843
31039844
31039845
31039846
31039847
31039848
31039849
31039850
31039851
31039852
31039853
31039854
31039855
31039856
31039857
31039858
31039859
31039860
31039861
31039862
31039863
31039864
31039865
31039866
31039867
31039868
31039869
31039870
31039871
31039872
31039873
31039874
31039875
31039876
31039877
31039878
31039879
31039880
31039881
31039882
31039883
31039884
31039885
31039886
31039887
31039888
31039889
31039890
31039891
31039892
31039893
31039894
31039895
31039896
31039897
31039898
31039899
31039900
31039901
31039902
31039903
31039904
31039905
31039906
31039907
31039908
31039909
31039910
31039911
31039912
31039913
31039914
31039915
31039916
31039917
31039918
31039919
31039920
31039921
31039922
31039923
31039924
31039925
31039926
31039927
31039928
31039929
31039930
31039931
31039932
31039933
31039934
31039935
31039936
31039937
31039938
31039939
31039940
31039941
31039942
31039943
31039944
31039945
31039946
31039947
31039948
31039949
31039950
31039951
31039952
31039953
31039954
31039955
31039956
31039957
31039958
31039959
31039960
31039961
31039962
31039963
31039964
31039965
31039966
31039967
31039968
31039969
31039970
31039971
31039972
31039973
31039974
31039975
31039976
31039977
31039978
31039979
31039980
31039981
31039982
31039983
31039984
31039985
31039986
31039987
31039988
31039989
31039990
31039991
31039992
31039993
31039994
31039995
31039996
31039997
31039998
31039999
31040000
31040001
31040002
31040003
31040004
31040005
31040006
31040007
31040008
31040009
31040010
31040011
31040012
31040013
31040014
31040015
31040016
31040017
31040018
31040019
31040020
31040021
31040022
31040023
31040024
31040025
31040026
31040027
31040028
31040029
31040030
31040031
31040032
31040033
31040034
31040035
31040036
31040037
31040038
31040039
31040040
31040041
31040042
31040043
31040044
31040045
31040046
31040047
31040048
31040049
31040050
31040051
31040052
31040053
31040054
31040055
31040056
31040057
31040058
31040059
31040060
31040061
31040062
31040063
31040064
31040065
31040066
31040067
31040068
31040069
31040070
31040071
31040072
31040073
31040074
31040075
31040076
31040077
31040078
31040079
31040080
31040081
31040082
31040083
31040084
31040085
31040086
31040087
31040088
31040089
31040090
31040091
31040092
31040093
31040094
31040095
31040096
31040097
31040098
31040099
31040100
31040101
31040102
31040103
31040104
31040105
31040106
31040107
31040108
31040109
31040110
31040111
31040112
31040113
31040114
31040115
31040116
31040117
31040118
31040119
31040120
31040121
31040122
31040123
31040124
31040125
31040126
31040127
31040128
31040129
31040130
31040131
31040132
31040133
31040134
31040135
31040136
31040137
31040138
31040139
31040140
31040141
31040142
31040143
31040144
31040145
31040146
31040147
31040148
31040149
31040150
31040151
31040152
31040153
31040154
31040155
31040156
31040157
31040158
31040159
31040160
31040161
31040162
31040163
31040164
31040165
31040166
31040167
31040168
31040169
31040170
31040171
31040172
31040173
31040174
31040175
31040176
31040177
31040178
31040179
31040180
31040181
31040182
31040183
31040184
31040185
31040186
31040187
31040188
31040189
31040190
31040191
31040192
31040193
31040194
31040195
31040196
31040197
31040198
31040199
31040200
31040201
31040202
31040203
31040204
31040205
31040206
31040207
31040208
31040209
31040210
31040211
31040212
31040213
31040214
31040215
31040216
31040217
31040218
31040219
31040220
31040221
31040222
31040223
31040224
31040225
31040226
31040227
31040228
31040229
31040230
31040231
31040232
31040233
31040234
31040235
31040236
31040237
31040238
31040239
31040240
31040241
31040242
31040243
31040244
31040245
31040246
31040247
31040248
31040249
31040250
31040251
31040252
31040253
31040254
31040255
31040256
31040257
31040258
31040259
31040260
31040261
31040262
31040263
31040264
31040265
31040266
31040267
31040268
31040269
31040270
31040271
31040272
31040273
31040274
31040275
31040276
31040277
31040278
31040279
31040280
31040281
31040282
31040283
31040284
31040285
31040286
31040287
31040288
31040289
31040290
31040291
31040292
31040293
31040294
31040295
31040296
31040297
31040298
31040299
31040300
31040301
31040302
31040303
31040304
31040305
31040306
31040307
31040308
31040309
31040310
31040311
31040312
31040313
31040314
31040315
31040316
31040317
31040318
31040319
31040320
31040321
31040322
31040323
31040324
31040325
31040326
31040327
31040328
31040329
31040330
31040331
31040332
31040333
31040334
31040335
31040336
31040337
31040338
31040339
31040340
31040341
31040342
31040343
31040344
31040345
31040346
31040347
31040348
31040349
31040350
31040351
31040352
31040353
31040354
31040355
31040356
31040357
31040358
31040359
31040360
31040361
31040362
31040363
31040364
31040365
31040366
31040367
31040368
31040369
31040370
31040371
31040372
31040373
31040374
31040375
31040376
31040377
31040378
31040379
31040380
31040381
31040382
31040383
31040384
31040385
31040386
31040387
31040388
31040389
31040390
31040391
31040392
31040393
31040394
31040395
31040396
31040397
31040398
31040399
31040400
31040401
31040402
31040403
31040404
31040405
31040406
31040407
31040408
31040409
31040410
31040411
31040412
31040413
31040414
31040415
31040416
31040417
31040418
31040419
31040420
31040421
31048064
31048065
31048066
31048067
31048068
