7011817
7011818
7011819
7011820
7011821
7011822
7011823
7011824
7011825
7011826
7011827
7011828
7011829
7011830
7011831
7011832
7011833
7011834
7011835
7011836
7011837
7011838
7011839
7011840
7011841
7011842
7011843
7011844
7011845
7011846
7011847
7011848
7011849
7011850
7011851
7011852
7011853
7011854
7011855
7011856
7011857
7011858
7011859
7011860
7011861
7011862
7011863
7011864
7011865
7011866
7011867
7011868
7011869
7011870
7011871
7011872
7011873
7011874
7011875
7011876
7011877
7011878
7011879
7011880
7011881
7011882
7011883
7011884
7011885
7011886
7011887
7011888
7011889
7011890
7011891
7011892
7011893
7011894
7011895
7011896
7011897
7011898
7011899
7011900
7011901
7011902
7011903
7011904
7011905
7011906
7011907
7011908
7011909
7011910
7011911
7011912
7011913
7011914
7011915
7011916
7011917
7011918
7011919
7011920
7011921
7011922
7011923
7011924
7011925
7011926
7011927
7011928
7011929
7011930
7011931
7011932
7011933
7011934
7011935
7011936
7011937
7011938
7011939
7011940
7011941
7011942
7011943
7011944
7011945
7011946
7011947
7011948
7011949
7011950
7011951
7011952
7011953
7011954
7011955
7011956
7011957
7011958
7011959
7011960
7011961
7011962
7011963
7011964
7011965
7011966
7011967
7011968
7011969
7011970
7011971
7011972
7011973
7011974
7011975
7011976
7011977
7011978
7011979
7011980
7011981
7011982
7011983
7011984
7011985
7011986
7011987
7011988
7011989
7011990
7011991
7011992
7011993
7011994
7011995
7011996
7011997
7011998
7011999
7012000
7012001
7012002
7012003
7012004
7012005
7012006
7012007
7012008
7012009
7012010
7012011
7012012
7012013
7012014
7012015
7012016
7012017
7012018
7012019
7012020
7012021
7012022
7012023
7012024
7012025
7012026
7012027
7012028
7012029
7012030
7012031
7012032
7012033
7012034
7012035
7012036
7012037
7012038
7012039
7012040
7012041
7012042
7012043
7012044
7012045
7012046
7012047
7012048
7012049
7012050
7012051
7012052
7012053
7012054
7012055
7012056
7012057
7012058
7012059
7030623
7030624
7030625
7030626
7030627
7030628
7030629
7030630
7030631
7030632
7030633
7030634
7030635
7030636
7030637
7030638
7030639
7030640
7030641
7030642
7030643
7030644
7030645
7030646
7030647
7030648
7030649
7030650
7030651
7030652
7030653
7030654
7030655
7030656
7030657
7030658
7030659
7030660
7030661
7030662
7030663
7030664
7030665
7030666
7030667
7032324
7032325
7032326
7032327
7032328
7032329
7032330
7032331
7032332
7032333
7032334
7032335
7032336
7032337
7032338
7032339
7032340
7032341
7032342
7032343
7032344
7032345
7032346
7032347
7032348
7032349
7032350
7032351
7032352
7032353
7032354
7032355
7032356
7032357
7032358
7032359
7032360
7032361
7032362
7032363
7032364
7032365
7032366
7032367
7032368
7032369
7032370
7032371
7032372
7032373
7032374
7032375
7032376
7032377
7032378
7032379
7032380
7032381
7032382
7032383
7032384
7032385
7032386
7032387
7032388
7032389
7032390
7032391
7032392
7032393
7032394
7032395
7032396
7032397
7032398
7032399
7032400
7032401
7032402
7032403
7032404
7032405
7032406
7032407
7032408
7032409
7032410
7032411
7032412
7032413
7032414
7032415
7032416
7032417
7032418
7032419
7032420
7032421
7032422
7032423
7032424
7032425
7032426
7032427
7032428
7032429
7032430
7032431
7032432
7032433
7032434
7032435
7032436
7032437
7032438
7032439
7032440
7032441
7032442
7032443
7032444
7032445
7032446
7032447
7032448
7032449
7032450
7032451
7032452
7032453
7032454
7032455
7032456
7032457
7032458
7032459
7032460
7032461
7032462
7032463
7032464
7032465
7032466
7032467
7032468
7032469
7032470
7032471
7032472
7032473
7032474
7032475
7032476
7032477
7032478
7032479
7032480
7032481
7032482
7032483
7032484
7032485
7032486
7032487
7032488
7032489
7032490
7032491
7032492
7032493
7032494
7032495
7032496
7032497
7032498
7032499
7032500
7032501
7032502
7032503
7032504
7032505
7032506
7032507
7032508
7032509
7032510
7032511
7032512
7032513
7032514
7032515
7032516
7032517
7032518
7032519
7032520
7032521
7032522
7032523
7032524
7032525
7032526
7032527
7032528
7032529
7032530
7032531
7032532
7032533
7032534
7032535
7032536
7032537
7032538
7032539
7032540
7032541
7032542
7032543
7032544
7032545
7032546
7032547
7032548
7032549
7032550
7032551
7032552
7032553
7032554
7032555
7032556
7032557
7032558
7032559
7032560
7032561
7032562
7032563
7032564
7032565
7032566
7032567
7032568
7032569
7032570
7032571
7032572
7032573
7032574
7032575
7032576
7032577
7032578
7032579
7032580
7032581
7032582
7032583
7032584
7032585
7032586
7032587
7032588
7032589
7032590
7032591
7032592
7032593
7032594
7032595
7032596
7032597
7032598
7032599
7032600
7032601
7032602
7032603
7032604
7032605
7032606
7032607
7032608
7032609
7032610
7032611
7032612
7032613
7032614
7032615
7032616
7032617
7032618
7032619
7032620
7032621
7032622
7032623
7032624
7032625
7032626
7032627
7032628
7032629
7032630
7032631
7032632
7032633
7032634
7032635
7032636
7032637
7032638
7032639
7032640
7032641
7032642
7032643
7032644
7032645
7032646
7032647
7032648
7032649
7032650
7032651
7032652
7032653
7032654
7032655
7032656
7032657
7032658
7032659
7032660
7032661
7032662
7032663
7032664
7032665
7032666
7032667
7032668
7032669
7032670
7032671
7032672
7032673
7032674
7032675
7032676
7032677
7032678
7032679
7032680
7032681
7032682
7032683
7032684
7032685
7032686
7032687
7032688
7032689
7032690
7032691
7032692
7032693
7032694
7032695
7032696
7032697
7032698
7032699
7032700
7032701
7032702
7032703
7032704
7032705
7032706
7032707
7032708
7032709
7032710
7032711
7032712
7032713
7032714
7032715
7032716
7032717
7032718
7032719
7032720
7032721
7032722
7032723
7032724
7032725
7032726
7032727
7032728
7032729
7032730
7032731
7032732
7032733
7032734
7032735
7032736
7032737
7032738
7032739
7032740
7032741
7032742
7032743
7032744
7032745
7032746
7032747
7032748
7032749
7032750
7032751
7032752
7032753
7032754
7032755
7032756
7032757
7032758
7032759
7032760
7032761
7032762
7032763
7032764
7032765
7032766
7032767
7032768
7032769
7032770
7032771
7032772
7032773
7032774
7032775
7032776
7032777
7032778
7032779
7032780
7032781
7032782
7032783
7032784
7032785
7032786
7032787
7032788
7032789
7032790
7032791
7032792
7032793
7032794
7032795
7032796
7032797
7032798
7032799
7032800
7032801
7032802
7032803
7032804
7032805
7032806
7032807
7032808
7032809
7032810
7032811
7032812
7032813
7032814
7032815
7032816
7032817
7032818
7032819
7032820
7032821
7032822
7032823
7032824
7032825
7032826
7032827
7032828
7032829
7032830
7032831
7032832
7032833
7032834
7032835
7032836
7032837
7032838
7032839
7032840
7032841
7032842
7032843
7032844
7032845
7032846
7032847
7032848
7032849
7032850
7032851
7032852
7032853
7032854
7032855
7032856
7032857
7032858
7032859
7032860
7032861
7032862
7032863
7032864
7032865
7032866
7032867
7032868
7032869
7032870
7032871
7032872
7032873
7032874
7032875
7032876
7032877
7032878
7032879
7032880
7032881
7032882
7032883
7032884
7032885
7032886
7032887
7032888
7032889
7032890
7032891
7032892
7032893
7032894
7032895
7032896
7032897
7032898
7032899
7032900
7032901
7032902
7040111
7040112
7040113
7040114
7040115
7040116
7040117
7040118
7040119
7040120
7040121
7040122
7040123
7040124
7040125
7040126
7040127
7040128
7040129
7040130
7040131
7040132
7040133
7040134
7040135
7040136
7040137
7040138
7040139
7040140
7040141
7040142
7040143
7040144
7040145
7040146
7040147
7040148
7040149
7040150
7040151
7040152
7040153
7040154
7040155
7037875
7037876
7037877
7037878
7037879
7037880
7037881
7037882
7037883
7037884
7037885
7037886
7037887
7037888
7037889
7037890
7037891
7037892
7037893
7037894
7037895
7037896
7037897
7037898
7037899
7037900
7037901
7037902
7037903
7037904
7037905
7037906
7037907
7037908
7037909
7037910
7037911
7037912
7037913
7037914
7037915
7037916
7037917
7037918
7037919
7037920
7037921
7037922
7037923
7037924
7037925
7037926
7037927
7037928
7037929
7037930
7037931
7037932
7037933
7037934
7037935
7037936
7037937
7037938
7037939
7037940
7037941
7037942
7037943
7037944
7037945
7037946
7037947
7037948
7037949
7037950
7037951
7037952
7037953
7037954
7037955
7037956
7037957
7037958
7037959
7037960
7037961
7037962
7037963
7037964
7037965
7037966
7037967
7037968
7037969
7037970
7037971
7037972
7037973
7037974
7037975
7037976
7037977
7037978
7037979
7037980
7037981
7037982
7037983
7037984
7037985
7037986
7037987
7037988
7037989
7037990
7037991
7037992
7037993
7037994
7037995
7037996
7037997
7037998
7037999
7038000
7038001
7038002
7038003
7038004
7038005
7038006
7038007
7038008
7038009
7038010
7038011
7038012
7038013
7038014
7038015
7038016
7038017
7038018
7038019
7038020
7038021
7038022
7038023
7038024
7038025
7038026
7038027
7038028
7038029
7038030
7038031
7038032
7038033
7038034
7038035
7038036
7038037
7038038
7038039
7038040
7038041
7038042
7038043
7038044
7038045
7038046
7038047
7038048
7038049
7038050
7038051
7038052
7038053
7038054
7038055
7038056
7038057
7038058
7038059
7038060
7038061
7038062
7038063
7038064
7038065
7038066
7038067
7038068
7038069
7038070
7038071
7038072
7038073
7038074
7038075
7038076
7038077
7038078
7038079
7038080
7038081
7038082
7038083
7038084
7038085
7038086
7038087
7038088
7038089
7038090
7038091
7038092
7038093
7038094
7038095
7038096
7038097
7038098
7038099
7038100
7038101
7038102
7038103
7038104
7038105
7038106
7038107
7038108
7038109
7038110
7038111
7038112
7038113
7038114
7038115
7038116
7038117
7038118
7038119
7038120
7038121
7038122
7038123
7038124
7038125
7038126
7038127
7038128
7038129
7038130
7038131
7038132
7038133
7038134
7038135
7038136
7038137
7038138
7038139
7038140
7038141
7038142
7038143
7038144
7038145
7038146
7038147
7038148
7038149
7038150
7038151
7038152
7038153
7038154
7038155
7038156
7038157
7038158
7038159
7038160
7038161
7038162
7038163
7038164
7038165
7038166
7038167
7038168
7038169
7038170
7038171
7038172
7038173
7038174
7038175
7038176
7038177
7038178
7038179
7038180
7038181
7038182
7038183
7038184
7038185
7038186
7038187
7038188
7038189
7038190
7038191
7038192
7038193
7038194
7038195
7038196
7038197
7038198
7038199
7038200
7038201
7038202
7038203
7038204
7038205
7038206
7038207
7038208
7038209
7038210
7038211
7038212
7038213
7038214
7038215
7038216
7038217
7038218
7038219
7038220
7038221
7038222
7038223
7038224
7038225
7038226
7038227
7038228
7038229
7038230
7038231
7038232
7038233
7038234
7038235
7038236
7038237
7038238
7038239
7038240
7038241
7038242
7038243
7038244
7038245
7038246
7038247
7038248
7038249
7038250
7038251
7038252
7038253
7038254
7038255
7038256
7038257
7038258
7038259
7038260
7038261
7038262
7038263
7038264
7038265
7038266
7038267
7038268
7038269
7038270
7038271
7038272
7038273
7038274
7038275
7038276
7038277
7038278
7038279
7038280
7038281
7038282
7038283
7038284
7038285
7038286
7038287
7038288
7038289
7038290
7038291
7038292
7038293
7038294
7038295
7038296
7038297
7038298
7038299
7038300
7038301
7038302
7038303
7038304
7038305
7038306
7038307
7038308
7038309
7038310
7038311
7038312
7038313
7038314
7038315
7038316
7038317
7038318
7038319
7038320
7038321
7038322
7038323
7038324
7038325
7038326
7038327
7038328
7038329
7038330
7038331
7038332
7038333
7038334
7038335
7038336
7038337
7038338
7038339
7038340
7038341
7038342
7038343
7038344
7038345
7038346
7038347
7038348
7038349
7038350
7038351
7038352
7038353
7038354
7038355
7038356
7038357
7038358
7038359
7038360
7038361
7038362
7038363
7038364
7038365
7038366
7038367
7038368
7038369
7038370
7038371
7038372
7038373
7038374
7038375
7038376
7038377
7038378
7038379
7038380
7038381
7038382
7038383
7038384
7038385
7038386
7038387
7038388
7038389
7038390
7038391
7038392
7038393
7038394
7038395
7038396
7038397
7038398
7038399
7038400
7038401
7038402
7038403
7038404
7038405
7038406
7038407
7038408
7038409
7038410
7038411
7038412
7038413
7038414
7038415
7038416
7038417
7038418
7038419
7038420
7038421
7038422
7038423
7038424
7038425
7038426
7038427
7038428
7038429
7038430
7038431
7038432
7038433
7038434
7038435
7038436
7038437
7038438
7038439
7038440
7038441
7038442
7038443
7038444
7038445
7038446
7038447
7038448
7038449
7038450
7038451
7038452
7038453
7049385
7049386
7049387
7049388
7049389
7049390
7049391
7049392
7049393
7049394
7049395
7049396
7049397
7049398
7049399
7049400
7049401
7049402
7049403
7049404
7049405
7049406
7049407
7049408
7049409
7049410
7049411
7049412
7049413
7049414
7049415
7049416
7049417
7049418
7049419
7049420
7049421
7049422
7049423
7049424
7049425
7049426
7049427
7049428
7049429
7051052
7051053
7051054
7051055
7051056
7051057
7051058
7051059
7051060
7051061
7051062
7051063
7051064
7051065
7051066
7051067
7051068
7051069
7051070
7051071
7051072
7051073
7051074
7051075
7051076
7051077
7051078
7051079
7051080
7051081
7051082
7051083
7051084
7051085
7051086
7051087
7051088
7051089
7051090
7051091
7051092
7051093
7051094
7051095
7051096
7051097
7051098
7051099
7051100
7051101
7051102
7051103
7051104
7051105
7051106
7051107
7051108
7051109
7051110
7051111
7051112
7051113
7051114
7051115
7051116
7051117
7051118
7051119
7051120
7051121
7051122
7051123
7051124
7051125
7051126
7051127
7051128
7051129
7051130
7051131
7051132
7051133
7051134
7051135
7051136
7051137
7051138
7051139
7051140
7051141
7051142
7051143
7051144
7051145
7051146
7051147
7051148
7051149
7051150
7051151
7051152
7051153
7051154
7051155
7051156
7051157
7051158
7051159
7051160
7051161
7051162
7051163
7051164
7051165
7051166
7051167
7051168
7051169
7051170
7051171
7051172
7051173
7051174
7051175
7051176
7051177
7051178
7051179
7051180
7051181
7051182
7051183
7051184
7051185
7051186
7051187
7051188
7051189
7051190
7051191
7051192
7051193
7051194
7051195
7051196
7051197
7051198
7051199
7051200
7051201
7051202
7051203
7051204
7051205
7051206
7051207
7051208
7051209
7051210
7051211
7051212
7051213
7051214
7051215
7051216
7051217
7051218
7051219
7051220
7051221
7051222
7051223
7051224
7051225
7051226
7051227
7051228
7051229
7051230
7051231
7051232
7051233
7051234
7051235
7051236
7051237
7051238
7051239
7051240
7051241
7051242
7051243
7051244
7051245
7051246
7051247
7051248
7051249
7051250
7051251
7051252
7051253
7051254
7051255
7051256
7051257
7051258
7051259
7051260
7051261
7051262
7051263
7051264
7051265
7051266
7051267
7051268
7051269
7051270
7051271
7051272
7051273
7051274
7051275
7051276
7051277
7051278
7051279
7051280
7051281
7051282
7051283
7051284
7051285
7051286
7051287
7051288
7051289
7051290
7051291
7051292
7051293
7051294
7051295
7051296
7051297
7051298
7051299
7051300
7051301
7051302
7051303
7051304
7051305
7051306
7051307
7051308
7051309
7051310
7051311
7051312
7051313
7051314
7051315
7051316
7051317
7051318
7051319
7051320
7051321
7051322
7051323
7051324
7051325
7051326
7051327
7051328
7051329
7051330
7051331
7051332
7051333
7051334
7051335
7051336
7051337
7051338
7051339
7051340
7051341
7051342
7051343
7051344
7051345
7051346
7051347
7051348
7051349
7051350
7051351
7051352
7051353
7051354
7051355
7051356
7051357
7051358
7051359
7051360
7051361
7051362
7051363
7051364
7051365
7051366
7051367
7051368
7051369
7051370
7051371
7051372
7051373
7051374
7051375
7051376
7051377
7051378
7051379
7051380
7051381
7051382
7051383
7051384
7051385
7051386
7051387
7051388
7051389
7051390
7051391
7051392
7051393
7051394
7051395
7051396
7051397
7051398
7051399
7051400
7051401
7051402
7051403
7051404
7051405
7051406
7051407
7051408
7051409
7051410
7051411
7051412
7051413
7051414
7051415
7051416
7051417
7051418
7051419
7051420
7051421
7051422
7051423
7051424
7051425
7051426
7051427
7051428
7051429
7051430
7051431
7051432
7051433
7051434
7051435
7051436
7051437
7051438
7051439
7051440
7051441
7051442
7051443
7051444
7051445
7051446
7051447
7051448
7051449
7051450
7051451
7051452
7051453
7051454
7051455
7051456
7051457
7051458
7051459
7051460
7051461
7051462
7051463
7051464
7051465
7051466
7051467
7051468
7051469
7051470
7051471
7051472
7051473
7051474
7051475
7051476
7051477
7051478
7051479
7051480
7051481
7051482
7051483
7051484
7051485
7051486
7051487
7051488
7051489
7051490
7051491
7051492
7051493
7051494
7051495
7051496
7051497
7051498
7051499
7051500
7051501
7051502
7051503
7051504
7051505
7051506
7051507
7051508
7051509
7051510
7051511
7051512
7051513
7051514
7051515
7051516
7051517
7051518
7051519
7051520
7051521
7051522
7051523
7051524
7051525
7051526
7051527
7051528
7051529
7051530
7051531
7051532
7051533
7051534
7051535
7051536
7051537
7051538
7051539
7051540
7051541
7051542
7051543
7051544
7051545
7051546
7051547
7051548
7051549
7051550
7051551
7051552
7051553
7051554
7051555
7051556
7051557
7051558
7051559
7051560
7051561
7051562
7051563
7051564
7051565
7051566
7051567
7051568
7051569
7051570
7051571
7051572
7051573
7051574
7051575
7051576
7051577
7051578
7051579
7051580
7051581
7051582
7051583
7051584
7051585
7051586
7051587
7051588
7051589
7051590
7051591
7051592
7051593
7051594
7051595
7051596
7051597
7051598
7051599
7051600
7051601
7051602
7051603
7051604
7051605
7051606
7051607
7051608
7051609
7051610
7051611
7051612
7051613
7051614
7051615
7051616
7051617
7051618
7051619
7051620
7051621
7051622
7051623
7051624
7051625
7051626
7051627
7051628
7051629
7051630
7058572
7058573
7058574
7058575
7058576
7058577
7058578
7058579
7058580
7058581
7058582
7058583
7058584
7058585
7058586
7058587
7058588
7058589
7058590
7058591
7058592
7058593
7058594
7058595
7058596
7058597
7058598
7058599
7058600
7058601
7058602
7058603
7058604
7058605
7058606
7058607
7058608
7058609
7058610
7058611
7058612
7058613
7058614
7058615
7058616
7056336
7056337
7056338
7056339
7056340
7056341
7056342
7056343
7056344
7056345
7056346
7056347
7056348
7056349
7056350
7056351
7056352
7056353
7056354
7056355
7056356
7056357
7056358
7056359
7056360
7056361
7056362
7056363
7056364
7056365
7056366
7056367
7056368
7056369
7056370
7056371
7056372
7056373
7056374
7056375
7056376
7056377
7056378
7056379
7056380
7056381
7056382
7056383
7056384
7056385
7056386
7056387
7056388
7056389
7056390
7056391
7056392
7056393
7056394
7056395
7056396
7056397
7056398
7056399
7056400
7056401
7056402
7056403
7056404
7056405
7056406
7056407
7056408
7056409
7056410
7056411
7056412
7056413
7056414
7056415
7056416
7056417
7056418
7056419
7056420
7056421
7056422
7056423
7056424
7056425
7056426
7056427
7056428
7056429
7056430
7056431
7056432
7056433
7056434
7056435
7056436
7056437
7056438
7056439
7056440
7056441
7056442
7056443
7056444
7056445
7056446
7056447
7056448
7056449
7056450
7056451
7056452
7056453
7056454
7056455
7056456
7056457
7056458
7056459
7056460
7056461
7056462
7056463
7056464
7056465
7056466
7056467
7056468
7056469
7056470
7056471
7056472
7056473
7056474
7056475
7056476
7056477
7056478
7056479
7056480
7056481
7056482
7056483
7056484
7056485
7056486
7056487
7056488
7056489
7056490
7056491
7056492
7056493
7056494
7056495
7056496
7056497
7056498
7056499
7056500
7056501
7056502
7056503
7056504
7056505
7056506
7056507
7056508
7056509
7056510
7056511
7056512
7056513
7056514
7056515
7056516
7056517
7056518
7056519
7056520
7056521
7056522
7056523
7056524
7056525
7056526
7056527
7056528
7056529
7056530
7056531
7056532
7056533
7056534
7056535
7056536
7056537
7056538
7056539
7056540
7056541
7056542
7056543
7056544
7056545
7056546
7056547
7056548
7056549
7056550
7056551
7056552
7056553
7056554
7056555
7056556
7056557
7056558
7056559
7056560
7056561
7056562
7056563
7056564
7056565
7056566
7056567
7056568
7056569
7056570
7056571
7056572
7056573
7056574
7056575
7056576
7056577
7056578
7056579
7056580
7056581
7056582
7056583
7056584
7056585
7056586
7056587
7056588
7056589
7056590
7056591
7056592
7056593
7056594
7056595
7056596
7056597
7056598
7056599
7056600
7056601
7056602
7056603
7056604
7056605
7056606
7056607
7056608
7056609
7056610
7056611
7056612
7056613
7056614
7056615
7056616
7056617
7056618
7056619
7056620
7056621
7056622
7056623
7056624
7056625
7056626
7056627
7056628
7056629
7056630
7056631
7056632
7056633
7056634
7056635
7056636
7056637
7056638
7056639
7056640
7056641
7056642
7056643
7056644
7056645
7056646
7056647
7056648
7056649
7056650
7056651
7056652
7056653
7056654
7056655
7056656
7056657
7056658
7056659
7056660
7056661
7056662
7056663
7056664
7056665
7056666
7056667
7056668
7056669
7056670
7056671
7056672
7056673
7056674
7056675
7056676
7056677
7056678
7056679
7056680
7056681
7056682
7056683
7056684
7056685
7056686
7056687
7056688
7056689
7056690
7056691
7056692
7056693
7056694
7056695
7056696
7056697
7056698
7056699
7056700
7056701
7056702
7056703
7056704
7056705
7056706
7056707
7056708
7056709
7056710
7056711
7056712
7056713
7056714
7056715
7056716
7056717
7056718
7056719
7056720
7056721
7056722
7056723
7056724
7056725
7056726
7056727
7056728
7056729
7056730
7056731
7056732
7056733
7056734
7056735
7056736
7056737
7056738
7056739
7056740
7056741
7056742
7056743
7056744
7056745
7056746
7056747
7056748
7056749
7056750
7056751
7056752
7056753
7056754
7056755
7056756
7056757
7056758
7056759
7056760
7056761
7056762
7056763
7056764
7056765
7056766
7056767
7056768
7056769
7056770
7056771
7056772
7056773
7056774
7056775
7056776
7056777
7056778
7056779
7056780
7056781
7056782
7056783
7056784
7056785
7056786
7056787
7056788
7056789
7056790
7056791
7056792
7056793
7056794
7056795
7056796
7056797
7056798
7056799
7056800
7056801
7056802
7056803
7056804
7056805
7056806
7056807
7056808
7056809
7056810
7056811
7056812
7056813
7056814
7056815
7056816
7056817
7056818
7056819
7056820
7056821
7056822
7056823
7056824
7056825
7056826
7056827
7056828
7056829
7056830
7056831
7056832
7056833
7056834
7056835
7056836
7056837
7056838
7056839
7056840
7056841
7056842
7056843
7056844
7056845
7056846
7056847
7056848
7056849
7056850
7056851
7056852
7056853
7056854
7056855
7056856
7056857
7056858
7056859
7056860
7056861
7056862
7056863
7056864
7056865
7056866
7056867
7056868
7056869
7056870
7056871
7056872
7056873
7056874
7056875
7056876
7056877
7056878
7056879
7056880
7056881
7056882
7056883
7056884
7056885
7056886
7056887
7056888
7056889
7056890
7056891
7056892
7056893
7056894
7056895
7056896
7056897
7056898
7056899
7056900
7056901
7056902
7056903
7056904
7056905
7056906
7056907
7056908
7056909
7056910
7056911
7056912
7056913
7056914
7075086
7075087
7075088
7075089
7075090
7075091
7075092
7075093
7075094
7075095
7075096
7075097
7075098
7075099
7075100
7075101
7075102
7075103
7075104
7075105
7075106
7075107
7075108
7075109
7075110
7075111
7075112
7075113
7075114
7075115
7075116
7075666
7075667
7075668
7075669
7075670
7075671
7075672
7075673
7075674
7075675
7075676
7075677
7075678
7075679
7075680
7075681
7075682
7075683
7075684
7075685
7075686
7075687
7075688
7075689
7075690
7075691
7075692
7075693
7075694
7075695
7075696
7075697
7075698
7075699
7075700
7075701
7075702
7075703
7075704
7075705
7075706
7075707
7075708
7075709
7075710
7075711
7075712
7075713
7075714
7075715
7075716
7075717
7075718
7075719
7075720
7075721
7075722
7075723
7075724
7075725
7075726
7075727
7075728
7075729
7075730
7075731
7075732
7075733
7075734
7075735
7075736
7075737
7075738
7075739
7075740
7075741
7075742
7075743
7075744
7075745
7075746
7075747
7075748
7075749
7075750
7075751
7075752
7075753
7075754
7076392
7076393
7076394
7076395
7076396
7076397
7076398
7076399
7076400
7076401
7076402
7076403
7076404
7076405
7076406
7076407
7076408
7076409
7076410
7076411
7076412
7076413
7076414
7076415
7076416
7076417
7076418
7076419
7076420
7076421
7076422
7076423
7076424
7076425
7076426
7076427
7076428
7076429
7076430
7076431
7076432
7076433
7076434
7076435
7076436
7076437
7076438
7076439
7076440
7076441
7076442
7076443
7076444
7076445
7076446
7076447
7076448
7076449
7076450
7076451
7076452
7076453
7076454
7076455
7076456
7076457
7076458
7076459
7076460
7076461
7076462
7076463
7076464
7076465
7076466
7076467
7076468
7076469
7076470
7076471
7076472
7076473
7076474
7076475
7076476
7076477
7076478
7076479
7076480
7076481
7076482
7076483
7076484
7076485
7076486
7076487
7076488
7076489
7076490
7076491
7076492
7076493
7076494
7076495
7076496
7076497
7076498
7076499
7076500
7076501
7076502
7076503
7076504
7076505
7076506
7076507
7076508
7076509
7076510
7076511
7076512
7076513
7076514
7076515
7076516
7076517
7076518
7081371
7081372
7081373
7081374
7081375
7081376
7081377
7081378
7081379
7081380
7081381
7081382
7081383
7081384
7081385
7081386
7081387
7081388
7081389
7081390
7081391
7081392
7081393
7081394
7081395
7081396
7081397
7081398
7081399
7081400
7081401
7081402
7081403
7081404
7081405
7081406
7081407
7081408
7081409
7081410
7081411
7081412
7081413
7081414
7081415
7081416
7081417
7081418
7081419
7081420
7081421
7081422
7081423
7081424
7081425
7081426
7081427
7081428
7081429
7081430
7081431
7081432
7081433
7081434
7081435
7081436
7081437
7081438
7081439
7081440
7081441
7081442
7081443
7081444
7081445
7081446
7081447
7081448
7081449
7081450
7081451
7081452
7081453
7081454
7081455
7081456
7081457
7081458
7081459
7081460
7081461
7081462
7081463
7081464
7081465
7081466
7081981
7081982
7081983
7081984
7081985
7081986
7081987
7081988
7081989
7081990
7081991
7081992
7081993
7081994
7081995
7081996
7081997
7081998
7081999
7082000
7082001
7082002
7082003
7082004
7082005
7082006
7082007
7082008
7082009
7082010
7082011
7082012
7082013
7082014
7082015
7082016
7082017
7082018
7082019
7082020
7082021
7082022
7082023
7082024
7082025
7082026
7082027
7082028
7082029
7082030
7082031
7082032
7082033
7082034
7082035
7082036
7082037
7082038
7082039
7082040
7082041
7082042
7082043
7082044
7082045
7082046
7082047
7082048
7082049
7082050
7082051
7082052
7082053
7082054
7082055
7082056
7082057
7082058
7082059
7082060
7082061
7082062
7082063
7082889
7082890
7082891
7082892
7082893
7082894
7082895
7082896
7082897
7082898
7082899
7082900
7082901
7082902
7082903
7082904
7082905
7082906
7082907
7082908
7082909
7082910
7082911
7082912
7082913
7082914
7082915
7082916
7082917
7082918
7082919
7082920
7082921
7082922
7082923
7082924
7082925
7082926
7082927
7082928
7082929
7082930
7082931
7082932
7082933
7082934
7082935
7082936
7082937
7082938
7082939
7082940
7082941
7082942
7082943
7082944
7082945
7082946
7082947
7082948
7082949
7082950
7082951
7082952
7082953
7082954
7082955
7082956
7082957
7082958
7082959
7082960
7082961
7082962
7082963
7082964
7082965
7082966
7082967
7082968
7082969
7082970
7082971
7082972
7082973
7082974
7082975
7082976
7082977
7082978
7082979
7082980
7082981
7082982
7082983
7082984
7082985
7082986
7082987
7082988
7082989
7082990
7082991
7082992
7082993
7082994
7082995
7082996
7082997
7082998
7082999
7083000
7083001
7083002
7083003
7083004
7083005
7083006
7083007
7083008
7083009
7083010
7083011
7083012
7083013
7083014
7083015
7083016
7083017
7083018
7083019
7083020
7083021
7083022
7083023
7083024
7083025
7083026
7083027
7083028
7083029
7083030
7083031
7083032
7083033
7083034
7083035
7083036
7083037
7083038
7083039
7083040
7083041
7083042
7083043
7083044
7083045
7083046
7083047
7083048
7083049
7083050
7083051
7083052
7083053
7083054
7083055
7083056
7083057
7083058
7083059
7083060
7083061
7083062
7083063
7083064
7083065
7083066
7083067
7083068
7083069
7083070
7083071
7083072
7083073
7083074
7083075
7083076
7083077
7083078
7083079
7083080
7083081
7083082
7083083
7083084
7083085
7083086
7083087
7083088
7083089
7083090
7083091
7083092
7083093
7083094
7083095
7083096
7083097
7083098
7083099
7083100
7083101
7083102
7083103
7083104
7083105
7083106
7083107
7083108
7083109
7083110
7083111
7083112
7083113
7083114
7083115
7083116
7083117
7083118
7083119
7083120
7083121
7083122
7083123
7083124
7083125
7083126
7083127
7083128
7083129
7083130
7083131
7083132
7083133
7083134
7083135
7083136
7083137
7083138
7083139
7083140
7083141
7083142
7083143
7083144
7083145
7083146
7083147
7083148
7083149
7083150
7083151
7083152
7083153
7083154
7083155
7083156
7083157
7083158
7083159
7083160
7083161
7083162
7083163
7083164
7083165
7083166
7083167
7083168
7083169
7083170
7083171
7083172
7083173
7083174
7083175
7083176
7083177
7083178
7083179
7083180
7083181
7083182
7083183
7083184
7083185
7083186
7083187
7083188
7083189
7083190
7083191
7083192
7083193
7083194
7083195
7083196
7083197
7083198
7083199
7083200
7083201
7083202
7083203
7083204
7083205
7083206
7083207
7083208
7083209
7083210
7083211
7083212
7083213
7083214
7083215
7083216
7083217
7083218
7083219
7083220
7083221
7083222
7083223
7083224
7083225
7083226
7083227
7083228
7083229
7083230
7083231
7083232
7083233
7083234
7083235
7083236
7083237
7083238
7083239
7083240
7083241
7083242
7083243
7083244
7083245
7083246
7083247
7083248
7083249
7083250
7083251
7083252
7083253
7083254
7083255
7083256
7083257
7083258
7083259
7083260
7083261
7083262
7083263
7083264
7083265
7083266
7083267
7083268
7083269
7083270
7083271
7083272
7083273
7083274
7083275
7083276
7083277
7083278
7083279
7083280
7083281
7083282
7083283
7083284
7083285
7083286
7083287
7083288
7083289
7083290
7083291
7083292
7083293
7083294
7083295
7083296
7083297
7083298
7083299
7083300
7083301
7083302
7083303
7083304
7083305
7083306
7083307
7083308
7083309
7083310
7083311
7083312
7083313
7083314
7083315
7083316
7083317
7083318
7083319
7083320
7083321
7083322
7083323
7083324
7083325
7083326
7083327
7083328
7083329
7083330
7083331
7083332
7083333
7083334
7083335
7083336
7083337
7083338
7083339
7083340
7083341
7083342
7083343
7083344
7083345
7083346
7083347
7083348
7083349
7083350
7083351
7083352
7083353
7083354
7083355
7083356
7083357
7083358
7083359
7083360
7083361
7083362
7083363
7083364
7083365
7083366
7083367
7083368
7083369
7083370
7083371
7083372
7083373
7083374
7083375
7083376
7083377
7083378
7083379
7083380
7083381
7083382
7083383
7083384
7083385
7083386
7083387
7083388
7083389
7083390
7083391
7083392
7083393
7083394
7083395
7083396
7083397
7083398
7083399
7083400
7083401
7083402
7083403
7083404
7083405
7083406
7083407
7083408
7083409
7083410
7083411
7083412
7083413
7083414
7083415
7083416
7083417
7083418
7083419
7083420
7083421
7083422
7083423
7083424
7083425
7083426
7083427
7083428
7083429
7083430
7083431
7083432
7083433
7083434
7083435
7083436
7083437
7083438
7083439
7083440
7083441
7083442
7083443
7083444
7083445
7083446
7083447
7083448
7083449
7083450
7083451
7083452
7083453
7083454
7083455
7083456
7083457
7083458
7083459
7083460
7083461
7083462
7083463
7083464
7083465
7083466
7083467
7083468
7083469
7083470
7083471
7083472
7083473
7083474
7083475
7083476
7083477
7083478
7083479
7083480
7083481
7083482
7083483
7083484
7083485
7083486
7083487
7083488
7083489
7083490
7083491
7083492
7083493
7083494
7083495
7083496
7083497
7083498
7083499
7083500
7083501
7083502
7083503
7083504
7083505
7083506
7083507
7083508
7083509
7083510
7083511
7083512
7083513
7083514
7083515
7083516
7083517
7083518
7083519
7083520
7083521
7083522
7083523
7083524
7083525
7083526
7083527
7083528
7083529
7083530
7083531
7083532
7083533
7083534
7083535
7083536
7083537
7083538
7083539
7083540
7083541
7083542
7083543
7083544
7083545
7083546
7083547
7083548
7083549
7083550
7083551
7083552
7083553
7083554
7083555
7083556
7083557
7083558
7083559
7083560
7083561
7083562
7083563
7083564
7083565
7083566
7083567
7083568
7083569
7083570
7083571
7083572
7083573
7083574
7083575
7083576
7083577
7083578
7083579
7083580
7083581
7083582
7083583
7083584
7083585
7083586
7083587
7083588
7083589
7083590
7083591
7083592
7083593
7083594
7083595
7083596
7083597
7083598
7083599
7083600
7083601
7083602
7083603
7083604
7083605
7083606
7083607
7083608
7083609
7083610
7083611
7083612
7083613
7083614
7083615
7083616
7083617
7083618
7083619
7083620
7083621
7083622
7083623
7083624
7083625
7083626
7083627
7083628
7083629
7083630
7083631
7083632
7083633
7083634
7083635
7083636
7083637
7083638
7083639
7083640
7083641
7083642
7083643
7083644
7083645
7083646
7083647
7083648
7083649
7083650
7083651
7083652
7083653
7083654
7083655
7083656
7083657
7083658
7083659
7083660
7083661
7083662
7083663
7083664
7083665
7083666
7083667
7083668
7083669
7083670
7083671
7083672
7083673
7083674
7083675
7083676
7083677
7083678
7083679
7083680
7083681
7083682
7083683
7083684
7083685
7083686
7083687
7083688
7083689
7083690
7083691
7083692
7083693
7083694
7083695
7083696
7083697
7083698
7083699
7083700
7083701
7083702
7083703
7083704
7083705
7083706
7083707
7083708
7083709
7083710
7083711
7083712
7083713
7083714
7083715
7083716
7083717
7083718
7083719
7083720
7083721
7083722
7083723
7083724
7083725
7083726
7083727
7083728
7083729
7083730
7083731
7083732
7083733
7083734
7083735
7083736
7083737
7083738
7083739
7083740
7083741
7083742
7083743
7083744
7083745
7083746
7083747
7083748
7083749
7083750
7083751
7083752
7293803
7293804
7293805
7293806
7293807
7293808
7293809
7293810
7293811
7293812
7293813
7293814
7293815
7293816
7293817
7293818
7293819
7293820
7293821
7293822
7293823
7293824
7293825
7293826
7293827
7293828
7293829
7293830
7293831
7293832
7293833
7293834
7293835
7293836
7293837
7293838
7293839
7293840
7293841
7293842
7293843
7293844
7293845
7293846
7293847
7293848
7293849
7293850
7293851
7293852
7293853
7293854
7293855
7293856
7293857
7293858
7293859
7293860
7293861
7293862
7293863
7293864
7293865
7293866
7293867
7293868
7293869
7293870
7293871
7293872
7293873
7293874
7293875
7293876
7293877
7293878
7293879
7293880
7293881
7293882
7293883
7293884
7293885
7293886
7293887
7293888
7293889
7293890
7293891
7293892
7293893
7293894
7293895
7293896
7293897
7293898
7293899
7293900
7293901
7293902
7267356
7267357
7267358
7267359
7267360
7267361
7267362
7267363
7267364
7267365
7267366
7267367
7267368
7267369
7267370
7267371
7267372
7267373
7267374
7267375
7267376
7267377
7267378
7267379
7267380
7267381
7267382
7267383
7267384
7267385
7267386
7267387
7267388
7267389
7267390
7267391
7267392
7267393
7267394
7267395
7267396
7267397
7267398
7267399
7267400
7267401
7267402
7267403
7267404
7267405
7267406
7267407
7267408
7267409
7267410
7267411
7267412
7267413
7267414
7267415
7267416
7267417
7267418
7267419
7267420
7267421
7267422
7267423
7267424
7267425
7267426
7267427
7267428
7267429
7267430
7267431
7267432
7267433
7267434
7267435
7267436
7267437
7267438
7267439
7267440
7267441
7267442
7267443
7267444
7267445
7267446
7267447
7267448
7267449
7267450
7267451
7267452
7267453
7267454
7267455
7267456
7267457
7267458
7267459
7267460
7267461
7267462
7267463
7267464
7267465
7267466
7267467
7267468
7267469
7267470
7267471
7267472
7267473
7267474
7267475
7267476
7267477
7267478
7267479
7267480
7267481
7267482
7267483
7267484
7267485
7267486
7267487
7267488
7267489
7267490
7267491
7267492
7267493
7267494
7267495
7267496
7267497
7267498
7267499
7267500
7267501
7267502
7267503
7267504
7267505
7267506
7267507
7267508
7267509
7267510
7267511
7267512
7267513
7267514
7267515
7267516
7267517
7267518
7267519
7267520
7267521
7267522
7267523
7267524
7267525
7267526
7267527
7267528
7267529
7267530
7267531
7267532
7267533
7267534
7267535
7267536
7267537
7267538
7267539
7267540
7267541
7267542
7267543
7267544
7267545
7267546
7267547
7267548
7267549
7267550
7267551
7267552
7267553
7267554
7267555
7267556
7267557
7267558
7267559
7267560
7267561
7267562
7267563
7267564
7267565
7267566
7267567
7267568
7267569
7267570
7267571
7267572
7267573
7267574
7267575
7267576
7267577
7267578
7267579
7267580
7267581
7267582
7267583
7267584
7267585
7267586
7267587
7267588
7267589
7267590
7267591
7267592
7267593
7267594
7267595
7267596
7267597
7267598
7267599
7267600
7267601
7267602
7267603
7267604
7267605
7267606
7267607
7267608
7267609
7267610
7267611
7267612
7267613
7267614
7267615
7267616
7267617
7267618
7267619
7267620
7267621
7267622
7267623
7267624
7267625
7267626
7267627
7267628
7267629
7267630
7267631
7267632
7267633
7267634
7267635
7267636
7267637
7267638
7267639
7267640
7267641
7267642
7267643
7267644
7267645
7267646
7267647
7267648
7267649
7267650
7267651
7267652
7267653
7267654
7267655
7267656
7267657
7267658
7267659
7267660
7267661
7267662
7267663
7267664
7267665
7267666
7267667
7267668
7267669
7267670
7267671
7267672
7267673
7267674
7267675
7267676
7267677
7267678
7267679
7267680
7267681
7267682
7267683
7267684
7267685
7267686
7267687
7267688
7267689
7267690
7267691
7267692
7267693
7267694
7267695
7267696
7267697
7267698
7267699
7267700
7267701
7267702
7267703
7267704
7267705
7267706
7267707
7267708
7267709
7267710
7267711
7267712
7267713
7267714
7267715
7267716
7267717
7267718
7267719
7267720
7267721
7267722
7267723
7267724
7267725
7267726
7267727
7267728
7267729
7267730
7267731
7267732
7267733
7267734
7267735
7267736
7267737
7267738
7267739
7267740
7267741
7267742
7267743
7267744
7267745
7267746
7267747
7267748
7267749
7267750
7267751
7267752
7267753
7267754
7267755
7267756
7267757
7267758
7267759
7267760
7267761
7267762
7267763
7267764
7267765
7267766
7267767
7267768
7267769
7267770
7267771
7267772
7267773
7267774
7267775
7267776
7267777
7267778
7267779
7267780
7267781
7267782
7267783
7267784
7267785
7267786
7267787
7267788
7267789
7267790
7267791
7267792
7267793
7267794
7267795
7267796
7267797
7267798
7267799
7267800
7267801
7267802
7267803
7267804
7267805
7267806
7267807
7267808
7267809
7267810
7267811
7267812
7267813
7267814
7267815
7267816
7267817
7267818
7267819
7267820
7267821
7267822
7267823
7267824
7267825
7267826
7267827
7267828
7267829
7267830
7267831
7267832
7267833
7267834
7267835
7267836
7267837
7267838
7267839
7267840
7267841
7267842
7267843
7267844
7267845
7267846
7267847
7267848
7267849
7267850
7267851
7267852
7267853
7267854
7267855
7267856
7267857
7267858
7267859
7267860
7267861
7267862
7267863
7267864
7267865
7267866
7267867
7267868
7267869
7267870
7267871
7267872
7267873
7267874
7267875
7267876
7267877
7267878
7267879
7267880
7267881
7267882
7267883
7267884
7267885
7267886
7267887
7267888
7267889
7267890
7267891
7267892
7267893
7267894
7267895
7267896
7267897
7267898
7267899
7267900
7267901
7267902
7267903
7267904
7267905
7267906
7267907
7184327
7184328
7184329
7184330
7184331
7184332
7184333
7184334
7184335
7184336
7184337
7184338
7184339
7184340
7184341
7184342
7184343
7184344
7184345
7184346
7184347
7184348
7184349
7184350
7184351
7184352
7184353
7184354
7184355
7184356
7184357
7184358
7184359
7184360
7184361
7184362
7184363
7184364
7184365
7184366
7184367
7184368
7184369
7184370
7184371
7184372
7184373
7184374
7184375
7184376
7184377
7184378
7184379
7184380
7184381
7184382
7184383
7184384
7184385
7184386
7184387
7184388
7184389
7184390
7184391
7184392
7184393
7184394
7184395
7184396
7184397
7184398
7184399
7184400
7184401
7184402
7184403
7184404
7184405
7184406
7184407
7184408
7184409
7184410
7184411
7184412
7184413
7184414
7184415
7184416
7184417
7184418
7184419
7184420
7184421
7184422
7184423
7184424
7184425
7184426
7184427
7184428
7184429
7184430
7184431
7184432
7184433
7184434
7184435
7184436
7184437
7184438
7184439
7184440
7184441
7184442
7184443
7184444
7184445
7184446
7184447
7184448
7184449
7184450
7184451
7184452
7184453
7184454
7184455
7184456
7184457
7184458
7184459
7184460
7184461
7184462
7184463
7184464
7184465
7184466
7184467
7184468
7184469
7184470
7184471
7184472
7184473
7184474
7184475
7184476
7184477
7184478
7184479
7184480
7184481
7184482
7184483
7184484
7184485
7184486
7184487
7184488
7184489
7184490
7184491
7184492
7184493
7184494
7184495
7184496
7184497
7184498
7184499
7184500
7184501
7184502
7184503
7184504
7184505
7184506
7184507
7184508
7184509
7184510
7184511
7184512
7184513
7184514
7184515
7184516
7184517
7184518
7184519
7184520
7184521
7184522
7184523
7184524
7184525
7184526
7184527
7184528
7184529
7184530
7184531
7184532
7184533
7184534
7184535
7184536
7184537
7184538
7184539
7184540
7184541
7184542
7184543
7184544
7184545
7184546
7184547
7184548
7184549
7184550
7184551
7184552
7184553
7184554
7184555
7184556
7184557
7184558
7184559
7184560
7184561
7184562
7184563
7184564
7184565
7184566
7184567
7184568
7184569
7184570
7184571
7184572
7184573
7184574
7184575
7184576
7184577
7184578
7184579
7184580
7184581
7184582
7184583
7184584
7184585
7184586
7184587
7184588
7184589
7184590
7184591
7184592
7184593
7184594
7184595
7184596
7184597
7184598
7184599
7184600
7184601
7184602
7184603
7184604
7184605
7184606
7184607
7184608
7184609
7184610
7184611
7184612
7184613
7184614
7184615
7184616
7184617
7184618
7184619
7184620
7184621
7184622
7184623
7184624
7184625
7184626
7184627
7184628
7184629
7184630
7184631
7184632
7184633
7184634
7184635
7184636
7184637
7184638
7184639
7184640
7184641
7184642
7184643
7184644
7184645
7184646
7184647
7184648
7174594
7174595
7174596
7174597
7174598
7174599
7174600
7174601
7174602
7174603
7174604
7174605
7174606
7174607
7174608
7174609
7174610
7174611
7174612
7174613
7174614
7174615
7174616
7174617
7174618
7174619
7174620
7174621
7174622
7174623
7174624
7174625
7174626
7174627
7174628
7174629
7174630
7174631
7174632
7174633
7174634
7174635
7174636
7174637
7174638
7174639
7174640
7174641
7174642
7174643
7174644
7174645
7174646
7174647
7174648
7174649
7174650
7174651
7174652
7174653
7174654
7174655
7174656
7174657
7174658
7174659
7174660
7174661
7174662
7174663
7174664
7174665
7174666
7174667
7174668
7174669
7174670
7174671
7174672
7174673
7174674
7174675
7174676
7174677
7174678
7174679
7174680
7174681
7174682
7174683
7174684
7174685
7174686
7174687
7174688
7174689
7174690
7174691
7174692
7174693
7174694
7174695
7174696
7174697
7174698
7174699
7174700
7174701
7174702
7174703
7174704
7174705
7174706
7174707
7174708
7174709
7174710
7174711
7174712
7174713
7174714
7174715
7174716
7174717
7174718
7174719
7174720
7174721
7174722
7174723
7174724
7174725
7174726
7174727
7174728
7174729
7174730
7174731
7174732
7174733
7174734
7174735
7174736
7174737
7174738
7174739
7174740
7174741
7174742
7172301
7172302
7172303
7172304
7172305
7172306
7172307
7172308
7172309
7172310
7172311
7172312
7172313
7172314
7172315
7172316
7172317
7172318
7172319
7172320
7172321
7172322
7172323
7172324
7172325
7172326
7172327
7172328
7172329
7172330
7172331
7172332
7172333
7172334
7172335
7172336
7172337
7172338
7172339
7172340
7172341
7172342
7172343
7172344
7172345
7172346
7172347
7172348
7172349
7172350
7172351
7172352
7172353
7172354
7172355
7172356
7172357
7172358
7172359
7172360
7172361
7172362
7172363
7172364
7172365
7172366
7172367
7172368
7172369
7172370
7172371
7172372
7172373
7172374
7172375
7172376
7172377
7172378
7172379
7172380
7172381
7172382
7172383
7172384
7172385
7172386
7172387
7172388
7172389
7172390
7172391
7172392
7172393
7172394
7172395
7172396
7172397
7172398
7172399
7172400
7172401
7172402
7172403
7172404
7172405
7172406
7172407
7172408
7172409
7172410
7172411
7172412
7172413
7172414
7172415
7172416
7172417
7172418
7172419
7172420
7172421
7172422
7172423
7172424
7172425
7172426
7172427
7172428
7172429
7172430
7172431
7172432
7172433
7172434
7172435
7172436
7172437
7172438
7172439
7172440
7172441
7172442
7172443
7172444
7172445
7170548
7170549
7170550
7170551
7170552
7170553
7170554
7170555
7170556
7170557
7170558
7170559
7170560
7170561
7170562
7170563
7170564
7170565
7170566
7170567
7170568
7170569
7170570
7170571
7170572
7170573
7170574
7170575
7170576
7170577
7170578
7170579
7170580
7170581
7170582
7170583
7170584
7170585
7170586
7170587
7170588
7170589
7170590
7170591
7170592
7170593
7170594
7170595
7170596
7170597
7170598
7170599
7170600
7170601
7170602
7170603
7170604
7170605
7170606
7170607
7170608
7170609
7170610
7170611
7170612
7170613
7170614
7170615
7170616
7170617
7170618
7170619
7170620
7170621
7170622
7170623
7170624
7170625
7170626
7170627
7170628
7170629
7170630
7170631
7170632
7170633
7170634
7170635
7170636
7170637
7170638
7170639
7170640
7170641
7170642
7170643
7170644
7170645
7170646
7170647
7170648
7170649
7170650
7170651
7170652
7170653
7170654
7170655
7170656
7170657
7170658
7170659
7170660
7170661
7170662
7170663
7170664
7170665
7170666
7170667
7170668
7170669
7170670
7170671
7170672
7170673
7170674
7170675
7170676
7170677
7170678
7170679
7170680
7170681
7170682
7170683
7170684
7170685
7170686
7170687
7170688
7170689
7170690
7170691
7170692
7170693
7170694
7170695
7170696
7170697
7170698
7170699
7170700
7170701
7170702
7170703
7170704
7170705
7170706
7170707
7170708
7170709
7170710
7170711
7170712
7170713
7170714
7170715
7170716
7170717
7170718
7170719
7170720
7170721
7170722
7170723
7170724
7170725
7170726
7170727
7170728
7170729
7170730
7170731
7170732
7170733
7170734
7170735
7170736
7170737
7170738
7170739
7170740
7170741
7170742
7170743
7170744
7170745
7170746
7170747
7170748
7170749
7170750
7170751
7170752
7170753
7170754
7170755
7170756
7170757
7170758
7170759
7170760
7170761
7170762
7167979
7167980
7167981
7167982
7167983
7167984
7167985
7167986
7167987
7167988
7167989
7167990
7167991
7167992
7167993
7167994
7167995
7167996
7167997
7167998
7167999
7168000
7168001
7168002
7168003
7168004
7168005
7168006
7168007
7168008
7168009
7168010
7168011
7168012
7168013
7168014
7168015
7168016
7168017
7168018
7168019
7168020
7168021
7168022
7168023
7168024
7168025
7168026
7168027
7168028
7168029
7168030
7168031
7168032
7168033
7168034
7168035
7168036
7168037
7168038
7168039
7168040
7168041
7168042
7168043
7168044
7168045
7168046
7168047
7168048
7168049
7168050
7168051
7168052
7168053
7168054
7168055
7168056
7168057
7168058
7168059
7168060
7168061
7168062
7168063
7168064
7168065
7168066
7168067
7168068
7168069
7168070
7168071
7168072
7168073
7168074
7168075
7168076
7168077
7168078
7168079
7168080
7168081
7168082
7168083
7168084
7168085
7168086
7168087
7168088
7168089
7168090
7168091
7168092
7168093
7168094
7168095
7168096
7168097
7168098
7168099
7168100
7168101
7168102
7168103
7168104
7168105
7166165
7166166
7166167
7166168
7166169
7166170
7166171
7166172
7166173
7166174
7166175
7166176
7166177
7166178
7166179
7166180
7166181
7166182
7166183
7166184
7166185
7166186
7166187
7166188
7166189
7166190
7166191
7166192
7166193
7166194
7166195
7166196
7166197
7166198
7166199
7166200
7166201
7166202
7166203
7166204
7166205
7166206
7166207
7166208
7166209
7166210
7166211
7166212
7166213
7166214
7166215
7166216
7166217
7166218
7166219
7166220
7166221
7166222
7166223
7166224
7166225
7166226
7166227
7166228
7166229
7166230
7166231
7166232
7166233
7166234
7166235
7166236
7166237
7166238
7166239
7166240
7166241
7166242
7166243
7166244
7166245
7166246
7166247
7166248
7166249
7166250
7166251
7166252
7166253
7166254
7166255
7166256
7166257
7166258
7166259
7166260
7166261
7166262
7166263
7166264
7166265
7166266
7166267
7166268
7166269
7166270
7166271
7166272
7166273
7166274
7166275
7166276
7166277
7166278
7166279
7166280
7166281
7166282
7166283
7166284
7166285
7166286
7166287
7166288
7166289
7166290
7166291
7166292
7166293
7166294
7166295
7166296
7166297
7166298
7166299
7166300
7166301
7166302
7166303
7166304
7166305
7166306
7166307
7166308
7166309
7166310
7166311
7166312
7166313
7166314
7166315
7166316
7166317
7166318
7166319
7166320
7166321
7166322
7166323
7166324
7166325
7166326
7166327
7166328
7166329
7166330
7166331
7166332
7166333
7166334
7166335
7166336
7166337
7166338
7166339
7166340
7166341
7166342
7166343
7166344
7166345
7166346
7166347
7166348
7166349
7166350
7166351
7166352
7166353
7166354
7166355
7166356
7166357
7166358
7166359
7166360
7166361
7166362
7166363
7166364
7166365
7166366
7166367
7166368
7166369
7166370
7166371
7166372
7166373
7166374
7166375
7166376
7166377
7166378
7166379
7166380
7166381
7166382
7166383
7166384
7166385
7166386
7166387
7166388
7166389
7166390
7166391
7166392
7166393
7166394
7166395
7166396
7166397
7166398
7166399
7166400
7166401
7166402
7166403
7166404
7166405
7166406
7166407
7166408
7166409
7166410
7166411
7166412
7166413
7166414
7166415
7163043
7163044
7163045
7163046
7163047
7163048
7163049
7163050
7163051
7163052
7163053
7163054
7163055
7163056
7163057
7163058
7163059
7163060
7163061
7163062
7163063
7163064
7163065
7163066
7163067
7163068
7163069
7163070
7163071
7163072
7163073
7163074
7163075
7163076
7163077
7163078
7163079
7163080
7163081
7163082
7163083
7163084
7163085
7163086
7163087
7163088
7163089
7163090
7163091
7163092
7163093
7163094
7163095
7163096
7163097
7163098
7163099
7163100
7163101
7163102
7163103
7163104
7163105
7163106
7163107
7163108
7163109
7163110
7163111
7163112
7163113
7163114
7163115
7163116
7163117
7163118
7163119
7163120
7163121
7163122
7163123
7163124
7163125
7163126
7163127
7163128
7163129
7163130
7163131
7163132
7163133
7163134
7163135
7163136
7163137
7163138
7163139
7163140
7163141
7163142
7163143
7163144
7163145
7163146
7163147
7163148
7163149
7163150
7163151
7163152
7163153
7163154
7163155
7163156
7163157
7163158
7163159
7163160
7163161
7163162
7163163
7163164
7163165
7163166
7163167
7163168
7163169
7163170
7163171
7163172
7163173
7163174
7163175
7163176
7163177
7163178
7163179
7163180
7163181
7163182
7163183
7163184
7163185
7163186
7163187
7163188
7163189
7163190
7163191
7163192
7163193
7163194
7163195
7163196
7163197
7163198
7163199
7163200
7163201
7163202
7163203
7163204
7163205
7163206
7163207
7163208
7163209
7163210
7152737
7152738
7152739
7152740
7152741
7152742
7152743
7152744
7152745
7152746
7152747
7152748
7152749
7152750
7152751
7152752
7152753
7152754
7152755
7152756
7152757
7152758
7152759
7152760
7152761
7152762
7152763
7152764
7152765
7152766
7152767
7152768
7152769
7152770
7152771
7152772
7152773
7152774
7152775
7152776
7152777
7152778
7152779
7152780
7152781
7152782
7152783
7152784
7152785
7152786
7152787
7152788
7152789
7152790
7152791
7152792
7152793
7152794
7152795
7152796
7152797
7152798
7152799
7152800
7152801
7152802
7152803
7152804
7152805
7152806
7152807
7152808
7152809
7152810
7152811
7152812
7152813
7152814
7152815
7152816
7152817
7152818
7152819
7152820
7152821
7152822
7152823
7152824
7152825
7152826
7152827
7152828
7152829
7152830
7152831
7152832
7152833
7152834
7152835
7152836
7152837
7152838
7152839
7152840
7152841
7152842
7152843
7152844
7152845
7152846
7152847
7152848
7152849
7152850
7152851
7152852
7152853
7152854
7152855
7152856
7152857
7152858
7152859
7152860
7152861
7152862
7152863
7152864
7152865
7152866
7152867
7152868
7152869
7152870
7152871
7152872
7152873
7152874
7152875
7152876
7152877
7152878
7152879
7152880
7152881
7152882
7152883
7152884
7152885
7152886
7152887
7152888
7152889
7152890
7152891
7152892
7152893
7152894
7152895
7152896
7152897
7152898
7152899
7152900
7152901
7152902
7152903
7152904
7152905
7152906
7152907
7152908
7152909
7152910
7152911
7152912
7152913
7152914
7152915
7152916
7152917
7152918
7152919
7152920
7152921
7152922
7152923
7152924
7152925
7152926
7152927
7152928
7152929
7152930
7152931
7152932
7152933
7152934
7152935
7152936
7152937
7152938
7150508
7150509
7150510
7150511
7150512
7150513
7150514
7150515
7150516
7150517
7150518
7150519
7150520
7150521
7150522
7150523
7150524
7150525
7150526
7150527
7150528
7150529
7150530
7150531
7150532
7150533
7150534
7150535
7150536
7150537
7150538
7150539
7150540
7150541
7150542
7150543
7142827
7142828
7142829
7142830
7142831
7142832
7142833
7142834
7142835
7142836
7142837
7142838
7142839
7142840
7142841
7142842
7142843
7142844
7142845
7142846
7142847
7142848
7142849
7142850
7142851
7142852
7142853
7142854
7142855
7142856
7142857
7142858
7142859
7142860
7142861
7142862
7142863
7142864
7142865
7142866
7142867
7142868
7142869
7142870
7142871
7142872
7142873
7142874
7142875
7142876
7142877
7142878
7142879
7142880
7142881
7142882
7142883
7142884
7142885
7142886
7142887
7142888
7142889
7142890
7142891
7142892
7142893
7142894
7142895
7142896
7142897
7142898
7142899
7142900
7142901
7142902
7142903
7142904
7142905
7142906
7142907
7142908
7142909
7142910
7142911
7142912
7142913
7142914
7142915
7142916
7142917
7142918
7142919
7142920
7142921
7142922
7142923
7142924
7142925
7142926
7142927
7142928
7142929
7142930
7142931
7142932
7142933
7142934
7142935
7142936
7142937
7142938
7142939
7142940
7142941
7142942
7142943
7142944
7142945
7142946
7142947
7142948
7142949
7142950
7142951
7142952
7142953
7142954
7142955
7142956
7142957
7142958
7142959
7142960
7142961
7142962
7142963
7142964
7142965
7142966
7142967
7142968
7142969
7142970
7142971
7142972
7142973
7142974
7142975
7142976
7142977
7142978
7142979
7142980
7142981
7142982
7142983
7142984
7142985
7142986
7142987
7142988
7142989
7142990
7142991
7142992
7142993
7142994
7142995
7142996
7142997
7142998
7142999
7143000
7143001
7143002
7143003
7143004
7143005
7143006
7143007
7143008
7143009
7143010
7143011
7143012
7143013
7143014
7143015
7143016
7143017
7143018
7143019
7143020
7143021
7143022
7143023
7143024
7143025
7143026
7143027
7143028
7143029
7143030
7143031
7143032
7143033
7143034
7143035
7143036
7143037
7143038
7143039
7143040
7143041
7143042
7143043
7143044
7143045
7143046
7143047
7143048
7143049
7143050
7143051
7143052
7143053
7143054
7143055
7143056
7143057
7143058
7143059
7143060
7143061
7143062
7143063
7143064
7143065
7143066
7143067
7143068
7143069
7143070
7143071
7143072
7143073
7143074
7143075
7143076
7143077
7143078
7143079
7143080
7143081
7143082
7143083
7143084
7143085
7143086
7143087
7143088
7143089
7143090
7143091
7143092
7143093
7143094
7143095
7143096
7143097
7143098
7143099
7143100
7143101
7141688
7141689
7141690
7141691
7141692
7141693
7141694
7141695
7141696
7141697
7141698
7141699
7141700
7141701
7141702
7141703
7141704
7141705
7141706
7141707
7141708
7141709
7141710
7141711
7141712
7141713
7141714
7141715
7141716
7141717
7141718
7141719
7141720
7141721
7141722
7141723
7141724
7141725
7141726
7141727
7141728
7141729
7141730
7141731
7141732
7141733
7141734
7141735
7141736
7141737
7141738
7141739
7141740
7141741
7141742
7141743
7141744
7141745
7141746
7141747
7141748
7141749
7141750
7141751
7141752
7141753
7141754
7141755
7141756
7141757
7141758
7141759
7141760
7141761
7141762
7141763
7141764
7141765
7141766
7141767
7141768
7141769
7141770
7141771
7141772
7141773
7141774
7141775
7141776
7141777
7141778
7141779
7141780
7141781
7141782
7141783
7141784
7141785
7141786
7141787
7141788
7141789
7141790
7141791
7141792
7141793
7141794
7141795
7141796
7141797
7141798
7141799
7141800
7141801
7141802
7141803
7141804
7141805
7141806
7141807
7141808
7141809
7141810
7141811
7141812
7141813
7141814
7141815
7141816
7141817
7141818
7141819
7141820
7141821
7141822
7141823
7141824
7141825
7141826
7141827
7132169
7132170
7132171
7132172
7132173
7132174
7132175
7132176
7132177
7132178
7132179
7132180
7132181
7132182
7132183
7132184
7132185
7132186
7132187
7132188
7132189
7132190
7132191
7132192
7132193
7132194
7132195
7132196
7132197
7132198
7132199
7132200
7132201
7132202
7132203
7132204
7132205
7132206
7132207
7132208
7132209
7132210
7132211
7132212
7132213
7132214
7132215
7132216
7132217
7132218
7132219
7132220
7132221
7132222
7132223
7132224
7132225
7132226
7132227
7132228
7132229
7132230
7132231
7132232
7132233
7132234
7132235
7132236
7132237
7132238
7132239
7132240
7132241
7132242
7132243
7132244
7132245
7132246
7132247
7132248
7132249
7132250
7132251
7132252
7132253
7132254
7132255
7132256
7132257
7132258
7132259
7132260
7132261
7132262
7132263
7132264
7132265
7132266
7132267
7132268
7132269
7132270
7132271
7132272
7132273
7132274
7132275
7132276
7132277
7132278
7132279
7132280
7132281
7132282
7132283
7132284
7132285
7132286
7132287
7132288
7132289
7132290
7132291
7132292
7132293
7132294
7132295
7132296
7132297
7132298
7132299
7132300
7132301
7132302
7132303
7132304
7132305
7132306
7132307
7132308
7132309
7132310
7132311
7132312
7132313
7132314
7132315
7132316
7132317
7132318
7132319
7132320
7132321
7132322
7132323
7132324
7132325
7132326
7132327
7132328
7128863
7128864
7128865
7128866
7128867
7128868
7128869
7128870
7128871
7128872
7128873
7128874
7128875
7128876
7128877
7128878
7128879
7128880
7128881
7128882
7128883
7128884
7128885
7128886
7128887
7128888
7128889
7128890
7128891
7128892
7128893
7128894
7128895
7128896
7128897
7128898
7128899
7128900
7128901
7128902
7128903
7128904
7128905
7128906
7128907
7128908
7128909
7128910
7128911
7128912
7128913
7128914
7128915
7128916
7128917
7128918
7128919
7128920
7128921
7128922
7128923
7128924
7128925
7128926
7128927
7128928
7128929
7128930
7128931
7128932
7128933
7128934
7128935
7128936
7128937
7128938
7128939
7128940
7128941
7128942
7128943
7128944
7128945
7128946
7128947
7128948
7128949
7128950
7128951
7128952
7128953
7128954
7128955
7128956
7128957
7128958
7128959
7128960
7128961
7128962
7128963
7128964
7128965
7126595
7126596
7126597
7126598
7126599
7126600
7126601
7126602
7126603
7126604
7126605
7126606
7126607
7126608
7126609
7126610
7126611
7126612
7126613
7126614
7126615
7126616
7126617
7126618
7126619
7126620
7126621
7126622
7126623
7126624
7126625
7126626
7126627
7126628
7126629
7126630
7126631
7126632
7126633
7126634
7126635
7126636
7126637
7126638
7126639
7126640
7126641
7126642
7126643
7126644
7126645
7126646
7126647
7126648
7126649
7126650
7126651
7126652
7126653
7126654
7126655
7126656
7126657
7126658
7126659
7126660
7126661
7126662
7125294
7125295
7125296
7125297
7125298
7125299
7125300
7125301
7125302
7125303
7125304
7125305
7125306
7125307
7125308
7125309
7125310
7125311
7125312
7125313
7125314
7125315
7125316
7125317
7125318
7125319
7125320
7125321
7125322
7125323
7125324
7125325
7125326
7125327
7125328
7125329
7125330
7125331
7125332
7125333
7125334
7125335
7125336
7125337
7125338
7125339
7125340
7125341
7125342
7125343
7125344
7125345
7125346
7125347
7125348
7125349
7125350
7125351
7125352
7125353
7125354
7125355
7125356
7125357
7125358
7125359
7125360
7125361
7125362
7125363
7125364
7125365
7125366
7125367
7125368
7125369
7125370
7125371
7125372
7125373
7125374
7125375
7125376
7125377
7125378
7125379
7125380
7125381
7125382
7125383
7125384
7125385
7125386
7125387
7125388
7125389
7125390
7125391
7125392
7125393
7125394
7125395
7125396
7125397
7125398
7125399
7125400
7125401
7125402
7125403
7125404
7125405
7125406
7125407
7125408
7125409
7125410
7125411
7125412
7125413
7125414
7125415
7125416
7125417
7125418
7125419
7125420
7125421
7125422
7125423
7125424
7125425
7125426
7125427
7125428
7125429
7125430
7125431
7125432
7125433
7125434
7125435
7125436
7125437
7125438
7125439
7125440
7125441
7125442
7125443
7125444
7125445
7125446
7125447
7125448
7125449
7125450
7125451
7125452
7125453
7125454
7125455
7125456
7125457
7125458
7125459
7125460
7125461
7125462
7125463
7125464
7125465
7125466
7125467
7125468
7125469
7125470
7125471
7125472
7125473
7125474
7125475
7125476
7125477
7125478
7125479
7125480
7125481
7125482
7125483
7125484
7125485
7125486
7125487
7125488
7125489
7125490
7125491
7125492
7125493
7125494
7125495
7125496
7125497
7125498
7125499
7125500
7125501
7125502
7125503
7125504
7125505
7125506
7125507
7125508
7125509
7125510
7125511
7125512
7125513
7125514
7125515
7125516
7125517
7125518
7125519
7125520
7125521
7125522
7125523
7125524
7125525
7125526
7125527
7125528
7125529
7125530
7125531
7125532
7125533
7125534
7125535
7125536
7125537
7125538
7122890
7122891
7122892
7122893
7122894
7122895
7122896
7122897
7122898
7122899
7122900
7122901
7122902
7122903
7122904
7122905
7122906
7122907
7122908
7122909
7122910
7122911
7122912
7122913
7122914
7122915
7122916
7122917
7122918
7122919
7122920
7122921
7122922
7122923
7122924
7122925
7122926
7122927
7122928
7122929
7122930
7122931
7122932
7122933
7122934
7122935
7122936
7122937
7122938
7122939
7122940
7122941
7122942
7122943
7122944
7122945
7122946
7122947
7122948
7122949
7122950
7122951
7122952
7122953
7122954
7122955
7122956
7122957
7122958
7122959
7122960
7122961
7122962
7122963
7122964
7122965
7122966
7122967
7122968
7122969
7122970
7122971
7122972
7122973
7122974
7122975
7122976
7122977
7122978
7122979
7122980
7122981
7122982
7122983
7122984
7122985
7122986
7122987
7122988
7122989
7122990
7122991
7122992
7122993
7122994
7122995
7122996
7122997
7122998
7122999
7123000
7122625
7122626
7122627
7122628
7122629
7122630
7122631
7122632
7122633
7122634
7122635
7122636
7122637
7122638
7122639
7122640
7122641
7122642
7122643
7122644
7122645
7122646
7122647
7122648
7122649
7122650
7122651
7122652
7122653
7122654
7122655
7122656
7122657
7122658
7122659
7122660
7122661
7122662
7122663
7122664
7122665
7122666
7122667
7122668
7122669
7122670
7122671
7122672
7122673
7122674
7122675
7122676
7122677
7122678
7122679
7122680
7122681
7122682
7122683
7122684
7122685
7122686
7122687
7122688
7122689
7122690
7122691
7122692
7122693
7122694
7122695
7122696
7122697
7122698
7122699
7122700
7122701
7122702
7122703
7122704
7122705
7122706
7122707
7122708
7122709
7122710
7122711
7122712
7122713
7122714
7122715
7122716
7122717
7122718
7122719
7122720
7122721
7122722
7122723
7122724
7122725
7122726
7122727
7122728
7122729
7122730
7122731
7122732
7122733
7122734
7122735
7122736
7122737
7122738
7122739
7122740
7122741
7122742
7122743
7122744
7122745
7122746
7122747
7122748
7122749
7122750
7122751
7122752
7122753
7122754
7122755
7122756
7122757
7122758
7122759
7122760
7122761
7122762
7122763
7122764
7122765
7122766
7122767
7122768
7122769
7122770
7122771
7122772
7122773
7122774
7122775
7122776
7122777
7122778
7122779
7122780
7122781
7122782
7122783
7122784
7120631
7120632
7120633
7120634
7120635
7120636
7120637
7120638
7120639
7120640
7120641
7120642
7120643
7120644
7120645
7120646
7120647
7120648
7120649
7120650
7120651
7120652
7120653
7120654
7120655
7120656
7120657
7120658
7120659
7120660
7120661
7120662
7120663
7120664
7120665
7120666
7120667
7120668
7120669
7120670
7120671
7120672
7120673
7120674
7120675
7120676
7120677
7120678
7120679
7120680
7120681
7120682
7120683
7120684
7120685
7120686
7120687
7120688
7120689
7120690
7120691
7120692
7120693
7120694
7120695
7120696
7120697
7120698
7120699
7120700
7120701
7120702
7120703
7120704
7120705
7120706
7120707
7120708
7120709
7120710
7120711
7120712
7120713
7120714
7120715
7120716
7120717
7120718
7120719
7120720
7120721
7120722
7120723
7120724
7120725
7120726
7120727
7120728
7120729
7120730
7120731
7120732
7120733
7120734
7120735
7120736
7120737
7120738
7120739
7120740
7120741
7120742
7120743
7120744
7120745
7120746
7120747
7120748
7120749
7120750
7120751
7120752
7120753
7120754
7120755
7120756
7120757
7120758
7120759
7120760
7119460
7119461
7119462
7119463
7119464
7119465
7119466
7119467
7119468
7119469
7119470
7119471
7119472
7119473
7119474
7119475
7119476
7119477
7119478
7119479
7119480
7119481
7119482
7119483
7119484
7119485
7119486
7119487
7119488
7119489
7119490
7119491
7119492
7119493
7119494
7119495
7119496
7119497
7119498
7119499
7119500
7119501
7119502
7119503
7119504
7119505
7119506
7119507
7119508
7119509
7119510
7119511
7119512
7119513
7119514
7119515
7119516
7119517
7119518
7119519
7119520
7119521
7119522
7119523
7119524
7119525
7119526
7119527
7119528
7119529
7119530
7119531
7119532
7119533
7119534
7119535
7119536
7119537
7119538
7119539
7119540
7119541
7119542
7119543
7119544
7119545
7119546
7119547
7119548
7119549
7119550
7119551
7119552
7119553
7119554
7119555
7119556
7119557
7119558
7119559
7119560
7119561
7119562
7119563
7119564
7119565
7119566
7119567
7119568
7119569
7119570
7119571
7119572
7119573
7119574
7119575
7119576
7119577
7119578
7119579
7119580
7119581
7119582
7119583
7119584
7119585
7119586
7119587
7119588
7119589
7119590
7119591
7119592
7119593
7119594
7117070
7117071
7117072
7117073
7117074
7117075
7117076
7117077
7117078
7117079
7117080
7117081
7117082
7117083
7117084
7117085
7117086
7117087
7117088
7117089
7117090
7117091
7117092
7117093
7117094
7117095
7117096
7117097
7117098
7117099
7117100
7117101
7117102
7117103
7117104
7117105
7117106
7117107
7117108
7117109
7117110
7117111
7117112
7117113
7117114
7117115
7117116
7117117
7117118
7117119
7117120
7117121
7117122
7117123
7117124
7117125
7117126
7117127
7117128
7117129
7117130
7117131
7117132
7117133
7117134
7117135
7117136
7117137
7117138
7117139
7117140
7117141
7117142
7117143
7117144
7117145
7117146
7117147
7117148
7117149
7117150
7117151
7117152
7117153
7117154
7117155
7117156
7117157
7117158
7117159
7117160
7117161
7117162
7117163
7117164
7117165
7117166
7117167
7117168
7117169
7117170
7117171
7117172
7117173
7117174
7117175
7117176
7117177
7117178
7117179
7117180
7117181
7117182
7117183
7117184
7117185
7117186
7117187
7117188
7117189
7117190
7117191
7117192
7117193
7117194
7117195
7117196
7117197
7117198
7117199
7117200
7117201
7117202
7117203
7117204
7117205
7117206
7117207
7117208
7117209
7117210
7117211
7117212
7117213
7117214
7117215
7117216
7117217
7117218
7117219
7117220
7117221
7117222
7117223
7117224
7117225
7117226
7117227
7117228
7117229
7117230
7117231
7117232
7117233
7117234
7117235
7117236
7117237
7117238
7117239
7117240
7117241
7117242
7117243
7117244
7117245
7117246
7117247
7117248
7117249
7117250
7117251
7117252
7117253
7117254
7117255
7117256
7117257
7117258
7117259
7117260
7117261
7117262
7117263
7117264
7117265
7117266
7117267
7117268
7117269
7117270
7117271
7117272
7117273
7117274
7117275
7117276
7117277
7117278
7117279
7117280
7117281
7117282
7117283
7117284
7117285
7117286
7117287
7117288
7117289
7117290
7117291
7117292
7117293
7117294
7117295
7117296
7117297
7117298
7117299
7117300
7117301
7117302
7117303
7117304
7117305
7117306
7117307
7117308
7117309
7117310
7117311
7117312
7117313
7117314
7117315
7117316
7117317
7117318
7117319
7117320
7117321
7117322
7117323
7117324
7117325
7117326
7117327
7117328
7117329
7117330
7117331
7117332
7117333
7117334
7117335
7117336
7117337
7117338
7117339
7117340
7117341
7117342
7117343
7117344
7117345
7117346
7117347
7117348
7117349
7117350
7117351
7117352
7117353
7117354
7117355
7117356
7117357
7117358
7117359
7117360
7117361
7117362
7117363
7117364
7117365
7117366
7117367
7117368
7117369
7117370
7117371
7117372
7117373
7117374
7117375
7117376
7117377
7117378
7117379
7117380
7117381
7117382
7117383
7117384
7117385
7117386
7117387
7117388
7117389
7117390
7117391
7117392
7117393
7117394
7117395
7117396
7117397
7117398
7117399
7117400
7117401
7117402
7117403
7117404
7117405
7117406
7117407
7117408
7117409
7117410
7117411
7117412
7117413
7117414
7117415
7117416
7117417
7117418
7117419
7117420
7117421
