1206913
1206914
1206915
1206916
1206917
1206918
1206919
1206920
1206921
1206922
1206923
1206924
1206925
1206926
1206927
1206928
1206929
1206930
1206931
1206932
1206933
1206934
1206935
1206936
1206937
1206938
1206939
1206940
1206941
1206942
1206943
1206944
1206945
1206946
1206947
1206948
1206949
1206950
1206951
1206952
1206953
1206954
1206955
1206956
1206957
1206958
1206959
1206960
1206961
1206962
1206963
1206964
1206965
1206966
1206967
1206968
1206969
1206970
1206971
1206972
1206973
1206974
1206975
1206976
1206977
1206978
1206979
1206980
1206981
1206982
1206983
1206984
1206985
1206986
1206987
1206988
1206989
1206990
1206991
1206992
1206993
1206994
1206995
1206996
1206997
1206998
1206999
1207000
1207001
1207002
1207003
1207004
1207005
1207006
1207007
1207008
1207009
1207010
1207011
1207012
1207013
1207014
1207015
1207016
1207017
1207018
1207019
1207020
1207021
1207022
1207023
1207024
1207025
1207026
1207027
1207028
1207029
1207030
1207031
1207032
1207033
1207034
1207035
1207036
1207037
1207038
1207039
1207040
1207041
1207042
1207043
1207044
1207045
1207046
1207047
1207048
1207049
1207050
1207051
1207052
1207053
1207054
1207055
1207056
1207057
1207058
1207059
1207060
1207061
1207062
1207063
1207064
1207065
1207066
1207067
1207068
1207069
1207070
1207071
1207072
1207073
1207074
1207075
1207076
1207077
1207078
1207079
1207080
1207081
1207082
1207083
1207084
1207085
1207086
1207087
1207088
1207089
1207090
1207091
1207092
1207093
1207094
1207095
1207096
1207097
1207098
1207099
1207100
1207101
1207102
1207103
1207104
1207105
1207106
1207107
1207108
1207109
1207110
1207111
1207112
1207113
1207114
1207115
1207116
1207117
1207118
1207119
1207120
1207121
1207122
1207123
1207124
1207125
1207126
1207127
1207128
1207129
1207130
1207131
1207132
1207133
1207134
1207135
1207136
1207137
1207138
1207139
1207140
1207141
1207142
1207143
1207144
1207145
1207146
1207147
1207148
1207149
1207150
1207151
1207152
1207153
1207154
1207155
1207156
1207157
1207158
1207159
1207160
1207161
1207162
1207163
1207164
1207165
1207166
1207167
1207168
1207169
1207170
1207171
1207172
1207173
1207174
1207175
1207176
1207177
1207178
1207179
1207180
1207181
1207182
1207183
1207184
1207185
1207186
1207187
1207188
1207189
1207190
1207191
1207192
1207193
1207194
1207195
1207196
1207197
1207198
1207199
1207200
1207201
1207202
1218416
1218417
1218418
1218419
1218420
1218421
1218422
1218423
1218424
1218425
1218426
1218427
1218428
1218429
1218430
1218431
1218432
1218433
1218434
1218435
1218436
1218437
1218438
1218439
1218440
1218441
1218442
1218443
1218444
1218445
1218446
1218447
1218448
1218449
1218450
1218451
1218452
1218453
1218454
1218455
1218456
1218457
1218458
1218459
1218460
1218461
1218462
1218463
1218464
1218465
1218466
1218467
1218468
1218469
1218470
1218471
1218472
1218473
1218474
1218475
1218476
1218477
1218478
1218479
1218480
1218481
1218482
1218483
1218484
1218485
1218486
1218487
1218488
1218489
1218490
1218491
1218492
1218493
1218494
1218495
1218496
1218497
1218498
1218499
1219323
1219324
1219325
1219326
1219327
1219328
1219329
1219330
1219331
1219332
1219333
1219334
1219335
1219336
1219337
1219338
1219339
1219340
1219341
1219342
1219343
1219344
1219345
1219346
1219347
1219348
1219349
1219350
1219351
1219352
1219353
1219354
1219355
1219356
1219357
1219358
1219359
1219360
1219361
1219362
1219363
1219364
1219365
1219366
1219367
1219368
1219369
1219370
1219371
1219372
1219373
1219374
1219375
1219376
1219377
1219378
1219379
1219380
1219381
1219382
1219383
1219384
1219385
1219386
1219387
1219388
1219389
1219390
1219391
1219392
1219393
1219394
1219395
1219396
1219397
1219398
1219399
1219400
1219401
1219402
1219403
1219404
1219405
1219406
1219407
1219408
1219409
1219410
1219411
1219412
1220372
1220373
1220374
1220375
1220376
1220377
1220378
1220379
1220380
1220381
1220382
1220383
1220384
1220385
1220386
1220387
1220388
1220389
1220390
1220391
1220392
1220393
1220394
1220395
1220396
1220397
1220398
1220399
1220400
1220401
1220402
1220403
1220404
1220405
1220406
1220407
1220408
1220409
1220410
1220411
1220412
1220413
1220414
1220415
1220416
1220417
1220418
1220419
1220420
1220421
1220422
1220423
1220424
1220425
1220426
1220427
1220428
1220429
1220430
1220431
1220432
1220433
1220434
1220435
1220436
1220437
1220438
1220439
1220440
1220441
1220442
1220443
1220444
1220445
1220446
1220447
1220448
1220449
1220450
1220451
1220452
1220453
1220454
1220455
1220456
1220457
1220458
1220459
1220460
1220461
1220462
1220463
1220464
1220465
1220466
1220467
1220468
1220469
1220470
1220471
1220472
1220473
1220474
1220475
1220476
1220477
1220478
1220479
1220480
1220481
1220482
1220483
1220484
1220485
1220486
1220487
1220488
1220489
1220490
1220491
1220492
1220493
1220494
1220495
1220496
1220497
1220498
1220499
1220500
1220501
1220502
1220503
1220504
1220580
1220581
1220582
1220583
1220584
1220585
1220586
1220587
1220588
1220589
1220590
1220591
1220592
1220593
1220594
1220595
1220596
1220597
1220598
1220599
1220600
1220601
1220602
1220603
1220604
1220605
1220606
1220607
1220608
1220609
1220610
1220611
1220612
1220613
1220614
1220615
1220616
1220617
1220618
1220619
1220620
1220621
1220622
1220623
1220624
1220625
1220626
1220627
1220628
1220629
1220630
1220631
1220632
1220633
1220634
1220635
1220636
1220637
1220638
1220639
1220640
1220641
1220642
1220643
1220644
1220645
1220646
1220647
1220648
1220649
1220650
1220651
1220652
1220653
1220654
1220655
1220656
1220657
1220658
1220659
1220660
1220661
1220662
1220663
1220664
1220665
1220666
1220667
1220668
1220669
1220670
1220671
1220672
1220673
1220674
1220675
1220676
1220677
1220678
1220679
1220680
1220681
1220682
1220683
1220684
1220685
1220686
1220687
1220688
1220689
1220690
1220691
1220692
1220693
1220694
1220695
1220696
1220697
1220698
1220699
1220700
1220701
1220702
1220703
1220704
1220705
1220706
1220707
1220708
1220709
1220710
1220711
1220712
1220713
1220714
1220715
1220716
1221212
1221213
1221214
1221215
1221216
1221217
1221218
1221219
1221220
1221221
1221222
1221223
1221224
1221225
1221226
1221227
1221228
1221229
1221230
1221231
1221232
1221233
1221234
1221235
1221236
1221237
1221238
1221239
1221240
1221241
1221242
1221243
1221244
1221245
1221246
1221247
1221248
1221249
1221250
1221251
1221252
1221253
1221254
1221255
1221256
1221257
1221258
1221259
1221260
1221261
1221262
1221263
1221264
1221265
1221266
1221267
1221268
1221269
1221270
1221271
1221272
1221273
1221274
1221275
1221276
1221277
1221278
1221279
1221280
1221281
1221282
1221283
1221284
1221285
1221286
1221287
1221288
1221289
1221290
1221291
1221292
1221293
1221294
1221295
1221296
1221297
1221298
1221299
1221300
1221301
1221302
1221303
1221304
1221305
1221306
1221307
1221308
1221309
1221310
1221311
1221312
1221313
1221314
1221315
1221316
1221317
1221318
1221319
1221320
1221321
1221322
1221323
1221324
1221325
1221326
1221327
1221328
1221329
1221330
1221331
1221332
1221333
1221334
1221335
1221336
1221337
1221338
1221339
1221948
1221949
1221950
1221951
1221952
1221953
1221954
1221955
1221956
1221957
1221958
1221959
1221960
1221961
1221962
1221963
1221964
1221965
1221966
1221967
1221968
1221969
1221970
1221971
1221972
1221973
1221974
1221975
1221976
1221977
1221978
1221979
1221980
1221981
1221982
1221983
1221984
1221985
1221986
1221987
1221988
1221989
1221990
1221991
1221992
1221993
1221994
1221995
1221996
1221997
1221998
1221999
1222000
1222001
1222002
1222003
1222004
1222005
1222984
1222985
1222986
1222987
1222988
1222989
1222990
1222991
1222992
1222993
1222994
1222995
1222996
1222997
1222998
1222999
1223000
1223001
1223002
1223003
1223004
1223005
1223006
1223007
1223008
1223009
1223010
1223011
1223012
1223013
1223014
1223015
1223016
1223017
1223018
1223019
1223020
1223021
1223022
1223023
1223024
1223025
1223026
1223027
1223028
1223029
1223030
1223031
1223032
1223033
1223034
1223035
1223036
1223037
1223038
1223039
1223040
1223041
1223042
1223043
1223044
1223045
1223046
1223047
1223048
1223049
1223050
1223051
1223052
1223053
1223054
1223055
1223056
1223057
1223058
1223059
1223060
1223061
1223062
1223063
1223064
1223065
1223066
1223067
1223068
1223069
1223070
1223071
1223072
1223073
1223074
1223075
1223076
1223077
1223078
1223079
1223080
1223081
1223082
1223083
1223084
1223085
1223086
1223087
1223088
1223089
1223090
1223091
1223092
1223093
1223094
1223095
1223096
1223097
1223098
1223099
1223100
1223101
1223102
1223103
1223104
1223105
1223106
1223107
1223108
1223109
1223110
1223111
1223112
1223113
1223114
1223115
1223116
1223117
1223118
1223119
1223120
1223121
1223122
1223123
1223124
1223125
1223126
1223127
1223128
1223129
1223130
1223131
1223132
1223133
1223134
1223135
1223136
1223137
1223138
1223139
1223140
1223141
1223142
1223143
1223144
1223145
1223146
1223147
1223148
1223149
1223150
1223151
1223152
1223153
1223154
1223155
1223156
1223157
1223158
1223159
1223160
1223161
1223162
1223163
1223164
1223165
1223166
1223167
1223168
1223169
1223170
1223171
1226453
1226454
1226455
1226456
1226457
1226458
1226459
1226460
1226461
1226462
1226463
1226464
1226465
1226466
1226467
1226468
1226469
1226470
1226471
1226472
1226473
1226474
1226475
1226476
1226477
1226478
1226479
1226480
1226481
1226482
1226483
1226484
1226485
1226486
1226487
1226488
1226489
1226490
1226491
1226492
1226493
1226494
1226495
1226496
1226497
1226498
1226499
1226500
1226501
1226502
1226503
1226504
1226505
1226506
1226507
1226508
1226509
1226510
1226511
1226512
1226513
1226514
1226515
1226516
1226517
1226518
1226519
1226520
1226521
1226522
1226523
1226524
1226525
1226526
1226527
1226528
1226529
1226530
1226531
1226532
1226533
1226534
1226535
1226536
1226537
1226538
1226539
1226540
1226541
1226542
1226543
1226544
1226545
1226546
1226547
1226548
1226549
1226550
1226551
1226552
1226553
1226554
1226555
1226556
1226557
1226558
1226559
1226560
1226561
1226562
1226563
1226564
1226565
1226566
1226567
1226568
1226569
1226570
1226571
1226572
1226573
1226574
1226575
1226576
1226577
1226578
1226579
1226580
1226581
1226582
1226583
1226584
1226585
1226586
1226587
1226588
1226589
1226590
1226591
1226592
1226593
1226594
1226595
1226596
1226597
1226598
1226599
1226600
1226601
1226602
1226603
1226604
1226605
1226606
1226607
1226608
1226609
1226610
1226611
1226612
1226613
1226614
1226615
1226616
1226617
1226618
1226619
1226620
1226621
1226622
1226623
1226624
1226625
1226626
1226627
1226628
1226629
1226630
1226631
1226632
1226633
1226634
1226635
1226636
1226637
1226638
1226639
1226640
1226641
1226642
1226643
1235995
1235996
1235997
1235998
1235999
1236000
1236001
1236002
1236003
1236004
1236005
1236006
1236007
1236008
1236009
1236010
1236011
1236012
1236013
1236014
1236015
1236016
1236017
1236018
1236019
1236020
1236021
1236022
1236023
1236024
1236025
1236026
1236027
1236028
1236029
1236030
1236031
1236032
1236033
1236034
1236035
1236036
1236037
1236038
1236039
1236040
1236041
1236042
1236043
1236044
1236045
1236046
1236047
1236048
1236049
1236050
1236051
1236052
1236053
1236054
1236055
1236056
1236057
1236058
1236059
1236060
1236061
1236062
1236063
1236064
1236065
1236066
1236067
1236068
1236069
1236070
1236071
1236072
1236073
1236074
1236075
1236076
1236077
1236078
1236079
1236080
1236081
1236082
1236083
1236084
1236085
1236086
1236087
1236088
1236089
1236090
1236091
1236092
1236093
1236094
1236095
1236096
1236097
1236098
1236099
1235778
1235779
1235780
1235781
1235782
1235783
1235784
1235785
1235786
1235787
1235788
1235789
1235790
1235791
1235792
1235793
1235794
1235795
1235796
1235797
1235798
1235799
1235800
1235801
1235802
1235803
1235804
1235805
1235806
1235807
1235808
1235809
1235810
1235811
1235812
1235813
1235814
1235815
1235816
1235817
1235818
1235819
1235820
1235821
1235822
1235823
1235824
1235825
1235826
1235827
1235828
1235829
1235830
1235831
1235832
1235833
1235834
1235835
1235836
1235837
1235838
1235839
1235840
1235841
1235842
1235843
1235844
1235845
1235846
1235847
1235848
1235849
1235850
1235851
1235852
1235853
1235854
1235855
1235856
1235857
1235858
1235859
1235860
1235861
1235862
1235863
1235864
1235865
1235866
1235867
1235868
1235869
1235870
1235871
1235872
1235873
1235874
1235875
1235876
1235877
1235878
1235879
1235880
1235881
1235882
1235883
1235884
1235885
1235886
1235887
1235888
1235889
1235890
1235891
1235892
1235893
1235894
1235895
1235896
1235897
1235898
1235899
1235900
1235901
1235902
1235903
1235904
1235905
1235906
1235907
1235908
1235909
1235910
1235911
1235912
1235913
1235914
1235915
1235916
1235917
1235500
1235501
1235502
1235503
1235504
1235505
1235506
1235507
1235508
1235509
1235510
1235511
1235512
1235513
1235514
1235515
1235516
1235517
1235518
1235519
1235520
1235521
1235522
1235523
1235524
1235525
1235526
1235527
1235528
1235529
1235530
1235531
1235532
1235533
1235534
1235535
1235536
1235537
1235538
1235539
1235540
1235541
1235542
1235543
1235544
1235545
1235546
1235547
1235548
1235549
1235550
1235551
1235552
1235553
1235554
1235555
1235556
1235557
1235558
1235559
1235560
1235561
1235562
1235563
1235564
1235000
1235001
1235002
1235003
1235004
1235005
1235006
1235007
1235008
1235009
1235010
1235011
1235012
1235013
1235014
1235015
1235016
1235017
1235018
1235019
1235020
1235021
1235022
1235023
1235024
1235025
1235026
1235027
1235028
1235029
1235030
1235031
1235032
1235033
1235034
1235035
1235036
1235037
1235038
1235039
1235040
1235041
1235042
1235043
1235044
1235045
1235046
1235047
1235048
1235049
1235050
1235051
1235052
1235053
1235054
1235055
1235056
1235057
1235058
1235059
1235060
1235061
1235062
1235063
1235064
1235065
1235066
1235067
1235068
1235069
1235070
1235071
1235072
1235073
1235074
1235075
1235076
1235077
1235078
1235079
1235080
1235081
1235082
1235083
1235084
1235085
1235086
1235087
1235088
1235089
1235090
1235091
1235092
1235093
1235094
1235095
1235096
1235097
1235098
1235099
1235100
1235101
1235102
1235103
1235104
1235105
1235106
1235107
1235108
1235109
1235110
1235111
1235112
1235113
1235114
1235115
1235116
1235117
1235118
1235119
1235120
1235121
1235122
1235123
1235124
1235125
1235126
1235127
1235128
1235129
1235130
1235131
1235132
1235133
1235134
1235135
1235136
1235137
1235138
1235139
1235140
1235141
1235142
1235143
1235144
1234570
1234571
1234572
1234573
1234574
1234575
1234576
1234577
1234578
1234579
1234580
1234581
1234582
1234583
1234584
1234585
1234586
1234587
1234588
1234589
1234590
1234591
1234592
1234593
1234594
1234595
1234596
1234597
1234598
1234599
1234600
1234601
1234602
1234603
1234604
1234605
1234606
1234607
1234608
1234609
1234610
1234611
1234612
1234613
1234614
1234615
1234616
1234617
1234618
1234619
1234620
1234621
1234622
1234623
1234624
1234625
1234626
1234627
1234628
1234629
1234630
1234631
1234632
1234633
1234634
1234635
1234636
1234637
1234638
1234639
1234640
1234641
1234642
1234643
1234644
1234645
1234646
1234647
1234648
1234649
1234650
1234651
1234652
1234653
1234654
1234655
1234656
1234657
1234658
1234659
1234660
1234661
1234662
1234663
1234664
1234665
1234666
1234667
1234668
1234669
1234670
1234671
1234672
1234673
1234674
1234675
1234676
1234677
1234678
1234679
1234680
1234681
1234682
1234683
1234684
1234685
1234686
1234687
1234688
1234689
1234690
1234691
1234692
1234693
1234694
1234695
1234696
1234697
1234698
1234699
1234700
1234701
1234702
1234703
1234704
1234705
1234706
1234707
1234708
1234709
1234710
1234711
1234712
1234713
1234714
1234715
1234716
1234717
1234718
1234719
1234720
1234721
1234722
1234723
1234724
1234725
1234726
1234727
1234728
1234729
1234730
1234731
1234732
1234733
1234734
1234735
1234736
1234737
1234738
1234739
1234740
1234741
1234190
1234191
1234192
1234193
1234194
1234195
1234196
1234197
1234198
1234199
1234200
1234201
1234202
1234203
1234204
1234205
1234206
1234207
1234208
1234209
1234210
1234211
1234212
1234213
1234214
1234215
1234216
1234217
1234218
1234219
1234220
1234221
1234222
1234223
1234224
1234225
1234226
1234227
1234228
1234229
1234230
1234231
1234232
1234233
1234234
1234235
1234236
1234237
1234238
1234239
1234240
1234241
1234242
1234243
1234244
1234245
1234246
1234247
1234248
1234249
1234250
1234251
1234252
1234253
1234254
1234255
1234256
1234257
1234258
1234259
1234260
1234261
1234262
1234263
1234264
1234265
1234266
1234267
1234268
1234269
1234270
1234271
1234272
1234273
1234274
1234275
1234276
1234277
1234278
1234279
1234280
1234281
1234282
1234283
1234284
1234285
1234286
1234287
1234288
1234289
1234290
1234291
1234292
1234293
1234294
1234295
1234296
1234297
1234298
1234299
1234300
1234301
1234302
1234303
1234304
1234305
1234306
1234307
1234308
1234309
1234310
1234311
1234312
1234313
1234314
1234315
1234316
1234317
1234318
1234319
1234320
1234321
1234322
1234323
1234324
1234325
1234326
1234327
1234328
1234329
1234330
1233425
1233426
1233427
1233428
1233429
1233430
1233431
1233432
1233433
1233434
1233435
1233436
1233437
1233438
1233439
1233440
1233441
1233442
1233443
1233444
1233445
1233446
1233447
1233448
1233449
1233450
1233451
1233452
1233453
1233454
1233455
1233456
1233457
1233458
1233459
1233460
1233461
1233462
1233463
1233464
1233465
1233466
1233467
1233468
1233469
1233470
1233471
1233472
1233473
1233474
1233475
1233476
1233477
1233478
1233479
1233480
1233481
1233482
1233483
1233484
1233485
1233486
1233487
1233488
1233489
1233490
1233491
1233492
1233493
1233494
1233495
1233496
1233497
1233498
1233499
1233500
1233501
1233502
1233503
1233504
1233505
1233506
1233507
1233508
1233509
1233510
1233511
1233512
1233513
1233514
1233515
1233516
1233517
1233518
1233519
1233520
1233521
1233522
1233523
1233524
1233525
1233526
1233527
1233528
1233529
1233530
1233531
1233532
1233533
1233534
1233535
1233536
1233537
1233538
1233539
1233540
1233541
1233542
1233543
1233544
1233545
1233546
1233547
1233548
1233549
1233550
1233551
1233552
1233553
1233554
1233555
1233556
1233557
1233558
1233559
1233560
1233561
1233562
1233563
1233564
1233565
1233566
1233567
1233568
1233569
1233570
1233571
1233572
1233573
1233574
1233575
1233576
1233577
1233578
1233579
1233580
1233581
1233582
1233583
1233584
1233585
1233586
1233587
1233588
1233589
1233590
1233591
1233592
1233593
1233594
1233595
1233596
1233597
1233598
1233599
1233600
1233601
1233602
1233603
1233604
1233605
1233606
1233607
1233608
1233609
1233610
1233611
1233612
1233613
1233614
1233615
1233616
1233617
1233618
1233619
1233620
1233621
1233622
1233623
1233624
1233625
1233626
1233627
1233628
1233629
1233630
1233631
1233632
1233633
1233634
1233635
1230895
1230896
1230897
1230898
1230899
1230900
1230901
1230902
1230903
1230904
1230905
1230906
1230907
1230908
1230909
1230910
1230911
1230912
1230913
1230914
1230915
1230916
1230917
1230918
1230919
1230920
1230921
1230922
1230923
1230924
1230925
1230926
1230927
1230928
1230929
1230930
1230931
1230932
1230933
1230934
1230935
1230936
1230937
1230938
1230939
1230940
1230941
1230942
1230943
1230944
1230945
1230946
1230947
1230948
1230949
1230950
1230951
1230952
1230953
1230954
1230955
1230956
1230957
1230958
1230959
1230960
1230961
1230962
1230963
1230964
1230965
1230966
1230967
1230968
1230969
1230970
1230971
1230972
1230973
1230974
1230975
1230976
1230977
1230978
1230979
1230980
1230981
1230982
1230983
1230984
1230985
1230986
1230987
1230988
1230989
1230990
1230991
1230992
1230993
1230994
1230995
1230996
1230997
1230998
1230999
1231000
1231001
1231002
1231003
1231004
1231005
1231006
1231007
1231008
1231009
1231010
1231011
1231012
1231013
1231014
1231015
1231016
1231017
1231018
1231019
1231020
1231021
1231022
1231023
1231024
1231025
1231026
1231027
1231028
1231029
1231030
1231031
1231032
1231033
1231034
1231035
1231036
1231037
1231038
1231039
1231040
1231041
1231042
1231043
1231044
1231045
1231046
1231047
1231048
1231049
1231050
1231051
1231052
1231053
1231054
1231055
1231056
1231057
1231058
1231059
1231060
1231061
1231062
1231063
1231064
1231065
1231066
1231067
1231068
1231069
1231070
1231071
1231072
1231073
1231074
1231075
1231076
1231077
1231078
1231079
1231080
1231081
1231082
1231083
1231084
1231085
1231086
1231087
1231088
1231089
1231090
1231091
1231092
1231093
1231094
1231095
1231096
1231097
1231098
1231099
1231100
1231101
1231102
1231103
1231104
1231105
1231106
1231107
1231108
1231109
1231110
1231111
1231112
1231113
1231114
1231115
1231116
1231117
1231118
1231119
1231120
1231121
1231122
1231123
1231124
1231125
1231126
1231127
1231128
1231129
1231130
1231131
1231132
1231133
1231134
1231135
1231136
1231137
1231138
1231139
1231140
1231141
1231142
1231143
1231144
1231145
1231146
1231147
1231148
1231149
1231150
1231151
1231152
1231153
1231154
1231155
1231156
1231157
1231158
1231159
1231160
1231161
1231162
1231163
1231164
1231165
1231166
1231167
1231168
1231169
1231170
1231171
1231172
1231173
1231174
1231175
1231176
1231177
1231178
1231179
1231180
1231181
1231182
1231183
1231184
1231185
1231186
1231187
1231188
1231189
1231190
1231191
1231192
1231193
1231194
1231195
1231196
1231197
1231198
1231199
1231200
1231201
1231202
1231203
1231204
1231205
1231206
1231207
1231208
1231209
1231210
1231211
1231212
1231213
1231214
1231215
1231216
1231217
1231218
1231219
1231220
1231221
1231222
1231223
1231224
1231225
1231226
1231227
1231228
1231229
1231230
1231231
1231232
1231233
1231234
1231235
1231236
1231237
1231238
1231239
1231240
1231241
1231242
1231243
1231244
1231245
1231246
1231247
1231248
1231249
1231250
1231251
1231252
1231253
1231254
1231255
1231256
1231257
1231258
1231259
1231260
1231261
1231262
1231263
1231264
1231265
1231266
1231267
1231268
1231269
1231270
1231271
1231272
1231273
1231274
1241850
1241851
1241852
1241853
1241854
1241855
1241856
1241857
1241858
1241859
1241860
1241861
1241862
1241863
1241864
1241865
1241866
1241867
1241868
1241869
1241870
1241871
1241872
1241873
1241874
1241875
1241876
1241877
1241878
1241879
1241880
1241881
1241882
1241883
1241884
1241885
1241886
1241887
1241888
1241889
1241890
1241891
1241892
1241893
1241894
1241895
1241896
1241897
1241898
1241899
1241900
1241901
1241902
1241903
1241904
1241905
1241906
1241907
1241908
1241909
1241910
1241911
1241912
1241913
1241914
1241915
1241916
1241917
1241918
1241919
1241920
1241921
1241922
1241923
1241924
1241925
1241926
1241927
1241928
1241929
1241930
1241931
1241932
1241933
1241934
1241935
1241936
1241937
1241938
1241939
1241940
1241941
1241942
1241943
1241944
1241945
1241946
1241947
1241948
1241949
1241950
1241951
1241952
1241953
1241954
1241955
1241956
1241957
1241958
1241959
1241960
1241961
1241962
1241963
1241964
1241965
1241966
1241967
1241968
1241969
1241970
1241971
1241972
1241973
1241974
1241975
1241976
1241977
1241978
1241979
1241980
1241981
1241982
1241983
1241984
1241985
1241986
1241987
1241988
1241989
1241990
1242455
1242456
1242457
1242458
1242459
1242460
1242461
1242462
1242463
1242464
1242465
1242466
1242467
1242468
1242469
1242470
1242471
1242472
1242473
1242474
1242475
1242476
1242477
1242478
1242479
1242480
1242481
1242482
1242483
1242484
1242485
1242486
1242487
1242488
1242489
1242490
1242491
1242492
1242493
1242494
1242495
1242496
1242497
1242498
1242499
1242500
1242501
1242502
1242503
1242504
1242505
1242506
1242507
1242508
1242509
1242510
1242511
1242512
1242513
1242514
1242515
1242516
1242517
1242518
1242519
1242520
1242521
1242522
1242523
1242524
1242525
1242526
1242527
1242528
1242529
1242530
1242531
1242532
1242533
1242534
1242535
1242536
1242537
1242538
1242539
1242540
1242541
1242542
1242543
1242544
1242545
1242546
1242547
1242548
1242549
1242550
1242551
1242552
1242553
1242554
1242555
1242556
1242557
1242558
1242559
1242560
1242561
1242562
1242563
1242564
1242565
1242566
1242567
1242568
1242569
1242570
1242571
1242572
1242573
1242574
1242575
1242576
1242577
1242578
1242579
1242580
1242581
1242582
1242583
1242584
1242585
1242586
1242587
1242588
1242589
1242590
1242591
1242592
1242593
1242594
1242595
1242596
1242597
1242598
1242599
1242600
1242601
1242602
1242603
1242604
1242605
1242606
1242607
1242608
1244096
1244097
1244098
1244099
1244100
1244101
1244102
1244103
1244104
1244105
1244106
1244107
1244108
1244109
1244110
1244111
1244112
1244113
1244114
1244115
1244116
1244117
1244118
1244119
1244120
1244121
1244122
1244123
1244124
1244125
1244126
1244127
1244128
1244129
1244130
1244131
1244132
1244133
1244134
1244135
1244136
1244137
1244138
1244139
1244140
1244141
1244142
1244143
1244144
1244145
1244146
1244147
1244148
1244149
1244150
1244151
1244152
1244153
1244154
1244155
1244156
1244157
1244158
1244159
1244160
1244161
1244162
1244163
1244164
1244165
1244166
1244167
1244168
1244169
1244170
1244171
1244172
1244173
1244174
1244175
1244176
1244177
1244178
1244179
1244180
1244181
1244182
1244183
1244184
1244314
1244315
1244316
1244317
1244318
1244319
1244320
1244321
1244322
1244323
1244324
1244325
1244326
1244327
1244328
1244329
1244330
1244331
1244332
1244333
1244334
1244335
1244336
1244337
1244338
1244339
1244340
1244341
1244342
1244343
1244344
1244345
1244346
1244347
1244348
1244349
1244350
1244351
1244352
1244353
1244354
1244355
1244356
1244357
1244358
1244359
1244360
1244361
1244362
1244363
1244364
1244365
1244366
1244367
1244368
1244369
1244370
1244371
1244372
1244373
1244374
1244375
1244376
1244377
1244378
1244379
1244380
1244381
1244382
1244383
1244384
1244385
1244386
1244387
1244388
1244389
1244390
1244391
1244392
1244393
1244394
1244395
1244396
1244397
1244398
1244399
1244400
1244401
1244402
1244403
1244404
1244405
1244406
1244407
1244408
1244409
1244410
1244411
1244412
1244413
1244414
1244415
1244416
1244417
1244418
1244419
1244420
1244421
1244422
1244423
1244424
1244425
1244426
1244427
1244428
1244429
1244430
1244431
1244432
1244433
1250296
1250297
1250298
1250299
1250300
1250301
1250302
1250303
1250304
1250305
1250306
1250307
1250308
1250309
1250310
1250311
1250312
1250313
1250314
1250315
1250316
1250317
1250318
1250319
1250320
1250321
1250322
1250323
1250324
1250325
1250326
1250327
1250328
1250329
1250330
1250331
1250332
1250333
1250334
1250335
1250336
1250337
1250338
1250339
1250340
1250341
1250342
1250343
1250344
1250345
1250346
1250347
1250348
1250349
1250350
1250351
1250352
1250353
1250354
1250355
1250356
1250357
1250358
1250359
1250360
1250361
1250362
1250363
1250364
1250365
1250366
1250367
1250368
1250369
1250370
1250371
1250372
1250373
1250374
1250375
1250376
1250377
1250378
1250379
1250380
1250381
1250382
1250383
1250384
1250385
1250386
1250387
1250388
1250389
1250390
1250391
1250392
1250393
1250394
1250395
1250396
1250397
1250398
1250399
1250400
1250401
1250402
1250403
1250404
1250405
1250406
1250407
1250408
1250409
1250410
1250411
1250412
1250413
1250414
1250415
1250416
1250417
1250418
1250419
1250420
1250421
1250422
1250423
1250424
1250425
1250426
1250427
1250428
1250429
1250430
1250431
1250432
1250433
1250434
1250435
1250436
1250437
1250438
1250439
1250440
1250441
1250442
1250443
1250444
1250445
1250446
1250447
1250448
1250449
1250450
1250451
1250452
1250453
1250454
1250455
1250456
1250457
1250458
1250459
1250460
1250461
1250462
1250463
1250464
1250465
1250466
1250467
1250468
1250469
1250470
1250471
1250472
1250473
1250474
1250475
1250476
1250477
1250478
1250479
1250480
1250481
1250482
1250483
1250484
1250485
1250486
1250487
1250488
1250489
1250490
1250491
1250492
1250493
1250494
1250495
1250496
1250497
1250498
1250499
1250500
1250501
1250502
1250503
1250504
1250505
1250506
1250507
1250508
1250509
1250510
1250511
1250512
1250513
1250514
1250515
1250516
1250517
1250518
1250519
1250520
1250521
1250522
1250523
1250524
1250525
1250526
1250527
1250528
1251561
1251562
1251563
1251564
1251565
1251566
1251567
1251568
1251569
1251570
1251571
1251572
1251573
1251574
1251575
1251576
1251577
1251578
1251579
1251580
1251581
1251582
1251583
1251584
1251585
1251586
1251587
1251588
1251589
1251590
1251591
1251592
1251593
1251594
1251595
1251596
1251597
1251598
1251599
1251600
1251601
1251602
1251603
1251604
1251605
1251606
1251607
1251608
1251609
1251610
1251611
1251612
1251613
1251614
1251615
1251616
1251617
1251618
1251619
1251620
1251621
1251622
1251623
1251624
1251625
1251626
1251627
1251628
1251629
1251630
1251631
1251632
1251633
1251634
1251635
1251636
1251637
1251638
1251639
1251640
1251641
1251642
1251643
1251644
1251645
1251646
1251647
1251648
1251838
1251839
1251840
1251841
1251842
1251843
1251844
1251845
1251846
1251847
1251848
1251849
1251850
1251851
1251852
1251853
1251854
1251855
1251856
1251857
1251858
1251859
1251860
1251861
1251862
1251863
1251864
1251865
1251866
1251867
1251868
1251869
1251870
1251871
1251872
1251873
1251874
1251875
1251876
1251877
1251878
1251879
1251880
1251881
1251882
1251883
1251884
1251885
1251886
1251887
1251888
1251889
1251890
1251891
1251892
1251893
1251894
1251895
1251896
1251897
1251898
1251899
1251900
1254166
1254167
1254168
1254169
1254170
1254171
1254172
1254173
1254174
1254175
1254176
1254177
1254178
1254179
1254180
1254181
1254182
1254183
1254184
1254185
1254186
1254187
1254188
1254189
1254190
1254191
1254192
1254193
1254194
1254195
1254196
1254197
1254198
1254199
1254200
1254201
1254202
1254203
1254204
1254205
1254206
1254207
1254208
1254209
1254210
1254211
1254212
1254213
1254214
1254215
1254216
1254217
1254218
1254219
1254220
1254221
1254222
1254223
1254224
1254225
1254226
1254227
1254228
1254229
1254230
1254231
1254232
1254233
1254234
1254235
1254236
1254237
1254238
1254239
1254240
1254241
1254242
1254243
1254244
1254245
1254246
1254247
1254248
1254249
1254250
1254251
1254252
1254253
1254254
1254255
1254256
1254257
1254258
1254259
1254260
1254261
1254262
1254263
1254264
1254265
1254266
1254267
1254268
1254269
1254270
1254271
1254272
1254273
1254274
1254275
1254276
1254277
1254278
1254279
1254280
1254281
1254282
1254283
1254284
1254285
1254286
1254287
1254288
1254289
1254290
1254291
1254292
1254293
1254294
1254295
1254296
1254297
1254298
1254299
1254300
1254301
1254302
1254303
1254304
1254305
1254306
1254307
1254308
1254309
1254310
1254311
1254312
1254313
1254314
1254315
1254316
1254317
1254318
1254319
1254320
1254321
1254322
1254323
1254324
1254325
1254326
1254327
1254328
1254329
1254330
1254331
1254332
1254333
1254334
1254335
1254336
1254337
1254338
1254339
1254340
1254341
1254342
1254343
1254344
1254345
1254346
1254347
1254348
1254349
1254350
1254351
1254352
1254353
1254354
1254355
1254356
1254357
1254358
1254359
1254360
1254361
1254362
1254363
1254364
1254365
1254366
1254367
1254368
1254369
1254370
1254371
1254372
1254373
1254374
1254375
1254376
1254377
1254378
1254379
1254380
1254381
1254382
1254383
1254384
1254385
1254386
1254387
1254388
1254389
1254390
1254391
1254392
1254393
1254394
1254395
1254396
1254397
1254398
1254399
1254400
1254401
1254402
1254403
1254404
1254405
1254406
1254407
1254408
1254409
1254410
1254411
1254412
1254413
1254414
1254415
1254416
1254417
1254418
1254419
1254420
1254421
1254422
1254423
1254424
1254425
1254426
1254427
1254428
1254429
1254430
1254431
1254432
1254433
1254434
1254435
1254436
1254437
1254438
1254439
1254440
1254441
1254442
1254443
1254444
1254445
1254446
1254447
1254448
1254449
1254450
1254451
1254452
1254453
1254454
1254455
1254456
1254457
1254458
1254459
1254460
1254461
1254462
1254463
1254464
1254465
1254466
1254467
1254468
1254469
1254470
1254471
1254472
1254473
1254474
1254475
1254476
1254477
1254901
1254902
1254903
1254904
1254905
1254906
1254907
1254908
1254909
1254910
1254911
1254912
1254913
1254914
1254915
1254916
1254917
1254918
1254919
1254920
1254921
1254922
1254923
1254924
1254925
1254926
1254927
1254928
1254929
1254930
1254931
1254932
1254933
1254934
1254935
1254936
1254937
1254938
1254939
1254940
1254941
1254942
1254943
1254944
1254945
1254946
1254947
1254948
1254949
1254950
1254951
1254952
1254953
1254954
1254955
1254956
1254957
1254958
1254959
1254960
1254961
1254962
1254963
1254964
1254965
1254966
1254967
1254968
1254969
1254970
1254971
1254972
1254973
1254974
1254975
1254976
1254977
1254978
1254979
1254980
1254981
1254982
1254983
1254984
1254985
1254986
1254987
1254988
1254989
1254990
1254991
1254992
1254993
1254994
1254995
1254996
1254997
1254998
1254999
1255000
1255001
1255002
1255003
1255004
1255005
1255006
1255007
1255008
1255009
1255010
1255011
1255012
1255013
1255014
1255015
1255016
1255017
1255018
1255019
1255020
1255021
1255022
1255023
1255024
1255025
1255026
1255027
1255028
1255029
1255030
1255031
1255032
1255033
1255034
1255035
1255036
1255037
1255038
1255039
1255040
1255041
1255042
1255043
1255044
1255045
1255046
1255047
1255048
1255049
1255050
1255051
1255052
1255053
1255054
1255055
1255056
1255057
1255058
1255059
1255060
1255421
1255422
1255423
1255424
1255425
1255426
1255427
1255428
1255429
1255430
1255431
1255432
1255433
1255434
1255435
1255436
1255437
1255438
1255439
1255440
1255441
1255442
1255443
1255444
1255445
1255446
1255447
1255448
1255449
1255450
1255451
1255452
1255453
1255454
1255455
1255456
1255457
1255458
1255459
1255460
1255461
1255462
1255463
1255464
1255465
1255466
1255467
1255468
1255469
1255470
1255471
1255472
1255473
1255474
1255475
1255476
1255477
1255478
1255479
1255480
1255481
1255482
1255483
1255484
1255485
1255486
1255487
1255488
1255489
1255490
1255491
1255492
1255493
1255494
1255495
1255496
1255497
1255498
1255499
1255500
1255501
1255502
1255503
1255504
1255505
1255506
1255507
1255508
1255509
1255510
1255511
1255512
1255513
1255514
1255515
1255516
1255517
1255518
1255519
1255520
1255521
1255522
1255523
1255524
1255525
1255526
1255527
1255528
1255529
1255530
1255531
1255532
1255533
1255534
1255535
1255536
1255537
1255538
1255539
1255540
1255541
1255542
1255543
1255544
1255545
1255546
1255547
1255548
1255549
1255550
1255551
1255552
1255553
1255554
1255555
1255556
1255557
1255558
1255559
1255560
1255561
1255562
1255563
1255564
1255565
1255566
1255567
1255568
1255569
1255570
1255571
1255572
1255573
1255574
1255575
1255576
1255577
1255578
1255579
1255580
1255581
1255582
1255583
1255584
1255585
1255586
1255587
1255588
1255589
1255590
1255591
1255592
1255593
1255594
1255595
1255596
1255597
1255598
1255599
1255600
1255601
1255602
1255603
1255604
1255605
1255606
1255607
1255608
1255609
1255610
1255611
1255612
1255613
1255614
1255615
1255616
1255617
1255618
1255619
1255620
1255621
1255622
1255623
1255624
1255625
1255626
1255627
1255628
1255629
1255630
1255631
1255632
1255633
1255634
1255635
1255636
1255637
1255638
1255639
1255640
1255641
1255642
1255643
1255644
1255645
1255646
1255647
1255648
1255649
1255650
1255651
1255652
1255653
1255654
1255655
1255656
1255657
1255658
1255659
1255660
1255661
1255662
1255663
1255664
1255665
1255666
1255667
1255668
1255669
1255670
1255671
1255672
1255673
1255674
1255675
1255676
1255677
1255678
1255679
1255680
1255681
1255682
1255683
1255684
1255685
1255686
1255687
1255688
1255689
1255690
1255691
1255692
1255693
1256994
1256995
1256996
1256997
1256998
1256999
1257000
1257001
1257002
1257003
1257004
1257005
1257006
1257007
1257008
1257009
1257010
1257011
1257012
1257013
1257014
1257015
1257016
1257017
1257018
1257019
1257020
1257021
1257022
1257023
1257024
1257025
1257026
1257027
1257028
1257029
1257030
1257031
1257032
1257033
1257034
1257035
1257036
1257037
1257038
1257039
1257040
1257041
1257042
1257043
1257044
1257045
1257046
1257047
1257048
1257049
1257050
1257051
1257052
1257053
1257054
1257055
1257056
1257057
1257058
1257059
1257060
1257061
1257062
1257063
1257064
1257065
1257066
1257067
1257068
1257069
1257070
1257071
1257072
1257073
1257074
1257075
1257076
1257077
1257078
1257079
1257080
1257081
1257082
1257083
1257084
1257085
1257086
1257087
1257088
1257089
1257090
1257091
1257092
1257093
1257094
1257095
1257096
1257097
1257098
1257099
1257100
1257101
1257102
1257103
1257104
1257105
1257106
1257107
1257108
1257109
1257110
1257111
1257112
1257113
1257114
1257115
1257116
1257117
1257118
1257119
1257120
1257121
1257122
1257123
1257124
1257125
1257126
1257127
1257128
1257129
1257130
1257131
1257132
1257133
1257134
1257135
1257136
1257137
1257138
1257139
1257140
1257141
1257142
1257143
1257144
1257145
1257146
1257147
1257148
1257149
1257150
1257151
1257152
1257153
1257154
1257155
1257156
1257157
1257158
1257159
1257160
1257161
1257162
1257163
1257164
1257165
1257166
1257167
1257168
1257169
1257170
1257171
1257172
1257173
1257174
1257175
1257176
1257177
1257178
1257179
1257180
1257181
1257182
1257183
1257184
1257185
1257186
1257187
1257188
1257189
1257190
1257191
1257192
1257193
1257194
1257195
1257196
1257197
1257198
1257199
1257200
1257201
1257202
1257203
1257204
1257205
1257206
1257207
1257208
1257209
1257210
1257211
1257212
1257213
1257214
1257215
1257216
1257217
1257218
1257219
1257220
1257221
1257222
1257223
1257224
1257225
1257226
1257227
1257228
1257229
1257230
1257231
1257232
1257233
1257234
1257235
1257236
1257237
1257238
1257239
1257240
1257241
1257242
1257243
1257244
1257245
1257246
1257247
1257248
1257249
1257250
1257251
1257252
1257253
1257254
1257255
1257256
1257257
1257258
1257259
1257260
1257261
1257262
1257263
1257264
1257265
1257266
1257267
1257268
1270933
1270934
1270935
1270936
1270937
1270938
1270939
1270940
1270941
1270942
1270943
1270944
1270945
1270946
1270947
1270948
1270949
1270950
1270951
1270952
1270953
1270954
1270955
1270956
1270957
1270958
1270959
1270960
1270961
1270962
1270963
1270964
1270965
1270966
1270967
1270968
1270969
1270970
1270971
1270972
1270973
1270974
1270975
1270976
1270977
1270978
1270979
1270980
1270981
1270982
1270983
1270984
1270985
1270986
1270987
1270988
1270989
1270990
1270991
1270992
1270993
1270994
1270995
1270996
1270997
1270998
1270999
1271000
1271001
1271002
1271003
1271004
1271005
1271006
1271007
1271008
1271009
1271010
1271011
1271012
1271013
1271014
1271015
1271016
1271017
1271018
1271019
1271020
1271021
1271022
1271023
1271024
1271025
1271026
1271027
1271028
1271029
1271030
1271031
1271032
1271033
1271034
1271035
1271139
1271140
1271141
1271142
1271143
1271144
1271145
1271146
1271147
1271148
1271149
1271150
1271151
1271152
1271153
1271154
1271155
1271156
1271157
1271158
1271159
1271160
1271161
1271162
1271163
1271164
1271165
1271166
1271167
1271168
1271169
1271170
1271171
1271172
1271173
1271174
1271175
1271176
1271177
1271178
1271179
1271180
1271181
1271182
1271183
1271184
1271185
1271186
1271187
1271188
1271189
1271190
1271191
1271192
1271193
1271194
1271195
1271196
1271197
1271198
1271199
1271200
1271201
1271202
1271203
1271204
1271205
1271206
1271207
1271208
1271209
1271210
1271211
1271212
1271213
1271214
1271215
1271216
1271217
1271218
1271219
1271220
1271221
1271222
1271223
1271224
1271225
1271226
1271227
1271228
1271229
1271230
1271231
1271232
1271233
1271234
1271235
1271236
1271237
1271238
1271239
1271240
1271241
1271242
1271243
1271244
1271245
1271328
1271329
1271330
1271331
1271332
1271333
1271334
1271335
1271336
1271337
1271338
1271339
1271340
1271341
1271342
1271343
1271344
1271345
1271346
1271347
1271348
1271349
1271350
1271351
1271352
1271353
1271354
1271355
1271356
1271357
1271358
1271359
1271360
1271361
1271362
1271363
1271364
1271365
1271366
1271367
1271368
1271369
1271370
1271371
1271372
1271373
1271374
1271375
1271376
1271377
1271378
1271379
1271380
1271381
1271382
1271383
1271384
1271385
1271386
1271387
1271388
1271389
1271390
1271391
1271392
1271393
1271394
1271395
1271396
1271397
1271398
1271399
1271400
1271401
1271402
1271403
1271404
1271405
1271406
1271407
1271408
1271409
1271410
1271411
1271412
1271413
1271414
1271415
1271416
1271417
1271418
1271419
1271420
1271421
1271422
1271423
1271424
1271425
1271426
1271427
1271428
1271429
1271430
1271431
1271432
1271433
1271434
1271435
1271436
1271437
1271438
1271439
1271440
1271441
1271442
1271443
1271444
1271445
1271446
1271447
1271448
1271449
1271450
1271451
1271452
1271453
1271454
1271455
1271456
1271457
1271458
1271459
1271460
1271461
1271462
1271463
1271464
1271465
1271466
1271550
1271551
1271552
1271553
1271554
1271555
1271556
1271557
1271558
1271559
1271560
1271561
1271562
1271563
1271564
1271565
1271566
1271567
1271568
1271569
1271570
1271571
1271572
1271573
1271574
1271575
1271576
1271577
1271578
1271579
1271580
1271581
1271582
1271583
1271584
1271585
1271586
1271587
1271588
1271589
1271590
1271591
1271592
1271593
1271594
1271595
1271596
1271597
1271598
1271599
1271600
1271601
1271602
1271603
1271604
1271605
1271606
1271607
1271608
1271609
1271610
1271611
1271612
1271613
1271614
1271615
1271616
1271617
1271618
1271619
1271620
1271621
1271622
1271623
1271624
1271625
1271626
1271627
1271628
1271629
1271630
1271631
1271980
1271981
1271982
1271983
1271984
1271985
1271986
1271987
1271988
1271989
1271990
1271991
1271992
1271993
1271994
1271995
1271996
1271997
1271998
1271999
1272000
1272001
1272002
1272003
1272004
1272005
1272006
1272007
1272008
1272009
1272010
1272011
1272012
1272013
1272014
1272015
1272016
1272017
1272018
1272019
1272020
1272021
1272022
1272023
1272024
1272025
1272026
1272027
1272028
1272029
1272030
1272031
1272032
1272033
1272034
1272035
1272036
1272037
1272038
1272039
1272040
1272041
1272042
1272043
1272044
1272045
1272046
1272047
1272048
1272049
1272050
1272426
1272427
1272428
1272429
1272430
1272431
1272432
1272433
1272434
1272435
1272436
1272437
1272438
1272439
1275549
1275550
1275551
1275552
1275553
1275554
1275555
1275556
1275557
1275558
1275559
1275560
1275561
1275562
1275563
1275564
1275565
1275566
1275567
1275568
1275569
1275570
1275571
1275572
1275573
1275574
1275575
1275576
1275577
1275578
1275579
1275580
1275581
1275582
1275583
1275584
1275585
1275586
1275587
1275588
1275589
1275590
1275591
1275592
1275593
1275594
1275595
1275596
1275597
1275598
1275599
1275600
1275601
1275602
1275603
1275604
1275605
1275606
1275607
1275608
1275609
1275610
1275611
1275612
1275613
1275614
1275615
1275616
1275617
1275618
1275619
1275620
1275621
1275622
1275623
1275624
1275625
1275626
1275627
1275628
1275629
1275630
1275631
1275632
1275633
1275634
1275635
1275636
1275637
1275638
1275639
1275640
1275641
1275642
1275643
1275644
1275645
1275646
1275647
1275648
1275649
1275650
1275651
1275652
1275653
1275654
1275655
1275656
1275657
1275658
1275659
1275660
1275661
1275662
1275663
1275664
1275665
1275666
1275667
1275668
1275669
1275670
1275671
1275672
1275673
1275674
1275675
1275676
1275677
1275678
1275679
1275680
1275681
1275682
1275683
1275684
1275685
1275686
1275687
1275688
1275689
1275690
1275691
1275692
1275693
1275694
1275695
1275696
1275697
1275698
1275699
1275700
1275701
1275702
1275703
1275704
1275705
1275706
1275707
1275708
1275709
1275710
1275711
1275712
1275713
1275714
1275715
1275716
1275717
1275718
1275719
1275720
1275721
1275722
1275723
1275724
1275725
1275726
1275727
1275728
1275729
1275730
1275731
1275732
1275733
1275734
1275735
1275736
1275737
1275738
1275739
1275740
1275741
1275742
1275743
1275744
1275745
1275746
1275747
1275748
1275749
1275750
1275751
1275752
1275753
1275754
1275755
1275756
1275757
1275758
1275759
1275760
1275761
1275762
1275763
1275764
1275765
1275766
1275767
1275768
1275769
1275770
1275771
1275772
1275773
1275774
1275775
1275776
1275777
1275778
1275779
1275780
1275781
1275782
1275783
1275784
1275785
1275786
1275787
1275788
1275789
1275790
1275791
1275792
1275793
1275794
1275795
1275796
1275797
1275798
1275799
1275800
1275801
1275802
1275803
1275804
1275805
1275806
1275807
1275808
1275809
1275810
1275811
1275812
1275813
1275814
1275815
1275816
1275817
1275818
1275819
1275820
1275821
1275822
1275823
1275824
1275825
1275826
1275827
1275828
1275829
1277182
1277183
1277184
1277185
1277186
1277187
1277188
1277189
1277190
1277191
1277192
1277193
1277194
1277195
1277196
1277197
1277198
1277199
1277200
1277201
1277202
1277203
1277204
1277205
1277206
1277207
1277208
1277209
1277210
1277211
1277212
1277213
1277214
1277215
1277216
1277217
1277218
1277219
1277220
1277221
1277222
1277223
1277224
1277225
1277226
1277227
1277228
1277229
1277230
1277231
1277232
1277233
1277234
1277235
1277236
1277237
1277238
1277239
1277240
1277241
1277242
1277243
1277244
1277245
1277246
1277247
1277248
1277249
1277250
1277251
1277252
1277253
1277254
1277255
1277256
1277257
1277258
1277259
1277260
1277261
1277262
1277263
1277264
1277265
1277266
1277267
1277268
1277269
1277270
1277271
1277272
1277273
1277274
1277275
1277276
1277277
1277278
1277279
1277280
1277281
1277282
1277283
1277284
1277285
1277286
1277287
1277288
1277289
1277290
1277291
1277292
1277293
1277294
1277295
1277296
1286168
1286169
1286170
1286171
1286172
1286173
1286174
1286175
1286176
1286177
1286178
1286179
1286180
1286181
1286182
1286183
1286184
1286185
1286186
1286187
1286188
1286189
1286190
1286191
1286192
1286193
1286194
1286195
1286196
1286197
1286198
1286199
1286200
1286201
1286202
1286203
1286204
1286205
1286206
1286207
1286208
1286209
1286210
1286211
1286212
1286213
1286214
1286215
1286216
1286217
1286218
1286219
1286220
1286221
1286222
1286223
1286224
1286225
1286226
1286227
1286228
1286229
1286230
1286231
1286232
1286233
1286234
1286235
1286236
1286237
1286238
1286239
1286240
1286241
1286242
1286243
1286244
1286245
1286246
1286247
1286248
1286249
1286250
1286251
1286252
1286253
1286254
1286255
1286256
1286257
1286258
1286259
1286260
1286261
1286262
1286263
1286264
1286265
1286266
1286267
1286268
1286269
1286270
1286271
1286272
1286273
1286274
1286275
1286276
1286277
1286278
1286279
1286280
1286281
1286282
1286283
1286284
1286285
1286286
1286287
1286288
1286289
1286290
1286291
1286292
1286293
1286294
1286295
1286296
1286297
1286298
1286299
1286300
1286301
1286302
1286303
1286304
1286305
1286306
1286307
1295544
1295545
1295546
1295547
1295548
1295549
1295550
1295551
1295552
1295553
1295554
1295555
1295556
1295557
1295558
1295559
1295560
1295561
1295562
1295563
1295564
1295565
1295566
1295567
1295568
1295569
1295570
1295571
1295572
1295573
1295574
1295575
1295576
1295577
1295578
1295579
1295580
1295581
1295582
1295583
1295584
1295585
1295586
1295587
1295588
1295589
1295590
1295591
1295592
1295593
1295594
1295595
1295596
1295597
1295598
1295599
1295600
1295601
1295602
1295603
1295604
1295605
1295606
1295607
1295608
1295609
1295610
1295611
1295612
1295613
1295614
1295615
1295616
1295617
1295618
1295619
1295620
1295621
1295622
1295623
1295624
1295625
1295626
1295627
1295628
1295629
1295630
1295631
1295632
1295633
1295634
1295635
1295636
1295637
1295638
1295639
1295640
1295641
1295642
1295643
1295644
1295645
1295646
1295647
1295648
1295649
1295650
1295651
1295652
1295653
1295654
1295655
1295656
1295657
1295658
1295659
1295660
1295661
1295662
1295663
1295664
1295665
1295666
1295667
1295668
1295669
1295670
1295671
1295672
1295673
1295674
1295675
1295676
1295677
1295678
1295679
1295680
1295681
1295682
1295683
1295684
1295685
1295686
1295687
1295688
1295689
1295690
1295691
1295692
1295693
1295694
1295695
1295696
1295697
1295698
1295699
1295700
1295701
1295702
1295703
1295704
1295705
1295706
1295707
1295708
1295709
1295710
1295711
1295712
1295713
1295714
1295715
1295716
1295717
1295718
1295719
1295720
1295721
1295722
1295723
1295724
1295725
1295726
1295727
1295728
1295729
1295730
1295731
1295732
1295733
1295734
1295735
1295736
1295737
1295738
1295739
1295740
1295741
1295742
1295743
1295744
1295745
1295746
1295747
1295748
1295749
1295750
1295751
1295752
1295753
1295754
1295755
1295756
1295757
1295758
1295759
1295760
1295761
1295762
1295763
1295764
1295765
1295766
1295767
1295768
1295769
1295770
1295771
1295772
1295773
1295774
1295775
1295776
1295777
1295778
1295779
1295780
1295781
1295782
1295783
1295784
1295785
1295786
1295787
1295788
1295789
1295790
1295791
1295792
1295793
1295794
1295795
1295796
1295797
1295798
1295799
1295800
1295801
1295802
1295803
1295804
1295805
1295806
1295807
1295808
1295809
1295810
1295811
1295812
1295813
1295814
1295815
1295816
1295817
1295818
1295819
1295820
1295821
1295822
1295823
1295824
1295825
1295826
1295827
1295828
1295829
1295830
1295831
1295832
1295833
1295834
1295835
1295836
1295837
1295838
1295839
1295840
1295841
1295842
1295843
1295844
1295845
1295846
1295847
1295848
1295849
1295850
1295851
1295852
1295853
1295854
1295855
1295856
1295857
1298550
1298551
1298552
1298553
1298554
1298555
1298556
1298557
1298558
1298559
1298560
1298561
1298562
1298563
1298564
1298565
1298566
1298567
1298568
1298569
1298570
1298571
1298572
1298573
1298574
1298575
1298576
1298577
1298578
1298579
1298580
1298581
1298582
1298583
1298584
1298585
1298586
1298587
1298588
1298589
1298590
1298591
1298592
1298593
1298594
1298595
1298596
1298597
1298598
1298599
1298600
1298601
1298602
1298603
1298604
1298605
1298606
1298607
1298608
1298609
1298610
1298611
1298612
1298613
1298614
1298615
1299823
1299824
1299825
1299826
1299827
1299828
1299829
1299830
1299831
1299832
1299833
1299834
1299835
1299836
1299837
1299838
1299839
1299840
1299841
1299842
1299843
1299844
1299845
1299846
1299847
1299848
1299849
1299850
1299851
1299852
1299853
1299854
1299855
1299856
1299857
1299858
1299859
1299860
1299861
1299862
1299863
1299864
1299865
1299866
1299867
1299868
1299869
1299870
1299871
1299872
1299873
1299874
1299875
1299876
1299877
1299878
1299879
1299880
1299881
1299882
1299883
1299884
1299885
1299886
1299887
1299888
1299889
1299890
1299891
1299892
1299893
1299894
1299895
1299896
1299897
1299898
1299899
1299900
1299901
1299902
1299903
1299904
1299905
1299906
1299907
1299908
1299909
1299910
1299911
1299912
1299913
1299914
1299915
1299916
1299917
1299918
1299919
1299920
1299921
1299922
1299923
1299924
1299925
1299926
1299927
1299928
1299929
1299930
1299931
1299932
1299933
1299934
1299935
1299936
1299937
1299938
1299939
1299940
1299941
