6531048
6531049
6531050
6531051
6531052
6531053
6531054
6531055
6531056
6531057
6531058
6531059
6531060
6531061
6531062
6531063
6531064
6531065
6531066
6531067
6531068
6531069
6531070
6531071
6531072
6531073
6531074
6531075
6531076
6531077
6531078
6531079
6531080
6531081
6531082
6531083
6531084
6531085
6531086
6531087
6531088
6531089
6531090
6531091
6531092
6531093
6531094
6531095
6531096
6531097
6531098
6531099
6531100
6531101
6531102
6531103
6531104
6531105
6531106
6531107
6531108
6531109
6531110
6531111
6531112
6531113
6531114
6531115
6531116
6531117
6531118
6531119
6531120
6531121
6531122
6531123
6531124
6531125
6531126
6531127
6531128
6531129
6531130
6531131
6531132
6531133
6531134
6531135
6531136
6531137
6531138
6531139
6531140
6531141
6531142
6531143
6531144
6531145
6531146
6531147
6531148
6531149
6531150
6531151
6531152
6531153
6531154
6531155
6531156
6531157
6531158
6531159
6531160
6531161
6531162
6531163
6531164
6531165
6531166
6531167
6531168
6531169
6531170
6531171
6531172
6531173
6531174
6531175
6531176
6531177
6531178
6531179
6531180
6531181
6531182
6531183
6531184
6531185
6531186
6531187
6531188
6531189
6531190
6531191
6531192
6531193
6531194
6531195
6531196
6531197
6531198
6531199
6531200
6531201
6531202
6531203
6531204
6531205
6531206
6531207
6531208
6531209
6531210
6531211
6531212
6531213
6531214
6531215
6531216
6531217
6531218
6531219
6531220
6531221
6531222
6531223
6531224
6531225
6531226
6531227
6531228
6531229
6531230
6531231
6531232
6531233
6531234
6531235
6531236
6531237
6531238
6531239
6531240
6531241
6531242
6531243
6531244
6531245
6531246
6531247
6531248
6531249
6531250
6531251
6531252
6531253
6531254
6531255
6531256
6531257
6531258
6531259
6531260
6531261
6531262
6531263
6531264
6531265
6531266
6531267
6531268
6531269
6531270
6531271
6531272
6531273
6531274
6531275
6531276
6531277
6531278
6531279
6531280
6531281
6531282
6531283
6531284
6531285
6531286
6531287
6531288
6531289
6531290
6531291
6531292
6531293
6531294
6531295
6531296
6531297
6531298
6531299
6531300
6531301
6531302
6531303
6531304
6531305
6531306
6531307
6531308
6531309
6531310
6531311
6531312
6531313
6531314
6532797
6532798
6532799
6532800
6532801
6532802
6532803
6532804
6532805
6532806
6532807
6532808
6532809
6532810
6532811
6532812
6532813
6532814
6532815
6532816
6532817
6532818
6532819
6532820
6532821
6532822
6532823
6532824
6532825
6532826
6532827
6534611
6534612
6534613
6534614
6534615
6534616
6534617
6534618
6534619
6534620
6534621
6534622
6534623
6534624
6534625
6534626
6534627
6534628
6534629
6534630
6534631
6534632
6534633
6534634
6534635
6534636
6534637
6534638
6534639
6534640
6534641
6534642
6534643
6534644
6534645
6534646
6534647
6534648
6534649
6534650
6534651
6534652
6534653
6534654
6534655
6534656
6534657
6534658
6534659
6534660
6534661
6534662
6534663
6534664
6534665
6534666
6534667
6534668
6534669
6534670
6534671
6534672
6534673
6534674
6534675
6534676
6534677
6534678
6534679
6534680
6534681
6534682
6534683
6534684
6534685
6534686
6534687
6534688
6534689
6534690
6534691
6534692
6534693
6534694
6534695
6534696
6534697
6534698
6534699
6534700
6534701
6534702
6534703
6534704
6534705
6534706
6534707
6534708
6534709
6534710
6534711
6534712
6534713
6534714
6534715
6534716
6534717
6534718
6534719
6534720
6534721
6534722
6534723
6534724
6534725
6534726
6534727
6534728
6534729
6534730
6534731
6534732
6534733
6534734
6534735
6534736
6534737
6534738
6534739
6534740
6534741
6534742
6534743
6534744
6534745
6534746
6534747
6534748
6534749
6534750
6534751
6534752
6534753
6534754
6534755
6534756
6534757
6534758
6534759
6534760
6534761
6534762
6534763
6534764
6534765
6534766
6534767
6534768
6534769
6534770
6534771
6534772
6534773
6534774
6534775
6534776
6534777
6534778
6534779
6534780
6534781
6534782
6534783
6534784
6534785
6534786
6534787
6534788
6534789
6534790
6534791
6534792
6534793
6534794
6534795
6534796
6534797
6534798
6534799
6534800
6534801
6534802
6534803
6534804
6534805
6534806
6534807
6534808
6534809
6534810
6534811
6534812
6534813
6534814
6534815
6534816
6534817
6534818
6534819
6534820
6534821
6534822
6534823
6534824
6534825
6534826
6534827
6534828
6534829
6534830
6534831
6534832
6534833
6534834
6534835
6534836
6534837
6534838
6534839
6534840
6534841
6534842
6534843
6534844
6534845
6534846
6534847
6534848
6534849
6534850
6534851
6534852
6534853
6534854
6534855
6534856
6534857
6534858
6534859
6534860
6534861
6534862
6534863
6534864
6534865
6534866
6534867
6534868
6534869
6534870
6534871
6534872
6534873
6534874
6534875
6534876
6534877
6534878
6534879
6534880
6534881
6534882
6534883
6534884
6534885
6534886
6534887
6534888
6534889
6534890
6534891
6534892
6534893
6534894
6534895
6534896
6534897
6534898
6534899
6534900
6534901
6534902
6534903
6534904
6534905
6534906
6534907
6534908
6534909
6534910
6534911
6534912
6534913
6534914
6534915
6534916
6534917
6534918
6534919
6534920
6534921
6534922
6534923
6534924
6534925
6534926
6534927
6534928
6534929
6534930
6534931
6534932
6534933
6534934
6534935
6534936
6534937
6534938
6534939
6534940
6534941
6534942
6534943
6534944
6534945
6534946
6534947
6534948
6534949
6534950
6534951
6534952
6534953
6534954
6534955
6534956
6534957
6534958
6534959
6534960
6534961
6534962
6534963
6534964
6534965
6534966
6534967
6534968
6534969
6534970
6534971
6534972
6534973
6534974
6534975
6534976
6534977
6534978
6534979
6534980
6534981
6534982
6534983
6534984
6534985
6534986
6534987
6534988
6534989
6534990
6534991
6534992
6534993
6534994
6534995
6534996
6534997
6534998
6534999
6535000
6535001
6535002
6535003
6535004
6535005
6535006
6535007
6535008
6535009
6535010
6535011
6535012
6535013
6535014
6535015
6535016
6535017
6535018
6535019
6535020
6535021
6535022
6535023
6535024
6535025
6535026
6535027
6535028
6535029
6535030
6535031
6535032
6535033
6535034
6535035
6535036
6535037
6535038
6535039
6535040
6535041
6535042
6535043
6535044
6535045
6535046
6535047
6535048
6535049
6535050
6535051
6535052
6535053
6535054
6535055
6535056
6535057
6535058
6535059
6535060
6535061
6535062
6535063
6535064
6535065
6535066
6535067
6535068
6535069
6535070
6535071
6535072
6535073
6535074
6590852
6590853
6590854
6590855
6590856
6590857
6590858
6590859
6590860
6590861
6590862
6590863
6590864
6590865
6590866
6590867
6590868
6590869
6590870
6590871
6590872
6590873
6590874
6590875
6590876
6590877
6590878
6590879
6590880
6590881
6590882
6590883
6590884
6590885
6590886
6590887
6590888
6590889
6590890
6590891
6590892
6590893
6590894
6590895
6590896
6590897
6590898
6590899
6590900
6590901
6590902
6590903
6590904
6590905
6590906
6590907
6590908
6590909
6590910
6590911
6590912
6590913
6590914
6590915
6590916
6590917
6590918
6590919
6590920
6590921
6590922
6590923
6590924
6590925
6590926
6590927
6590928
6590929
6590930
6590931
6590932
6590933
6590934
6590935
6590936
6590937
6590938
6590939
6590940
6590941
6590942
6590943
6590944
6590945
6590946
6590947
6590948
6590949
6590950
6590951
6590952
6590953
6590954
6590955
6590956
6590957
6590958
6590959
6590960
6590961
6590962
6590963
6590964
6590965
6590966
6590967
6590968
6590969
6590970
6590971
6590972
6590973
6590974
6590975
6590976
6590977
6590978
6590979
6590980
6590981
6590982
6590983
6590984
6590985
6590986
6590987
6590988
6590989
6590990
6590991
6590992
6590993
6590994
6590995
6590996
6590997
6590998
6590999
6591000
6591001
6591002
6591003
6591004
6591005
6591006
6591007
6591008
6591009
6591010
6591011
6591012
6591013
6590114
6590115
6590116
6590117
6590118
6590119
6590120
6590121
6590122
6590123
6590124
6590125
6590126
6590127
6590128
6590129
6590130
6590131
6590132
6590133
6590134
6590135
6590136
6590137
6590138
6590139
6590140
6590141
6590142
6590143
6590144
6590145
6590146
6590147
6586034
6586035
6586036
6586037
6586038
6586039
6586040
6586041
6586042
6586043
6586044
6586045
6586046
6586047
6586048
6586049
6586050
6586051
6586052
6586053
6586054
6586055
6586056
6586057
6586058
6586059
6586060
6586061
6586062
6586063
6586064
6586065
6586066
6586067
6586068
6586069
6586070
6586071
6586072
6586073
6586074
6586075
6586076
6586077
6586078
6586079
6586080
6586081
6586082
6586083
6586084
6586085
6586086
6586087
6586088
6586089
6586090
6586091
6586092
6586093
6586094
6586095
6586096
6586097
6586098
6586099
6586100
6586101
6586102
6586103
6586104
6586105
6586106
6586107
6586108
6586109
6586110
6586111
6586112
6586113
6586114
6586115
6586116
6586117
6586118
6586119
6586120
6586121
6586122
6586123
6586124
6586125
6586126
6586127
6586128
6586129
6586130
6586131
6586132
6586133
6586134
6586135
6586136
6586137
6586138
6586139
6586140
6586141
6586142
6586143
6586144
6586145
6586146
6586147
6586148
6586149
6586150
6586151
6586152
6586153
6586154
6586155
6586156
6586157
6586158
6586159
6586160
6586161
6586162
6586163
6586164
6586165
6586166
6586167
6586168
6586169
6586170
6586171
6586172
6586173
6586174
6586175
6586176
6586177
6586178
6586179
6586180
6586181
6586182
6586183
6586184
6586185
6586186
6586187
6586188
6586189
6586190
6586191
6586192
6586193
6586194
6586195
6586196
6586197
6586198
6586199
6586200
6586201
6586202
6586203
6586204
6586205
6586206
6586207
6586208
6586209
6586210
6586211
6586212
6586213
6586214
6586215
6586216
6586217
6586218
6586219
6586220
6586221
6586222
6586223
6586224
6586225
6586226
6586227
6586228
6586229
6586230
6586231
6586232
6586233
6586234
6586235
6586236
6586237
6586238
6586239
6586240
6586241
6586242
6586243
6586244
6586245
6586246
6586247
6586248
6586249
6586250
6586251
6586252
6586253
6586254
6586255
6586256
6586257
6586258
6586259
6586260
6586261
6586262
6586263
6586264
6586265
6586266
6586267
6586268
6586269
6586270
6586271
6586272
6586273
6586274
6586275
6586276
6586277
6586278
6586279
6586280
6586281
6586282
6586283
6586284
6586285
6586286
6586287
6586288
6586289
6586290
6586291
6586292
6586293
6586294
6586295
6586296
6586297
6586298
6586299
6586300
6586301
6586302
6586303
6586304
6586305
6586306
6586307
6586308
6586309
6586310
6586311
6586312
6586313
6586314
6586315
6586316
6586317
6586318
6586319
6586320
6586321
6586322
6586323
6586324
6586325
6586326
6586327
6586328
6586329
6586330
6586331
6586332
6586333
6586334
6586335
6586336
6586337
6586338
6586339
6586340
6586341
6586342
6586343
6586344
6586345
6586346
6586347
6586348
6586349
6586350
6586351
6586352
6586353
6586354
6586355
6586356
6586357
6586358
6586359
6586360
6586361
6586362
6586363
6586364
6586365
6586366
6586367
6586368
6586369
6586370
6586371
6586372
6586373
6586374
6586375
6586376
6586377
6586378
6586379
6586380
6586381
6586382
6586383
6586384
6586385
6586386
6586387
6586388
6586389
6586390
6586391
6586392
6586393
6586394
6586395
6586396
6586397
6586398
6586399
6586400
6586401
6586402
6586403
6586404
6586405
6586406
6586407
6586408
6586409
6586410
6586411
6586412
6586413
6586414
6586415
6586416
6669862
6669863
6669864
6669865
6669866
6669867
6669868
6669869
6669870
6669871
6669872
6669873
6669874
6669875
6669876
6669877
6669878
6669879
6669880
6669881
6669882
6669883
6669884
6669885
6669886
6669887
6669888
6669889
6669890
6669891
6669892
6669893
6669894
6669895
6669896
6669897
6669898
6669899
6669900
6669901
6669902
6669903
6669904
6669905
6669906
6669907
6669908
6669909
6669910
6669911
6669912
6669913
6669914
6669915
6669916
6669917
6669918
6669919
6669920
6669921
6669922
6669923
6669924
6669925
6669926
6669927
6669928
6669929
6669930
6669931
6669932
6669933
6669934
6669935
6669936
6669937
6669938
6669939
6669940
6669941
6669942
6669943
6669944
6669945
6669946
6669947
6669948
6669949
6669950
6669951
6669952
6669953
6669954
6669955
6669956
6669957
6669958
6669959
6669960
6669961
6669962
6669963
6669964
6669965
6669966
6669967
6669968
6669969
6669970
6669971
6669972
6669973
6669974
6669975
6669976
6669977
6669978
6669979
6669980
6669981
6669982
6669983
6669984
6669985
6669986
6669987
6669988
6669989
6669990
6669991
6669992
6669993
6669994
6669995
6669996
6669997
6669998
6669999
6670000
6670001
6670002
6670003
6670004
6670005
6670006
6670007
6670008
6670009
6670010
6670011
6670012
6670013
6670014
6670015
6670016
6670017
6670018
6670019
6670020
6670021
6670022
6670023
6670024
6670025
6670026
6670027
6670028
6670029
6670030
6670031
6670032
6670033
6670034
6670035
6670036
6670037
6670038
6670039
6670040
6670041
6670042
6670043
6670044
6670045
6670046
6670047
6670048
6670049
6670050
6670051
6670052
6670053
6670054
6670055
6670056
6670057
6670058
6670059
6670060
6670061
6670062
6670063
6670064
6670065
6670066
6670067
6670068
6670069
6670070
6670071
6670072
6670073
6670074
6670075
6670076
6670077
6670078
6670079
6670080
6667424
6667425
6667426
6667427
6667428
6667429
6667430
6667431
6667432
6667433
6667434
6667435
6667436
6667437
6667438
6667439
6667440
6667441
6667442
6667443
6667444
6667445
6667446
6667447
6667448
6667449
6667450
6667451
6667452
6667453
6667454
6667455
6667456
6667457
6667458
6667459
6667460
6667124
6667125
6667126
6667127
6667128
6667129
6667130
6667131
6667132
6667133
6667134
6667135
6667136
6667137
6667138
6667139
6667140
6667141
6667142
6667143
6667144
6667145
6667146
6667147
6667148
6667149
6667150
6667151
6667152
6667153
6667154
6667155
6667156
6667157
6667158
6667159
6667160
6667161
6667162
6667163
6667164
6667165
6664940
6664941
6664942
6664943
6664944
6664945
6664946
6664947
6664948
6664949
6664950
6664951
6664952
6664953
6664954
6664955
6664956
6664957
6664958
6664959
6664960
6664961
6664962
6664963
6664964
6664965
6664966
6664967
6664968
6664969
6664970
6664971
6664972
6664973
6664974
6664975
6664976
6664977
6664978
6664979
6664980
6664981
6664982
6664983
6664984
6664985
6664986
6664987
6664988
6664989
6664990
6664991
6664992
6664993
6664994
6664995
6664996
6664997
6664998
6664999
6665000
6665001
6665002
6665003
6665004
6665005
6665006
6665007
6665008
6665009
6665010
6665011
6665012
6665013
6665014
6665015
6665016
6665017
6665018
6665019
6665020
6665021
6665022
6665023
6665024
6665025
6665026
6665027
6665028
6665029
6665030
6665031
6665032
6665033
6665034
6665035
6665036
6665037
6665038
6665039
6665040
6665041
6665042
6665043
6665044
6665045
6665046
6665047
6665048
6665049
6665050
6665051
6665052
6665053
6665054
6665055
6665056
6665057
6665058
6665059
6665060
6665061
6665062
6665063
6665064
6665065
6665066
6665067
6665068
6665069
6665070
6665071
6665072
6665073
6665074
6665075
6665076
6665077
6665078
6665079
6665080
6665081
6665082
6665083
6665084
6665085
6665086
6665087
6665088
6665089
6665090
6665091
6665092
6665093
6665094
6665095
6665096
6665097
6665098
6665099
6665100
6665101
6665102
6665103
6665104
6665105
6665106
6665107
6665108
6665109
6665110
6665111
6665112
6665113
6665114
6665115
6665116
6665117
6665118
6665119
6665120
6665121
6665122
6665123
6665124
6665125
6665126
6665127
6665128
6665129
6665130
6665131
6665132
6665133
6665134
6665135
6665136
6665137
6665138
6665139
6665140
6665141
6665142
6665143
6665144
6665145
6665146
6665147
6665148
6665149
6665150
6665151
6665152
6665153
6665154
6665155
6665156
6665157
6665158
6665159
6665160
6665161
6665162
6665163
6665164
6665165
6665166
6665167
6665168
6665169
6665170
6665171
6665172
6665173
6665174
6665175
6665176
6665177
6665178
6665179
6665180
6665181
6665182
6665183
6665184
6665185
6665186
6665187
6665188
6665189
6665190
6665191
6665192
6665193
6665194
6665195
6665196
6665197
6665198
6665199
6665200
6665201
6665202
6665203
6665204
6665205
6665206
6665207
6665208
6665209
6665210
6665211
6665212
6665213
6665214
6665215
6665216
6665217
6665218
6665219
6665220
6665221
6665222
6665223
6665224
6665225
6665226
6665227
6665228
6665229
6665230
6665231
6665232
6665233
6665234
6665235
6665236
6665237
6665238
6665239
6665240
6665241
6665242
6665243
6665244
6665245
6665246
6665247
6665248
6665249
6665250
6665251
6665252
6665253
6665254
6665255
6665256
6665257
6665258
6665259
6665260
6665261
6665262
6665263
6665264
6665265
6665266
6665267
6665268
6665269
6665270
6665271
6665272
6665273
6665274
6665275
6665276
6665277
6665278
6665279
6665280
6665281
6665282
6665283
6665284
6665285
6665286
6665287
6665288
6665289
6665290
6665291
6665292
6665293
6665294
6665295
6665296
6665297
6665298
6665299
6665300
6665301
6665302
6665303
6665304
6665305
6665306
6665307
6665308
6665309
6665310
6665311
6665312
6665313
6665314
6665315
6665316
6665317
6665318
6665319
6665320
6665321
6665322
6665323
6665324
6665325
6665326
6665327
6665328
6665329
6665330
6665331
6665332
6665333
6665334
6665335
6665336
6665337
6665338
6665339
6665340
6665341
6665342
6665343
6665344
6665345
6665346
6665347
6665348
6665349
6665350
6665351
6665352
6665353
6665354
6665355
6665356
6665357
6665358
6665359
6665360
6665361
6720527
6720528
6720529
6720530
6720531
6720532
6720533
6720534
6720535
6720536
6720537
6720538
6720539
6720540
6720541
6720542
6720543
6720544
6720545
6720546
6720547
6720548
6720549
6720550
6720551
6720552
6720553
6720554
6720555
6720556
6720557
6720558
6720559
6720560
6720561
6720562
6720563
6720564
6720565
6720566
6720567
6720568
6720569
6720570
6720571
6720572
6720573
6720574
6720575
6720576
6720577
6720578
6720579
6720580
6720581
6720582
6720583
6720584
6720585
6720586
6720587
6720588
6720589
6720590
6720591
6720592
6720593
6720594
6720595
6720596
6720597
6720598
6720599
6720600
6719222
6719223
6719224
6719225
6719226
6719227
6719228
6719229
6719230
6719231
6719232
6719233
6719234
6719235
6719236
6719237
6719238
6719239
6719240
6719241
6719242
6719243
6719244
6719245
6719246
6719247
6719248
6719249
6719250
6719251
6719252
6719253
6719254
6719255
6719256
6719257
6719258
6719259
6719260
6719261
6719262
6719263
6719264
6719265
6719266
6719267
6719268
6719269
6719270
6719271
6719272
6719273
6719274
6719275
6719276
6719277
6719278
6719279
6719280
6719281
6719282
6719283
6719284
6719285
6719286
6719287
6719288
6719289
6719290
6719291
6719292
6719293
6719294
6719295
6719296
6719297
6719298
6719299
6719300
6719301
6719302
6719303
6719304
6719305
6719306
6719307
6719308
6719309
6719310
6719311
6719312
6719313
6719314
6719315
6719316
6719317
6719318
6719319
6719320
6719321
6719322
6719323
6719324
6719325
6719326
6719327
6719328
6719329
6719330
6719331
6719332
6719333
6719334
6719335
6719336
6719337
6719338
6719339
6719340
6719341
6719342
6719343
6719344
6719345
6719346
6719347
6719348
6719349
6719350
6719351
6719352
6719353
6719354
6719355
6719356
6719357
6719358
6719359
6719360
6719361
6719362
6719363
6719364
6719365
6719366
6719367
6719368
6719369
6719370
6719371
6719372
6719373
6719374
6719375
6719376
6719377
6719378
6719379
6719380
6719381
6719382
6719383
6719384
6719385
6719386
6719387
6719388
6719389
6719390
6719391
6719392
6719393
6719394
6719395
6719396
6719397
6719398
6719399
6719400
6719401
6719402
6719403
6719404
6719405
6719406
6719407
6719408
6719409
6719410
6719411
6719412
6719413
6719414
6718258
6718259
6718260
6718261
6718262
6718263
6718264
6718265
6718266
6718267
6718268
6718269
6718270
6718271
6718272
6718273
6718274
6718275
6718276
6718277
6718278
6718279
6718280
6718281
6718282
6718283
6718284
6718285
6718286
6718287
6718288
6718289
6718290
6718291
6718292
6718293
6718294
6718295
6718296
6718297
6718298
6718299
6718300
6718301
6718302
6718303
6718304
6718305
6718306
6718307
6718308
6718309
6718310
6718311
6718312
6718313
6718314
6718315
6718316
6718317
6718318
6718319
6718320
6718321
6718322
6718323
6718324
6718325
6718326
6718327
6718328
6718329
6718330
6718331
6718332
6718333
6718334
6718335
6718336
6718337
6718338
6718339
6718340
6718341
6718342
6718343
6718344
6718345
6718346
6718347
6718348
6718349
6718350
6718351
6718352
6718353
6718354
6718355
6718356
6718357
6718358
6718359
6718360
6718361
6718362
6718363
6718364
6718365
6718366
6718367
6718368
6718369
6718370
6718371
6718372
6718373
6718374
6718375
6718376
6718377
6718378
6718379
6718380
6718381
6718382
6718383
6718384
6718385
6718386
6718387
6718388
6718389
6718390
6718391
6718392
6718393
6718394
6718395
6718396
6718397
6718398
6718399
6718400
6718401
6718402
6718403
6718404
6718405
6718406
6718407
6718408
6718409
6718410
6718411
6718412
6718413
6718414
6718415
6718416
6718417
6718418
6718419
6718420
6718421
6718422
6718423
6718105
6718106
6718107
6718108
6718109
6718110
6718111
6718112
6718113
6718114
6718115
6718116
6718117
6718118
6718119
6718120
6718121
6718122
6718123
6718124
6718125
6718126
6718127
6718128
6718129
6718130
6718131
6718132
6718133
6718134
6718135
6718136
6718137
6718138
6718139
6718140
6718141
6718142
6718143
6718144
6718145
6718146
6718147
6718148
6718149
6718150
6718151
6718152
6718153
6718154
6718155
6718156
6718157
6718158
6718159
6718160
6718161
6718162
6718163
6718164
6718165
6718166
6718167
6718168
6718169
6718170
6718171
6718172
6718173
6718174
6718175
6714363
6714364
6714365
6714366
6714367
6714368
6714369
6714370
6714371
6714372
6714373
6714374
6714375
6714376
6714377
6714378
6714379
6714380
6714381
6714382
6714383
6714384
6714385
6714386
6714387
6714388
6714389
6714390
6714391
6714392
6714393
6714394
6714395
6714396
6714397
6714398
6714399
6714400
6714401
6714402
6714403
6714404
6714405
6714406
6714407
6714408
6714409
6714410
6714411
6714412
6714413
6714414
6714415
6714416
6714417
6714418
6714419
6714420
6714421
6714422
6714423
6714424
6714425
6714426
6714427
6714428
6714429
6714430
6714431
6714432
6714433
6714434
6714435
6714436
6714437
6714438
6714439
6714440
6714441
6714442
6714443
6714444
6714445
6714446
6714447
6714448
6714449
6714450
6714451
6714452
6714453
6714454
6714455
6714456
6714457
6714177
6714178
6714179
6714180
6714181
6714182
6714183
6714184
6714185
6714186
6714187
6714188
6714189
6714190
6714191
6714192
6714193
6714194
6714195
6714196
6714197
6714198
6714199
6714200
6714201
6714202
6714203
6714204
6714205
6714206
6714207
6714208
6714209
6714210
6714211
6714212
6714213
6714214
6714215
6714216
6714217
6714218
6714219
6714220
6714221
6714222
6714223
6714224
6714225
6714226
6714227
6714228
6714229
6714230
6714231
6714232
6714233
6714234
6714235
6714236
6714237
6714238
6714239
6714240
6714241
6714242
6714243
6714244
6714245
6714246
6714247
6714248
6714249
6714250
6714251
6714252
6714253
6714254
6714255
6714256
6714257
6714258
6714259
6714003
6714004
6714005
6714006
6714007
6714008
6714009
6714010
6714011
6714012
6714013
6714014
6714015
6714016
6714017
6714018
6714019
6714020
6714021
6714022
6714023
6714024
6714025
6714026
6714027
6714028
6714029
6714030
6714031
6714032
6714033
6714034
6714035
6714036
6714037
6714038
6714039
6714040
6714041
6714042
6714043
6714044
6714045
6714046
6714047
6714048
6714049
6714050
6714051
6714052
6714053
6714054
6714055
6714056
6714057
6714058
6714059
6714060
6714061
6714062
6714063
6714064
6714065
6714066
6714067
6714068
6714069
6714070
6714071
6714072
6714073
6714074
6714075
6714076
6714077
6714078
6714079
6714080
6714081
6714082
6714083
6714084
6714085
6714086
6714087
6714088
6714089
6714090
6714091
6714092
6714093
6713418
6713419
6713420
6713421
6713422
6713423
6713424
6713425
6713426
6713427
6713428
6713429
6713430
6713431
6713432
6713433
6713434
6713435
6713436
6713437
6713438
6713439
6713440
6713441
6713442
6713443
6713444
6713445
6713446
6713447
6713448
6713449
6713450
6713451
6713452
6713453
6713454
6713455
6713456
6713457
6713458
6713459
6713460
6713461
6713462
6713463
6713464
6713465
6713466
6713467
6713468
6713469
6713470
6713471
6713472
6713473
6713474
6713475
6713476
6713477
6713478
6713479
6713480
6713481
6713482
6713483
6713484
6713485
6713486
6713487
6713488
6713489
6713490
6713491
6713492
6713493
6713494
6713495
6713496
6713497
6713498
6713499
6713500
6713501
6713502
6713503
6713504
6713505
6713506
6713507
6713508
6713509
6713510
6713511
6713512
6713513
6713514
6713515
6713516
6713517
6713518
6713519
6713520
6713200
6713201
6713202
6713203
6713204
6713205
6713206
6713207
6713208
6713209
6713210
6713211
6713212
6713213
6713214
6713215
6713216
6713217
6713218
6713219
6713220
6713221
6713222
6713223
6713224
6713225
6713226
6713227
6713228
6713229
6713230
6713231
6713232
6713233
6713234
6713235
6713236
6713237
6713238
6713239
6713240
6713241
6713242
6713243
6713244
6713245
6713246
6713247
6713248
6713249
6713250
6713251
6713252
6713253
6713254
6713255
6713256
6713257
6713258
6713259
6713260
6713261
6713262
6713263
6713264
6713265
6713266
6713267
6713268
6713269
6713270
6713271
6713272
6713273
6713274
6713275
6713276
6713277
6713278
6713279
6713280
6713281
6713282
6713283
6713284
6713285
6713286
6713287
6713288
6713289
6713290
6713291
6713292
6713293
6713294
6713295
6713296
6713297
6713298
6713299
6713300
6713301
6713302
6713303
6713304
6713305
6713306
6713307
6713308
6713309
6713310
6713311
6713312
6713313
6713314
6713315
6713316
6713317
6713318
6713319
6713320
6713321
6713322
6713323
6713324
6713325
6713326
6712519
6712520
6712521
6712522
6712523
6712524
6712525
6712526
6712527
6712528
6712529
6712530
6712531
6712532
6712533
6712534
6712535
6712536
6712537
6712538
6712539
6712540
6712541
6712542
6712543
6712544
6712545
6712546
6712547
6712548
6712549
6712550
6712551
6712552
6712553
6712554
6712555
6712556
6712557
6712558
6712559
6712560
6712561
6712562
6712563
6712564
6712565
6712566
6712567
6712568
6712569
6712570
6712571
6712572
6712573
6712574
6712575
6712576
6712577
6712578
6712579
6712580
6712581
6712582
6712583
6712584
6712585
6712586
6712587
6712588
6712589
6712590
6712591
6712592
6712593
6712594
6712595
6712596
6712597
6712598
6712599
6712600
6712601
6712602
6712603
6712604
6712605
6712606
6712607
6712608
6712609
6712610
6712611
6712612
6712613
6712614
6712615
6712616
6712617
6712618
6712619
6712620
6712621
6712622
6712623
6712624
6712625
6712626
6712627
6712628
6712629
6712630
6712631
6712632
6712633
6712634
6712268
6712269
6712270
6712271
6712272
6712273
6712274
6712275
6712276
6712277
6712278
6712279
6712280
6712281
6712282
6712283
6712284
6712285
6712286
6712287
6712288
6712289
6712290
6712291
6712292
6712293
6712294
6712295
6712296
6712297
6712298
6712299
6712300
6712301
6712302
6712303
6712304
6712305
6712306
6712307
6712308
6712309
6712310
6712311
6712312
6712313
6712314
6712315
6712316
6712317
6712318
6712319
6712320
6712321
6712322
6712323
6712324
6712325
6712326
6712327
6712328
6712329
6712330
6712331
6712332
6712333
6712334
6712335
6712336
6712337
6712338
6712339
6712340
6712341
6712342
6712343
6712344
6712345
6712346
6712347
6712348
6712349
6712350
6712351
6712352
6712353
6712354
6712355
6712356
6712357
6712358
6712359
6712360
6712361
6712362
6712363
6712364
6712365
6712366
6712367
6712368
6712369
6712370
6712371
6712372
6712373
6712374
6712375
6712376
6712377
6712378
6712379
6712380
6712381
6712382
6712383
6712384
6712385
6712386
6712387
6712388
6712389
6712390
6712391
6712392
6712393
6712394
6712395
6712396
6712397
6712398
6712399
6712400
6712401
6712402
6712403
6712404
6712405
6712406
6712407
6712408
6712409
6712410
6712411
6712412
6712413
6712414
6712415
6712416
6712417
6710998
6710999
6711000
6711001
6711002
6711003
6711004
6711005
6711006
6711007
6711008
6711009
6711010
6711011
6711012
6711013
6711014
6711015
6711016
6711017
6711018
6711019
6711020
6711021
6711022
6711023
6711024
6711025
6711026
6711027
6711028
6711029
6711030
6711031
6711032
6711033
6711034
6711035
6711036
6711037
6711038
6711039
6711040
6711041
6711042
6711043
6711044
6711045
6711046
6711047
6711048
6711049
6711050
6711051
6711052
6711053
6711054
6711055
6711056
6711057
6711058
6711059
6711060
6711061
6711062
6711063
6711064
6711065
6711066
6711067
6711068
6711069
6711070
6711071
6711072
6711073
6711074
6711075
6711076
6711077
6711078
6711079
6711080
6711081
6711082
6711083
6711084
6711085
6711086
6711087
6711088
6711089
6711090
6711091
6711092
6711093
6711094
6711095
6711096
6711097
6711098
6711099
6711100
6711101
6711102
6711103
6711104
6711105
6711106
6711107
6711108
6711109
6711110
6711111
6711112
6711113
6711114
6711115
6711116
6711117
6711118
6711119
6711120
6711121
6711122
6711123
6711124
6711125
6711126
6711127
6711128
6711129
6711130
6711131
6711132
6711133
6711134
6711135
6711136
6711137
6711138
6711139
6711140
6711141
6711142
6711143
6711144
6711145
6711146
6711147
6711148
6711149
6711150
6711151
6711152
6711153
6711154
6711155
6711156
6711157
6711158
6711159
6711160
6711161
6711162
6711163
6711164
6711165
6711166
6711167
6711168
6711169
6711170
6711171
6711172
6711173
6711174
6711175
6711176
6711177
6711178
6711179
6711180
6711181
6711182
6711183
6711184
6711185
6711186
6711187
6711188
6711189
6711190
6711191
6711192
6711193
6711194
6711195
6711196
6711197
6711198
6711199
6711200
6711201
6711202
6711203
6711204
6711205
6711206
6711207
6710650
6710651
6710652
6710653
6710654
6710655
6710656
6710657
6710658
6710659
6710660
6710661
6710662
6710663
6710664
6710665
6710666
6710667
6710668
6710669
6710670
6710671
6710672
6710673
6710674
6710675
6710676
6710677
6710678
6710679
6710680
6710681
6710682
6710683
6710684
6710685
6710686
6710687
6710688
6710689
6710690
6710691
6710692
6710693
6710694
6710695
6710696
6710697
6710698
6710699
6710700
6710701
6710702
6710703
6710704
6710705
6710706
6710707
6710708
6710709
6710710
6710711
6710712
6710713
6710714
6710715
6710716
6710717
6710718
6710719
6710720
6710721
6710722
6710723
6710724
6710725
6710726
6710727
6710728
6710729
6710730
6710731
6710732
6710733
6710734
6710735
6710736
6710737
6710738
6710739
6710740
6710741
6710742
6710743
6710744
6710745
6710746
6710747
6710748
6710749
6710750
6710751
6710752
6710753
6710754
6710755
6710756
6710757
6710758
6710759
6710760
6710761
6710762
6710763
6710764
6710765
6710766
6710767
6710768
6710769
6710770
6710771
6710772
6710773
6710774
6710775
6710776
6710777
6710778
6710779
6710780
6710781
6710782
6710783
6710784
6710785
6710786
6710787
6710788
6710789
6710790
6710791
6710792
6710793
6710794
6710795
6710796
6710797
6710798
6710799
6710800
6710801
6710802
6710803
6710804
6710805
6710806
6710807
6710808
6710809
6710810
6710811
6710812
6710813
6710814
6710815
6710816
6710817
6710818
6710819
6710820
6710821
6710822
6710823
6710824
6710825
6710826
6710827
6710828
6710829
6710830
6710831
6710832
6710833
6710834
6710835
6710836
6710837
6710838
6710839
6710840
6710841
6710842
6710843
6710844
6710845
6710846
6710847
6710848
6710849
6710850
6710851
6710852
6710853
6710854
6710855
6710856
6709695
6709696
6709697
6709698
6709699
6709700
6709701
6709702
6709703
6709704
6709705
6709706
6709707
6709708
6709709
6709710
6709711
6709712
6709713
6709714
6709715
6709716
6709717
6709718
6709719
6709720
6709721
6709722
6709723
6709724
6709725
6709726
6709727
6709728
6709729
6709730
6709731
6709732
6709733
6709734
6709735
6709736
6709737
6709738
6709739
6709740
6709741
6709742
6709743
6709744
6709745
6709746
6709747
6709748
6709749
6709750
6709751
6709752
6709753
6709754
6709755
6709756
6709757
6709758
6709759
6709760
6709761
6709762
6709763
6709764
6709765
6709766
6709767
6709768
6709769
6709770
6709771
6709772
6709773
6709774
6709775
6709776
6709777
6709778
6709779
6709780
6709781
6709782
6709783
6709784
6709785
6709786
6709787
6709788
6709789
6709790
6709791
6709792
6709793
6709794
6709795
6709796
6709797
6709798
6709799
6709800
6709801
6709802
6709803
6709804
6709805
6709806
6709807
6709808
6709809
6709810
6709811
6709812
6709813
6709814
6709815
6709816
6709817
6709818
6709819
6709820
6709821
6709822
6709823
6709824
6709825
6709826
6709827
6709828
6709829
6709830
6709831
6709832
6709833
6709834
6709835
6709836
6709837
6709838
6709839
6709840
6709841
6709842
6709843
6709844
6709845
6709846
6709847
6709848
6709849
6709850
6709851
6709852
6709853
6707811
6707812
6707813
6707814
6707815
6707816
6707817
6707818
6707819
6707820
6707821
6707822
6707823
6707824
6707825
6707826
6707827
6707828
6707829
6707830
6707831
6707832
6707833
6707834
6707835
6707836
6707837
6707838
6707839
6707840
6707841
6707842
6707843
6707844
6707845
6707846
6707847
6707848
6707849
6707850
6707851
6707852
6707853
6707854
6707855
6707856
6707857
6707858
6707859
6707860
6707861
6707862
6707863
6707864
6707865
6707866
6707867
6707868
6707869
6707870
6707871
6707872
6707873
6707874
6707875
6707876
6707877
6707878
6707879
6707880
6707881
6707882
6707883
6707884
6707885
6707886
6707887
6707888
6707889
6707890
6707891
6707892
6707893
6707894
6707895
6707896
6707897
6707898
6707899
6707900
6707901
6707902
6707903
6707904
6707905
6707906
6707907
6707908
6707909
6707910
6707911
6707912
6707913
6707914
6707915
6707916
6707917
6707918
6707919
6707920
6707921
6707922
6707923
6707924
6707925
6707926
6707927
6707928
6707929
6707930
6707931
6707932
6707933
6707934
6707935
6707936
6707937
6707938
6707939
6707940
6707477
6707478
6707479
6707480
6707481
6707482
6707483
6707484
6707485
6707486
6707487
6707488
6707489
6707490
6707491
6707492
6707493
6707494
6707495
6707496
6707497
6707498
6707499
6707500
6707501
6707502
6707503
6707504
6707505
6707506
6707507
6707508
6707509
6707510
6707511
6707512
6707513
6707514
6707515
6707516
6707517
6707518
6707519
6707520
6707521
6707522
6707523
6707524
6707525
6707526
6707527
6707528
6707529
6707530
6707531
6707532
6707533
6707534
6707535
6707536
6707537
6707538
6707539
6707540
6707541
6707542
6707543
6707544
6707545
6707546
6707547
6707548
6707087
6707088
6707089
6707090
6707091
6707092
6707093
6707094
6707095
6707096
6707097
6707098
6707099
6707100
6707101
6707102
6707103
6707104
6707105
6707106
6707107
6707108
6707109
6707110
6707111
6707112
6707113
6707114
6707115
6707116
6707117
6707118
6707119
6707120
6707121
6707122
6707123
6707124
6707125
6707126
6707127
6707128
6707129
6707130
6707131
6707132
6707133
6707134
6707135
6707136
6707137
6707138
6707139
6707140
6707141
6707142
6707143
6707144
6707145
6707146
6707147
6707148
6707149
6707150
6707151
6707152
6707153
6707154
6707155
6707156
6707157
6707158
6707159
6707160
6707161
6707162
6707163
6707164
6707165
6707166
6707167
6707168
6707169
6707170
6707171
6707172
6707173
6707174
6707175
6707176
6707177
6707178
6707179
6707180
6707181
6707182
6707183
6707184
6707185
6707186
6707187
6707188
6707189
6707190
6707191
6707192
6707193
6707194
6707195
6707196
6707197
6707198
6707199
6707200
6707201
6707202
6707203
6707204
6707205
6707206
6707207
6707208
6707209
6707210
6707211
6707212
6707213
6707214
6707215
6707216
6707217
6707218
6707219
6707220
6707221
6707222
6707223
6707224
6707225
6707226
6707227
6707228
6707229
6707230
6707231
6707232
6707233
6707234
6707235
6707236
6707237
6707238
6707239
6707240
6707241
6707242
6707243
6707244
6707245
6707246
6707247
6707248
6707249
6707250
6707251
6707252
6707253
6707254
6707255
6707256
6707257
6707258
6707259
6707260
6707261
6707262
6707263
6707264
6707265
6707266
6707267
6707268
6707269
6707270
6707271
6707272
6707273
6707274
6707275
6707276
6707277
6707278
6707279
6707280
6707281
6707282
6707283
6707284
6702482
6702483
6702484
6702485
6702486
6702487
6702488
6702489
6702490
6702491
6702492
6702493
6702494
6702495
6702496
6702497
6702498
6702499
6702500
6702501
6702502
6702503
6702504
6702505
6702506
6702507
6702508
6702509
6702510
6702511
6702512
6702513
6702514
6702515
6702516
6702517
6702518
6702519
6702520
6702521
6702522
6702523
6702524
6702525
6702526
6702527
6702528
6702529
6702530
6702531
6702532
6702533
6702534
6702535
6702536
6702537
6702538
6702539
6702540
6702541
6702542
6702543
6702544
6702545
6702546
6702547
6702548
6702549
6702550
6702551
6702552
6702553
6702554
6702555
6702556
6702557
6702558
6702559
6702560
6702561
6702562
6702563
6702564
6702565
6702566
6702567
6702568
6702569
6702570
6702571
6702572
6702573
6702574
6702575
6702576
6702577
6702578
6702579
6702580
6702581
6702582
6702583
6702584
6702585
6702586
6702587
6702588
6702589
6702590
6702138
6702139
6702140
6702141
6702142
6702143
6702144
6702145
6702146
6702147
6702148
6702149
6702150
6702151
6702152
6702153
6702154
6702155
6702156
6702157
6702158
6702159
6702160
6702161
6702162
6702163
6702164
6702165
6702166
6702167
6702168
6702169
6702170
6702171
6702172
6702173
6702174
6702175
6702176
6702177
6702178
6702179
6702180
6702181
6702182
6702183
6702184
6702185
6702186
6702187
6702188
6702189
6702190
6702191
6702192
6702193
6702194
6702195
6702196
6702197
6702198
6702199
6702200
6702201
6702202
6702203
6702204
6702205
6702206
6702207
6702208
6702209
6702210
6702211
6702212
6702213
6702214
6702215
6702216
6702217
6702218
6702219
6702220
6702221
6702222
6702223
6697663
6697664
6697665
6697666
6697667
6697668
6697669
6697670
6697671
6697672
6697673
6697674
6697675
6697676
6697677
6697678
6697679
6697680
6697681
6697682
6697683
6697684
6697685
6697686
6697687
6697688
6697689
6697690
6697691
6697692
6697693
6697694
6697695
6697696
6697697
6697698
6697699
6697700
6697701
6697702
6697703
6697704
6697705
6697706
6697707
6697708
6697709
6697710
6697711
6697712
6697713
6697714
6697715
6697716
6697717
6697718
6697719
6697720
6697721
6697722
6697723
6697724
6697725
6697726
6697727
6697728
6697729
6697730
6697731
6697732
6697733
6697734
6697735
6697736
6697737
6697738
6697739
6697740
6697741
6697742
6697743
6697744
6697745
6697746
6697747
6697748
6697749
6697750
6697751
6697752
6697753
6697754
6697755
6697756
6697757
6697758
6697759
6697760
6697761
6697762
6697763
6697764
6697765
6697766
6697767
6697768
6697769
6697770
6697771
6697772
6697773
6697774
6697775
6697776
6697777
6697778
6697779
6697780
6697781
6697782
6697783
6697784
6697785
6697786
6697787
6697788
6697789
6697790
6697791
6697792
6697793
6697794
6697795
6697796
6697797
6697798
6697799
6697800
6697801
6697802
6697803
6697804
6697805
6697355
6697356
6697357
6697358
6697359
6697360
6697361
6697362
6697363
6697364
6697365
6697366
6697367
6697368
6697369
6697370
6697371
6697372
6697373
6697374
6697375
6697376
6697377
6697378
6697379
6697380
6697381
6697382
6697383
6697384
6697385
6697386
6697387
6697388
6697389
6697390
6697391
6697392
6697393
6697394
6697395
6697396
6697397
6697398
6697399
6697400
6697401
6697402
6697403
6697404
6697405
6697406
6697407
6697408
6697409
6697410
6697411
6697412
6697413
6697414
6697415
6697416
6697417
6697418
6697419
6697420
6697421
6697422
6697423
6697424
6697425
6697426
6697427
6697428
6697429
6697430
6697431
6697432
6697433
6697434
6697435
6697436
6697437
6697438
6697439
6697440
6697441
6697442
6697443
6697444
6697445
6697446
6697447
6697448
6697449
6697450
6697451
6697452
6697453
6697454
6697455
6697456
6697457
6697458
6697459
6697460
6697461
6697462
6697463
6697464
6697465
6697466
6697467
6697468
6697469
6697470
6697471
6697472
6697473
6697474
6697475
6697476
6697477
6697478
6697479
6697480
6697481
6697482
6697483
6697484
6697485
6697486
6697487
6697488
6697489
6697490
6697491
6697492
6697493
6697494
6697495
6697496
6697497
6697498
6697499
6697500
6697501
6697502
6697503
6697504
6697505
6697506
6697507
6697508
6697509
6697510
6697511
6697512
6697513
6697514
6697515
6697516
6697517
6697518
6697519
6697520
6697521
6697522
6697523
6697524
6697525
6697526
6697527
6697528
6697529
6697530
6697531
6697532
6697533
6697534
6697535
6697536
6697537
6697538
6697539
6697540
6697541
6697542
6697543
6697544
6697545
6697546
6697547
6697548
6697549
6697550
6697551
6697552
6697553
6697554
6697555
6697556
6697557
6697558
6697559
6697560
6697561
6697562
6697563
6697564
6697565
6697566
6697567
6696604
6696605
6696606
6696607
6696608
6696609
6696610
6696611
6696612
6696613
6696614
6696615
6696616
6696617
6696618
6696619
6696620
6696621
6696622
6696623
6696624
6696625
6696626
6696627
6696628
6696629
6696630
6696631
6696632
6696633
6696634
6696635
6696636
6696637
6696638
6696639
6696640
6696641
6696642
6696643
6696644
6696645
6696646
6696647
6696648
6696649
6696650
6696651
6696652
6696653
6696654
6696655
6696656
6696657
6696658
6696659
6696660
6696661
6696662
6696663
6696664
6696665
6696666
6696667
6696668
6696669
6696670
6696390
6696391
6696392
6696393
6696394
6696395
6696396
6696397
6696398
6696399
6696400
6696401
6696402
6696403
6696404
6696405
6696406
6696407
6696408
6696409
6696410
6696411
6696412
6696413
6696414
6696415
6696416
6696417
6696418
6696419
6696420
6696421
6696422
6696423
6696424
6696425
6696426
6696427
6696428
6696429
6696430
6696431
6696432
6696433
6696434
6696435
6696436
6696437
6696438
6696439
6696440
6696441
6696442
6696443
6696444
6696445
6696446
6696447
6696448
6696449
6696450
6696451
6696452
6696453
6696454
6696455
6696456
6696457
6696458
6696459
6696460
6696461
6696462
6696463
6696464
6696465
6696466
6696467
6696468
6696469
6696470
6696471
6696472
6696473
6696474
6696475
6696476
6694442
6694443
6694444
6694445
6694446
6694447
6694448
6694449
6694450
6694451
6694452
6694453
6694454
6694455
6694456
6694457
6694458
6694459
6694460
6694461
6694462
6694463
6694464
6694465
6694466
6694467
6694468
6694469
6694470
6694471
6694472
6694473
6694474
6694475
6694476
6694477
6694478
6694479
6694480
6694481
6694482
6694483
6694484
6694485
6694486
6694487
6694488
6694489
6694490
6694491
6694492
6694493
6694494
6694495
6694496
6694497
6694498
6694499
6694500
6694501
6694502
6694503
6694504
6694505
6694506
6694507
6694508
6694509
6694510
6694511
6694512
6694513
6694514
6694515
6694516
6694517
6694518
6694519
6694520
6694521
6694522
6694523
6694524
6694525
6694526
6694527
6694528
6694529
6694530
6694531
6694532
6694533
6694534
6694535
6694536
6694537
6694538
6694539
6694540
6694541
6694542
6694543
6694544
6694545
6694546
6694547
6694548
6694549
6694550
6694551
6694552
6694553
6694554
6694555
6694556
6694557
6694558
6694559
6694560
6694561
6694562
6694563
6694564
6694565
6694566
6694567
6694568
6694569
6694570
6694571
6694572
6694573
6694574
6694575
6694576
6694577
6694578
6694579
6694580
6694581
6694582
6694583
6694584
6694585
6694586
6694587
6694588
6694589
6694590
6694591
6694592
6694593
6694594
6694595
6694596
6694597
6694598
6694599
6694600
6694601
6694602
6694603
6694604
6694605
6694606
6694607
6694608
6694609
6694610
6694611
6694612
6694613
6694614
6694615
6694616
6694617
6694618
6694619
6694620
6694621
6694622
6694623
6694624
6694625
6694626
6694627
6694628
6694629
6694630
6694631
6694632
6694633
6694634
6694635
6694636
6694637
6694638
6694639
6694640
6694641
6694642
6694643
6694644
6694645
6693423
6693424
6693425
6693426
6693427
6693428
6693429
6693430
6693431
6693432
6693433
6693434
6693435
6693436
6693437
6693438
6693439
6693440
6693441
6693442
6693443
6693444
6693445
6693446
6693447
6693448
6693449
6693450
6693451
6693452
6693453
6693454
6693455
6693456
6693457
6693458
6693459
6693460
6693461
6693462
6693463
6693464
6693465
6693466
6693467
6693468
6693469
6693470
6693471
6693472
6693473
6693474
6693475
6693476
6693477
6693478
6693479
6693480
6693481
6693482
6693483
6693484
6693485
6693486
6693487
6693488
6693489
6693490
6693491
6693492
6693493
6693494
6693495
6693496
6693497
6693498
6692935
6692936
6692937
6692938
6692939
6692940
6692941
6692942
6692943
6692944
6692945
6692946
6692947
6692948
6692949
6692950
6692951
6692952
6692953
6692954
6692955
6692956
6692957
6692958
6692959
6692960
6692961
6692962
6692963
6692964
6692965
6692966
6692967
6692968
6692969
6692970
6692971
6692972
6692973
6692974
6692975
6692976
6692977
6692978
6692979
6692980
6692981
6692982
6692983
6692984
6692985
6692986
6692987
6692988
6692989
6692990
6692991
6692992
6692993
6692994
6692995
6692996
6692997
6692998
6692999
6693000
6693001
6693002
6693003
6693004
6693005
6693006
6693007
6693008
6693009
6693010
6693011
6693012
6693013
6693014
6693015
6693016
6693017
6693018
6693019
6693020
6693021
6693022
6693023
6693024
6693025
6693026
6693027
6693028
6693029
6693030
6693031
6693032
6693033
6693034
6693035
6693036
6693037
6693038
6693039
6693040
6693041
6693042
6693043
6693044
6693045
6693046
6693047
6693048
6693049
6693050
6693051
6693052
6693053
6693054
6693055
6693056
6693057
6693058
6693059
6693060
6693061
6693062
6693063
6693064
6693065
6693066
6693067
6693068
6693069
6693070
6693071
6693072
6693073
6693074
6693075
6693076
6693077
6693078
6693079
6693080
6693081
6693082
6693083
6693084
6693085
6693086
6693087
6693088
6693089
6693090
6693091
6693092
6693093
6693094
6690640
6690641
6690642
6690643
6690644
6690645
6690646
6690647
6690648
6690649
6690650
6690651
6690652
6690653
6690654
6690655
6690656
6690657
6690658
6690659
6690660
6690661
6690662
6690663
6690664
6690665
6690666
6690667
6690668
6690669
6690670
6690671
6690672
6690673
6690674
6690675
6690676
6690677
6690678
6690679
6690680
6690681
6690682
6690683
6690684
6690685
6690686
6690687
6690688
6690689
6690690
6690691
6690692
6690693
6690694
6690695
6690696
6690697
6690698
6690699
6690700
6690701
6690702
6690703
6690704
6690705
6690706
6690707
6690708
6690709
6690710
6690711
6690712
6690713
6690714
6690715
6690716
6690717
6690718
6690719
6690720
6690721
6690722
6690723
6690724
6690725
6690726
6690727
6690728
6690729
6690730
6690731
6690732
6690733
6690734
6690735
6690736
6690737
6690738
6686757
6686758
6686759
6686760
6686761
6686762
6686763
6686764
6686765
6686766
6686767
6686768
6686769
6686770
6686771
6686772
6686773
6686774
6686775
6686776
6686777
6686778
6686779
6686780
6686781
6686782
6686783
6686784
6686785
6686786
6686787
6686788
6686789
6686790
6686791
6686792
6686793
6686794
6686795
6686796
6686797
6686798
6686799
6686800
6686801
6686802
6686803
6686804
6686805
6686806
6686807
6686808
6686809
6686810
6686811
6686812
6686813
6686814
6686815
6686816
6686817
6686818
6686819
6686820
6686821
6686822
6686823
6686824
6686825
6686826
6686827
6686828
6686829
6686830
6686831
6686832
6686833
6686834
6686835
6686836
6686837
6686838
6686839
6686840
6686841
6686842
6686843
6686844
6686845
6686846
6686847
6686848
6686849
6686850
6686851
6686852
6686853
6686854
6686855
6686856
6686857
6686858
6686859
6686860
6686861
6686862
6686863
6686864
6686865
6686866
6686867
6686868
6686869
6686870
6686871
6686872
6686873
6686874
6686875
6686876
6686877
6686878
6686879
6686880
6686881
6686882
6686883
6686884
6686885
6686886
6686887
6686888
6686889
6686890
6686891
6686892
6686893
6686894
6686895
6686896
6686897
6686898
6686899
6686900
6686901
6686902
6686903
6686904
6686905
6686906
6686907
6686908
6686909
6686910
6686911
6686912
6686913
6686135
6686136
6686137
6686138
6686139
6686140
6686141
6686142
6686143
6686144
6686145
6686146
6686147
6686148
6686149
6686150
6686151
6686152
6686153
6686154
6686155
6686156
6686157
6686158
6686159
6686160
6686161
6686162
6686163
6686164
6686165
6686166
6686167
6686168
6686169
6686170
6686171
6686172
6686173
6686174
6686175
6686176
6686177
6686178
6686179
6686180
6686181
6686182
6686183
6686184
6686185
6686186
6686187
6686188
6686189
6686190
6686191
6686192
6686193
6686194
6686195
6686196
6686197
6686198
6686199
6686200
6686201
6686202
6686203
6686204
6686205
6686206
6686207
6686208
6686209
6686210
6686211
6686212
6686213
6686214
6686215
6686216
6686217
6686218
6686219
6686220
6686221
6686222
6686223
6686224
6686225
6686226
6686227
6686228
6686229
6686230
6686231
6686232
6686233
6686234
6686235
6686236
6686237
6686238
6686239
6686240
6686241
6686242
6686243
6686244
6686245
6686246
6686247
6686248
6686249
6686250
6686251
6686252
6686253
6686254
6686255
6686256
6686257
6686258
6686259
6686260
6686261
6686262
6686263
6686264
6686265
6686266
6686267
6686268
6686269
6686270
6686271
6686272
6686273
6686274
6686275
6686276
6686277
6686278
6686279
6686280
6686281
6686282
6686283
6686284
6686285
6686286
6686287
6686288
6686289
6686290
6686291
6686292
6686293
6686294
6686295
6686296
6686297
6686298
6684999
6685000
6685001
6685002
6685003
6685004
6685005
6685006
6685007
6685008
6685009
6685010
6685011
6685012
6685013
6685014
6685015
6685016
6685017
6685018
6685019
6685020
6685021
6685022
6685023
6685024
6685025
6685026
6685027
6685028
6685029
6685030
6685031
6685032
6685033
6685034
6685035
6685036
6685037
6685038
6685039
6685040
6685041
6685042
6685043
6685044
6685045
6685046
6685047
6685048
6685049
6685050
6685051
6685052
6685053
6685054
6685055
6685056
6685057
6685058
6685059
6685060
6685061
6685062
6685063
6685064
6685065
6685066
6685067
6685068
6685069
6685070
6685071
6685072
6685073
6685074
6685075
6685076
6685077
6685078
6685079
6685080
6685081
6685082
6685083
6685084
6685085
6685086
6685087
6685088
6685089
6685090
6685091
6685092
6685093
6685094
6685095
6685096
6685097
6685098
6685099
6685100
6685101
6685102
6685103
6685104
6685105
6685106
6685107
6685108
6685109
6685110
6685111
6685112
6685113
6685114
6685115
6685116
6685117
6685118
6685119
6685120
6685121
6685122
6685123
6685124
6685125
6685126
6685127
6685128
6685129
6685130
6685131
6685132
6685133
6685134
6685135
6685136
6685137
6685138
6685139
6685140
6685141
6685142
6685143
6685144
6685145
6685146
6685147
6685148
6685149
6685150
6685151
6685152
6685153
6685154
6685155
6685156
6685157
6684786
6684787
6684788
6684789
6684790
6684791
6684792
6684793
6684794
6684795
6684796
6684797
6684798
6684799
6684800
6684801
6684802
6684803
6684804
6684805
6684806
6684807
6684808
6684809
6684810
6684811
6684812
6684813
6684814
6684815
6684816
6684817
6684818
6684819
6684820
6684821
6684822
6684823
6684824
6684825
6684826
6684827
6684828
6684829
6684830
6684831
6684832
6684833
6684834
6684835
6684836
6684837
6684838
6684839
6684840
6684841
6684842
6684843
6684844
6684845
6684571
6684572
6684573
6684574
6684575
6684576
6684577
6684578
6684579
6684580
6684581
6684582
6684583
6684584
6684585
6684586
6684587
6684588
6684589
6684590
6684591
6684592
6684593
6684594
6684595
6684596
6684597
6684598
6684599
6684600
6684601
6684602
6684603
6684604
6684605
6684606
6684607
6684608
6684609
6684610
6684611
6684612
6684613
6684614
6684615
6684616
6684617
6684618
6684619
6684620
6684621
6684622
6684623
6684624
6684625
6684626
6684627
6684628
6684629
6684630
6684631
6684632
6684633
6684634
6684635
6684636
6684637
6684638
6684639
6684640
6684641
6684642
6684643
6684644
6684645
6684646
6684647
6684648
6684649
6684650
6684651
6684652
6684653
6684654
6684655
6684656
6684657
6684658
6684659
6684660
6684661
6684399
6684400
6684401
6684402
6684403
6684404
6684405
6684406
6684407
6684408
6684409
6684410
6684411
6684412
6684413
6684414
6684415
6684416
6684417
6684418
6684419
6684420
6684421
6684422
6684423
6684424
6684425
6684426
6684427
6684428
6684429
6684430
6684431
6684432
6684433
6684434
6684435
6684436
6684437
6684438
6684439
6684440
6684441
6684442
6684443
6684444
6684445
6684446
6684447
6684448
6684449
6684450
6682153
6682154
6682155
6682156
6682157
6682158
6682159
6682160
6682161
6682162
6682163
6682164
6682165
6682166
6682167
6682168
6682169
6682170
6682171
6682172
6682173
6682174
6682175
6682176
6682177
6682178
6682179
6682180
6682181
6682182
6682183
6682184
6682185
6682186
6682187
6682188
6682189
6682190
6682191
6682192
6682193
6682194
6682195
6682196
6682197
6682198
6682199
6682200
6682201
6682202
6682203
6682204
6682205
6682206
6682207
6682208
6682209
6682210
6682211
6682212
6682213
6682214
6682215
6682216
6682217
6682218
6682219
6682220
6682221
6682222
6682223
6682224
6682225
6682226
6682227
6682228
6682229
6682230
6682231
6682232
6682233
6682234
6682235
6682236
6682237
6682238
6682239
6682240
6681952
6681953
6681954
6681955
6681956
6681957
6681958
6681959
6681960
6681961
6681962
6681963
6681964
6681965
6681966
6681967
6681968
6681969
6681970
6681971
6681972
6681973
6681974
6681975
6681976
6681977
6681978
6681979
6681980
6681981
6681982
6681983
6681984
6681985
6681986
6681987
6681988
6681989
6681990
6681991
6681992
6681993
6681994
6681995
6681996
6681997
6681998
6681999
6682000
6682001
6682002
6682003
6682004
6682005
6682006
6682007
6682008
6682009
6682010
6682011
6682012
6682013
6682014
6682015
6682016
6682017
6682018
6682019
6682020
6682021
6682022
6682023
6682024
6682025
6682026
6682027
6682028
6682029
6682030
6682031
6682032
6682033
6682034
6682035
6682036
6682037
6682038
6682039
6682040
6682041
6680169
6680170
6680171
6680172
6680173
6680174
6680175
6680176
6680177
6680178
6680179
6680180
6680181
6680182
6680183
6680184
6680185
6680186
6680187
6680188
6680189
6680190
6680191
6680192
6680193
6680194
6680195
6680196
6680197
6680198
6680199
6680200
6680201
6680202
6680203
6680204
6680205
6680206
6680207
6680208
6680209
6680210
6680211
6680212
6680213
6680214
6680215
6680216
6680217
6680218
6680219
6680220
6680221
6680222
6680223
6680224
6680225
6680226
6680227
6680228
6680229
6680230
6680231
6680232
6680233
6680234
6680235
6680236
6680237
6680238
6680239
6680240
6680241
6680242
6680243
6680244
6680245
6680246
6680247
6680248
6680249
6680250
6680251
6680252
6680253
6680254
6680255
6680256
6680257
6680258
6680259
6680260
6680261
6680262
6680263
6680264
6680265
6680266
6680267
6680268
6680269
6680270
6680271
6680272
6680273
6680274
6679418
6679419
6679420
6679421
6679422
6679423
6679424
6679425
6679426
6679427
6679428
6679429
6679430
6679431
6679432
6679433
6679434
6679435
6679436
6679437
6679438
6679439
6679440
6679441
6679442
6679443
6679444
6679445
6679446
6679447
6679448
6679449
6679450
6679451
6679452
6679453
6679454
6679455
6679456
6679457
6679458
6679459
6679460
6679461
6679462
6679463
6679464
6679465
6679466
6679467
6679468
6679469
6679470
6679471
6679472
6679473
6679474
6679475
6679476
6679477
6679478
6679479
6679480
6679481
6679482
6679483
6679484
6679485
6679486
6679487
6679488
6679489
6679490
6679491
6679492
6679493
6679494
6679495
6679496
6679497
6679498
6679499
6679500
6679501
6679502
6679503
6679504
6679505
6679506
6679507
6679136
6679137
6679138
6679139
6679140
6679141
6679142
6679143
6679144
6679145
6679146
6679147
6679148
6679149
6679150
6679151
6679152
6679153
6679154
6679155
6679156
6679157
6679158
6679159
6679160
6679161
6679162
6679163
6679164
6679165
6679166
6679167
6679168
6679169
6679170
6679171
6679172
6679173
6679174
6679175
6679176
6679177
6679178
6679179
6679180
6679181
6679182
6679183
6679184
6679185
6679186
6679187
6679188
6679189
6679190
6679191
6679192
6679193
6679194
6679195
6679196
6679197
6679198
6679199
6679200
6679201
6679202
6679203
6679204
6679205
6679206
6679207
6679208
6679209
6679210
6679211
6679212
6679213
6679214
6679215
6679216
6679217
6679218
6679219
6678383
6678384
6678385
6678386
6678387
6678388
6678389
6678390
6678391
6678392
6678393
6678394
6678395
6678396
6678397
6678398
6678399
6678400
6678401
6678402
6678403
6678404
6678405
6678406
6678407
6678408
6678409
6678410
6678411
6678412
6678413
6678414
6678415
6678416
6678417
6678418
6678419
6678420
6678421
6678422
6678423
6678424
6678425
6678426
6678427
6678428
6678429
6678430
6678431
6678432
6678433
6678434
6678435
6678436
6678437
6678438
6678439
6678440
6678441
6678442
6678443
6678444
6678445
6678446
6678447
6678448
6678449
6678450
6678451
6678452
6678453
6678454
6678455
6678456
6678457
6678458
6678459
6678460
6678461
6678462
6678463
6678464
6678465
6678466
6678163
6678164
6678165
6678166
6678167
6678168
6678169
6678170
6678171
6678172
6678173
6678174
6678175
6678176
6678177
6678178
6678179
6678180
6678181
6678182
6678183
6678184
6678185
6678186
6678187
6678188
6678189
6678190
6678191
6678192
6678193
6678194
6678195
6678196
6678197
6678198
6678199
6678200
6678201
6678202
6678203
6678204
6678205
6678206
6678207
6678208
6678209
6678210
6678211
6678212
6678213
6678214
6678215
6678216
6678217
6678218
6678219
6678220
6678221
6678222
6678223
6678224
6678225
6678226
6678227
6678228
6678229
6678230
6678231
6678232
6678233
6678234
6678235
6678236
6678237
6678238
6678239
6678240
6678241
6678242
6678243
6678244
6678245
6678246
6678247
6678248
6678249
6678250
6678251
6678252
6678253
6678254
6678255
6678256
6678257
6678258
6678259
6678260
6678261
6678262
6678263
6678264
6678265
6678266
6678267
6678268
6678269
6678270
6678271
6678272
6678273
6678274
6678275
6678276
6678277
6678278
6678279
6678280
6678281
6678282
6678283
6678284
6678285
6678286
6678287
6678288
6678289
6678290
6678291
6678292
6678293
6678294
6678295
6678296
6678297
6678298
6677896
6677897
6677898
6677899
6677900
6677901
6677902
6677903
6677904
6677905
6677906
6677907
6677908
6677909
6677910
6677911
6677912
6677913
6677914
6677915
6677916
6677917
6677918
6677919
6677920
6677921
6677922
6677923
6677924
6677925
6677926
6677927
6677928
6677929
6677930
6677931
6677932
6677933
6677934
6677935
6677936
6677937
6677938
6677939
6677940
6677941
6677942
6677943
6677944
6677945
6677946
6677947
6677948
6677949
6677950
6677951
6677952
6677953
6677954
6677955
6677956
6677957
6677958
6677959
6677960
6677961
6677962
6677963
6677964
6677965
6677966
6677967
6677968
6677969
6677970
6677971
6677972
6677973
6677974
6677975
6677976
6677977
6677978
6677979
6677980
6677981
6677982
6677983
6677984
6677985
6677986
6677987
6677988
6677989
6677990
6677991
6677992
6677993
6677994
6677995
6677996
6677997
6677998
6677999
6678000
6678001
6678002
6678003
6678004
6678005
6678006
6678007
6678008
6678009
6678010
6678011
6678012
6678013
6678014
6678015
6678016
6678017
6678018
6678019
6678020
6678021
6678022
6678023
6678024
6678025
6678026
6678027
6678028
6678029
6678030
6678031
6678032
6678033
6678034
6737468
6737469
6737470
6737471
6737472
6737473
6737474
6737475
6737476
6737477
6737478
6737479
6737480
6737481
6737482
6737483
6737484
6737485
6737486
6737487
6737488
6737489
6737490
6737491
6737492
6737493
6737494
6737495
6737496
6737497
6737498
6737499
6737500
6737501
6737502
6737503
6737504
6737505
6737506
6737507
6737508
6737509
6737510
6737511
6737512
6737513
6737514
6737515
6737516
6737517
6737518
6737519
6737520
6737521
6737522
6737523
6737524
6737525
6737526
6737527
6737528
6737529
6737530
6737531
6737532
6737533
6737534
6737535
6737536
6737537
6737538
6737539
6737540
6737541
6737542
6737543
6737544
6737545
6737546
6737547
6737548
6737549
6737550
6737551
6737552
6737553
6737554
6737555
6737556
6737557
6737558
6737559
6737560
6737561
6737562
6737563
6737564
6737565
6737566
6737567
6737568
6737569
6737570
6737571
6737572
6737573
6737574
6737575
6737576
6737577
6737578
6737579
6737580
6737581
6737582
6737583
6737584
6737585
6737586
6737587
6736603
6736604
6736605
6736606
6736607
6736608
6736609
6736610
6736611
6736612
6736613
6736614
6736615
6736616
6736617
6736618
6736619
6736620
6736621
6736622
6736623
6736624
6736625
6736626
6736627
6736628
6736629
6736630
6736631
6736632
6736633
6736634
6736635
6736636
6736637
6736638
6736639
6736640
6736641
6736642
6736643
6736644
6736645
6736646
6736647
6736648
6736649
6736650
6736651
6736652
6736653
6736654
6736655
6736656
6736657
6736658
6736659
6736660
6736661
6736662
6736663
6736664
6736665
6736666
6736667
6736668
6736669
6736670
6736671
6736672
6736673
6736674
6736675
6736676
6736677
6736678
6736679
6736680
6736681
6736682
6736683
6736684
6736685
6736686
6736687
6736688
6736689
6736690
6736691
6736692
6736693
6736694
6736695
6736696
6736697
6736698
6736699
6736700
6736701
6736702
6736703
6736704
6736705
6736706
6736707
6736708
6736709
6736710
6736711
6736712
6736713
6736714
6736715
6736716
6736717
6736718
6736719
6736720
6736721
6736722
6735919
6735920
6735921
6735922
6735923
6735924
6735925
6735926
6735927
6735928
6735929
6735930
6735931
6735932
6735933
6735934
6735935
6735936
6735937
6735938
6735939
6735940
6735941
6735942
6735943
6735944
6735945
6735946
6735947
6735948
6735949
6735950
6735951
6735952
6735953
6735954
6735955
6735956
6735957
6735958
6735959
6735960
6735961
6735962
6735963
6735964
6735965
6735966
6735967
6735968
6735969
6735633
6735634
6735635
6735636
6735637
6735638
6735639
6735640
6735641
6735642
6735643
6735644
6735645
6735646
6735647
6735648
6735649
6735650
6735651
6735652
6735653
6735654
6735655
6735656
6735657
6735658
6735659
6735660
6735661
6735662
6735663
6735664
6735665
6735666
6735667
6735668
6735669
6735670
6735671
6735672
6735673
6735674
6735675
6735676
6735677
6735678
6735679
6735680
6735681
6735682
6735683
6735684
6735685
6735686
6735687
6735688
6735689
6735690
6735691
6735692
6735693
6735694
6735695
6735696
6735697
6735698
6735699
6735700
6735701
6735702
6735703
6735704
6735705
6735706
6735707
6735708
6735709
6735710
6735711
6735712
6735713
6735714
6735715
6734194
6734195
6734196
6734197
6734198
6734199
6734200
6734201
6734202
6734203
6734204
6734205
6734206
6734207
6734208
6734209
6734210
6734211
6734212
6734213
6734214
6734215
6734216
6734217
6734218
6734219
6734220
6734221
6734222
6734223
6734224
6734225
6734226
6734227
6734228
6734229
6734230
6734231
6734232
6734233
6734234
6734235
6734236
6734237
6734238
6734239
6734240
6734241
6734242
6734243
6734244
6734245
6734246
6734247
6734248
6734249
6734250
6734251
6734252
6734253
6734254
6734255
6734256
6734257
6734258
6734259
6734260
6734261
6734262
6734263
6734264
6734265
6734266
6734267
6734268
6734269
6734270
6734271
6734272
6734273
6734274
6734275
6734276
6734277
6734278
6734279
6734280
6734281
6734282
6734283
6734284
6734285
6734286
6734287
6734288
6734289
6734290
6734291
6734292
6734293
6734294
6734295
6734296
6734297
6734298
6734299
6734300
6734301
6734302
6734303
6734304
6734305
6734306
6734307
6734308
6734309
6734310
6734311
6734312
6734313
6734314
6734315
6734316
6734317
6734318
6734016
6734017
6734018
6734019
6734020
6734021
6734022
6734023
6734024
6734025
6734026
6734027
6734028
6734029
6734030
6734031
6734032
6734033
6734034
6734035
6734036
6734037
6734038
6734039
6734040
6734041
6734042
6734043
6734044
6734045
6734046
6734047
6734048
6734049
6734050
6734051
6734052
6734053
6734054
6734055
6734056
6734057
6734058
6734059
6734060
6734061
6734062
6734063
6734064
6734065
6733856
6733857
6733858
6733859
6733860
6733861
6733862
6733863
6733864
6733865
6733866
6733867
6733868
6733869
6733870
6733871
6733872
6733873
6733874
6733875
6733876
6733877
6733878
6733879
6733880
6733881
6733882
6733883
6733884
6733885
6733886
6733887
6733888
6733889
6733890
6733891
6733892
6733893
6733894
6733895
6733896
6733897
6733898
6733899
6733900
6733901
6733902
6733903
6733904
6733905
6733906
6733907
6733908
6733909
6733910
6733911
6733912
6733913
6733914
6733915
6733916
6733917
6733918
6733919
6733920
6733921
6733922
6733923
6733924
6733581
6733582
6733583
6733584
6733585
6733586
6733587
6733588
6733589
6733590
6733591
6733592
6733593
6733594
6733595
6733596
6733597
6733598
6733599
6733600
6733601
6733602
6733603
6733604
6733605
6733606
6733607
6733608
6733609
6733610
6733611
6733612
6733613
6733614
6733615
6733616
6733617
6733618
6733619
6733620
6733621
6733622
6733623
6733624
6733625
6733626
6733627
6733628
6733629
6733630
6733631
6733632
6733633
6733634
6733635
6733636
6733637
6733638
6733639
6733640
6733641
6733642
6733643
6733644
6733645
6733646
6733647
6733648
6733649
6733650
6733651
6733652
6733653
6733654
6733655
6733656
6733657
6733658
6733659
6733660
6733661
6733662
6733663
6733664
6733665
6733666
6733667
6733668
6733669
6733670
6733671
6733672
6733673
6733674
6733675
6733676
6733677
6733678
6733679
6733680
6733681
6733682
6733683
6733684
6733685
6733179
6733180
6733181
6733182
6733183
6733184
6733185
6733186
6733187
6733188
6733189
6733190
6733191
6733192
6733193
6733194
6733195
6733196
6733197
6733198
6733199
6733200
6733201
6733202
6733203
6733204
6733205
6733206
6733207
6733208
6733209
6733210
6733211
6733212
6733213
6733214
6733215
6733216
6733217
6733218
6733219
6733220
6733221
6733222
6733223
6733224
6733225
6733226
6733227
6733228
6733229
6733230
6733231
6733232
6733233
6733234
6733235
6733236
6733237
6733238
6733239
6733240
6733241
6733242
6733243
6733244
6733245
6733246
6733247
6733248
6733249
6733250
6733251
6733252
6733253
6733254
6733255
6733256
6733257
6733258
6733259
6733260
6733261
6733262
6733263
6733264
6733265
6733266
6733267
6733268
6733269
6733270
6733271
6733272
6733273
6733274
6733275
6733276
6733277
6733278
6733279
6733280
6733281
6733282
6733283
6733284
6733285
6733286
6733287
6733288
6733289
6733290
6733291
6733292
6733293
6733294
6733295
6733296
6733297
6733298
6733299
6733300
6733301
6733302
6733303
6733304
6733305
6733306
6733307
6733308
6733309
6733310
6733311
6733312
6732998
6732999
6733000
6733001
6733002
6733003
6733004
6733005
6733006
6733007
6733008
6733009
6733010
6733011
6733012
6733013
6733014
6733015
6733016
6733017
6733018
6733019
6733020
6733021
6733022
6733023
6733024
6733025
6733026
6733027
6733028
6733029
6733030
6733031
6733032
6733033
6733034
6733035
6733036
6733037
6733038
6733039
6733040
6733041
6733042
6733043
6733044
6733045
6733046
6733047
6733048
6733049
6733050
6733051
6733052
6733053
6733054
6733055
6733056
6733057
6733058
6733059
6733060
6733061
6733062
6733063
6733064
6733065
6733066
6733067
6733068
6733069
6733070
6733071
6733072
6733073
6732487
6732488
6732489
6732490
6732491
6732492
6732493
6732494
6732495
6732496
6732497
6732498
6732499
6732500
6732501
6732502
6732503
6732504
6732505
6732506
6732507
6732508
6732509
6732510
6732511
6732512
6732513
6732514
6732515
6732516
6732517
6732518
6732519
6732520
6732521
6732522
6732523
6732524
6732525
6732526
6732527
6732528
6732529
6732530
6732531
6732532
6732533
6732534
6732535
6732536
6732537
6732538
6732539
6732540
6732541
6732542
6732543
6732544
6732545
6732546
6732547
6732548
6732549
6732550
6732551
6732552
6732553
6732554
6732555
6732556
6732557
6732558
6732559
6732560
6732274
6732275
6732276
6732277
6732278
6732279
6732280
6732281
6732282
6732283
6732284
6732285
6732286
6732287
6732288
6732289
6732290
6732291
6732292
6732293
6732294
6732295
6732296
6732297
6732298
6732299
6732300
6732301
6732302
6732303
6732304
6732305
6732306
6732307
6732308
6732309
6732310
6732311
6732312
6732313
6732314
6732315
6732316
6732317
6732318
6732319
6732320
6732321
6732322
6732323
6732324
6732325
6732326
6732327
6732328
6732329
6732330
6732331
6732332
6732333
6732334
6732335
6732336
6732337
6732338
6732339
6732340
6732341
6732342
6732343
6732344
6732345
6732346
6732347
6732348
6732349
6732350
6732351
6732352
6732353
6732354
6732355
6732356
6732357
6732358
6732359
6732360
6732361
6732362
6732363
6732364
6732365
6732366
6732367
6732368
6732369
6732370
6732371
6732372
6732373
6732374
6732375
6732376
6732377
6732378
6732379
6732380
6732381
6732382
6732383
6732384
6732385
6732386
6732387
6732388
6732389
6732390
6732391
6732036
6732037
6732038
6732039
6732040
6732041
6732042
6732043
6732044
6732045
6732046
6732047
6732048
6732049
6732050
6732051
6732052
6732053
6732054
6732055
6732056
6732057
6732058
6732059
6732060
6732061
6732062
6732063
6732064
6732065
6732066
6732067
6732068
6732069
6732070
6732071
6732072
6732073
6732074
6732075
6732076
6732077
6732078
6732079
6732080
6732081
6732082
6732083
6732084
6732085
6732086
6732087
6732088
6732089
6732090
6732091
6732092
6732093
6732094
6732095
6732096
6732097
6732098
6732099
6732100
6732101
6732102
6732103
6732104
6732105
6732106
6732107
6732108
6732109
6732110
6732111
6732112
6732113
6732114
6732115
6732116
6732117
6732118
6732119
6732120
6732121
6732122
6732123
6732124
6732125
6732126
6732127
6732128
6732129
6732130
6732131
6732132
6732133
6732134
6732135
6732136
6732137
6732138
6732139
6732140
6732141
6732142
6732143
6732144
6732145
6732146
6732147
6732148
6732149
6732150
6732151
6732152
6732153
6732154
6732155
6732156
6732157
6732158
6732159
6732160
6732161
6732162
6732163
6732164
6732165
6732166
6731902
6731903
6731904
6731905
6731906
6731907
6731908
6731909
6731910
6731911
6731912
6731913
6731914
6731915
6731916
6731917
6731918
6731919
6731920
6731921
6731922
6731923
6731924
6731925
6731926
6731927
6731928
6731929
6731930
6731931
6731932
6731933
6731934
6731935
6731936
6731937
6731938
6731939
6731940
6731941
6731942
6731943
6731944
6731945
6731484
6731485
6731486
6731487
6731488
6731489
6731490
6731491
6731492
6731493
6731494
6731495
6731496
6731497
6731498
6731499
6731500
6731501
6731502
6731503
6731504
6731505
6731506
6731507
6731508
6731509
6731510
6731511
6731512
6731513
6731514
6731515
6731516
6731517
6731518
6731519
6731520
6731521
6731522
6731523
6731524
6731525
6731526
6731527
6731528
6731529
6731530
6731531
6731532
6731533
6731210
6731211
6731212
6731213
6731214
6731215
6731216
6731217
6731218
6731219
6731220
6731221
6731222
6731223
6731224
6731225
6731226
6731227
6731228
6731229
6731230
6731231
6731232
6731233
6731234
6731235
6731236
6731237
6731238
6731239
6731240
6731241
6731242
6731243
6731244
6731245
6731246
6731247
6731248
6731249
6731250
6731251
6731252
6731253
6731254
6731255
6731256
6731257
6731258
6731259
6731260
6731261
6731262
6731263
6731264
6731265
6731266
6731267
6731268
6731269
6731270
6731271
6731272
6731273
6731274
6731275
6731276
6731277
6731278
6731279
6731280
6731281
6731282
6731283
6731284
6731285
6731286
6731287
6731288
6731289
6731290
6731291
6731292
6731293
6730998
6730999
6731000
6731001
6731002
6731003
6731004
6731005
6731006
6731007
6731008
6731009
6731010
6731011
6731012
6731013
6731014
6731015
6731016
6731017
6731018
6731019
6731020
6731021
6731022
6731023
6731024
6731025
6731026
6731027
6731028
6731029
6731030
6731031
6731032
6731033
6731034
6731035
6731036
6731037
6731038
6731039
6731040
6731041
6731042
6731043
6731044
6731045
6731046
6731047
6731048
6731049
6731050
6731051
6731052
6731053
6731054
6731055
6731056
6731057
6731058
6731059
6731060
6731061
6731062
6731063
6731064
6731065
6731066
6731067
6731068
6731069
6731070
6731071
6731072
6731073
6731074
6731075
6731076
6731077
6731078
6731079
6731080
6731081
6731082
6731083
6731084
6731085
6731086
6731087
6731088
6731089
6731090
6731091
6731092
6731093
6731094
6731095
6731096
6731097
6731098
6731099
6731100
6731101
6731102
6731103
6731104
6731105
6731106
6731107
6731108
6731109
6731110
6731111
6731112
6731113
6731114
6731115
6731116
6731117
6731118
6731119
6731120
6731121
6731122
6730326
6730327
6730328
6730329
6730330
6730331
6730332
6730333
6730334
6730335
6730336
6730337
6730338
6730339
6730340
6730341
6730342
6730343
6730344
6730345
6730346
6730347
6730348
6730349
6730350
6730351
6730352
6730353
6730354
6730355
6730356
6730357
6730358
6730359
6730360
6730361
6730362
6730363
6730364
6730365
6730366
6730367
6730368
6730369
6730370
6730371
6730372
6730373
6730374
6730375
6730376
6730377
6730378
6730379
6730380
6730381
6730382
6730383
6730384
6730385
6730386
6730387
6730388
6730389
6730390
6730391
6730392
6730393
6730394
6730395
6739773
6739774
6739775
6739776
6739777
6739778
6739779
6739780
6739781
6739782
6739783
6739784
6739785
6739786
6739787
6739788
6739789
6739790
6739791
6739792
6739793
6739794
6739795
6739796
6741021
6741022
6741023
6741024
6741025
6741026
6741027
6741028
6741029
6741030
6741031
6741032
6741033
6741034
6741035
6741036
6741037
6741038
6741039
6741040
6741041
6741042
6741043
6741044
6741045
6741046
6741047
6741048
6741049
6741050
6741051
6741052
6741053
6741054
6741055
6741056
6741057
6741058
6741059
6741060
6741061
6741062
6741063
6741064
6741065
6741066
6741067
6741068
6741069
6741070
6741071
6741072
6741073
6741074
6741075
6741076
6741077
6741078
6741079
6741080
6741081
6741082
6741083
6741084
6741085
6741086
6741087
6741088
6741089
6741090
6741091
6741092
6741093
6741094
6741095
6741096
6741097
6741098
6741099
6741100
6741101
6741102
6741103
6741104
6741105
6741106
6741107
6741108
6741109
6741110
6741111
6741112
6741113
6741114
6741115
6741116
6741117
6741118
6741119
6741120
6741121
6741122
6741123
6741124
6741125
6741126
6741127
6741128
6741129
6741130
6741131
6741132
6741133
6741134
6741135
6741136
6741236
6741237
6741238
6741239
6741240
6741241
6741242
6741243
6741244
6741245
6741246
6741247
6741248
6741249
6741250
6741251
6741252
6741253
6741254
6741255
6741256
6741257
6741258
6741259
6741260
6741261
6741262
6741263
6741264
6741265
6741266
6741267
6741268
6741269
6741270
6741271
6741272
6741273
6741274
6741275
6741276
6741277
6741278
6741279
6741280
6741281
6741282
6741283
6741284
6741285
6741286
6741287
6741288
6741289
6741290
6741291
6741292
6742978
6742979
6742980
6742981
6742982
6742983
6742984
6742985
6742986
6742987
6742988
6742989
6742990
6742991
6742992
6742993
6742994
6742995
6742996
6742997
6742998
6742999
6743000
6743001
6743002
6743003
6743004
6743005
6743006
6743007
6743008
6743009
6743010
6743011
6743012
6743013
6743014
6743015
6743016
6743017
6743018
6743019
6743020
6743021
6743022
6743023
6743024
6743025
6743026
6743027
6743028
6743029
6743030
6743031
6743032
6743033
6743034
6743035
6743036
6743037
6743038
6743039
6743040
6743041
6743042
6743043
6743044
6743045
6743046
6743047
6743048
6743049
6743050
6743051
6743052
6743053
6743054
6743055
6743056
6743057
6743058
6743059
6743060
6743061
6743062
6743063
6743064
6743065
6743066
6743067
6743068
6743069
6743070
6743071
6743072
6743073
6743074
6743075
6743076
6743077
6743078
6743079
6743080
6743081
6743082
6743083
6743084
6743085
6743086
6743087
6743088
6743089
6743090
6743091
6743092
6743093
6743094
6743095
6743096
6743097
6743098
6743099
6743100
6743101
6743102
6743103
6743104
6743105
6743106
6743107
6743108
6743109
6743110
6743111
6743112
6743113
6743114
6743115
6743116
6743117
6743118
6743119
6743120
6743121
6743122
6743123
6743124
6743125
6743205
6743206
6743207
6743208
6743209
6743210
6743211
6743212
6743213
6743214
6743215
6743216
6743217
6743218
6743219
6743220
6743221
6743222
6743223
6743224
6743225
6743226
6743227
6743228
6743229
6743230
6743231
6743232
6743233
6743234
6743235
6743236
6743237
6743238
6743239
6743240
6743241
6743242
6743243
6743244
6743245
6743246
6743247
6743248
6743249
6743250
6743251
6743252
6743253
6743254
6743255
6743256
6743257
6743258
6743259
6743260
6743261
6743262
6743263
6743264
6743265
6743266
6743267
6743505
6743506
6743507
6743508
6743509
6743510
6743511
6743512
6743513
6743514
6743515
6743516
6743517
6743518
6743519
6743520
6743521
6743522
6743523
6743524
6743525
6743526
6743527
6743528
6743529
6743530
6743531
6743532
6743533
6743534
6743535
6743536
6743537
6743538
6743539
6743540
6743541
6743542
6743543
6743544
6743545
6743546
6743547
6743548
6743549
6743550
6743551
6743552
6743553
6743554
6743555
6743556
6743557
6743558
6743559
6743560
6743561
6743562
6743563
6743564
6743565
6743566
6743567
6743568
6743569
6743570
6743571
6743572
6743573
6743574
6743575
6743576
6743577
6743578
6743579
6743580
6743581
6743582
6743583
6743584
6743585
6743586
6743587
6743588
6743589
6743590
6743591
6743592
6743593
6743594
6743595
6743596
6743597
6743598
6743599
6743600
6743601
6743602
6743603
6743604
6743605
6743606
6743607
6743608
6743609
6743719
6743720
6743721
6743722
6743723
6743724
6743725
6743726
6743727
6743728
6743729
6743730
6743731
6743732
6743733
6743734
6743735
6743736
6743737
6743738
6743739
6743740
6743741
6743742
6743743
6743744
6743745
6743746
6743747
6743748
6743749
6743750
6743751
6743752
6743753
6743754
6743755
6743756
6743757
6743758
6743759
6743760
6743761
6743762
6743763
6743764
6743765
6743766
6743767
6743768
6743769
6743770
6743771
6743772
6743773
6743774
6743775
6743776
6743777
6743778
6743779
6743780
6743781
6743782
6743783
6743784
6743785
6743786
6743787
6743788
6743789
6743790
6743791
6743792
6743793
6743794
6743795
6743796
6743797
6743798
6743799
6743800
6743801
6743802
6743803
6743804
6743805
6743806
6743807
6743808
6743809
6743810
6743811
6743812
6743813
6743814
6743815
6743816
6743817
6743818
6743819
6743820
6743821
6743822
6743823
6743824
6743825
6743826
6743827
6743828
6743829
6743830
6743831
6743832
6743833
6743834
6743835
6743836
6743837
6743838
6743839
6743840
6743841
6743842
6743843
6743844
6743845
6743846
6743847
6744565
6744566
6744567
6744568
6744569
6744570
6744571
6744572
6744573
6744574
6744575
6744576
6744577
6744578
6744579
6744580
6744581
6744582
6744583
6744584
6744585
6744586
6744587
6744588
6744589
6744590
6744591
6744592
6744593
6744594
6744595
6744596
6744597
6744598
6744599
6744600
6744601
6744602
6744603
6744604
6744605
6744606
6744607
6744608
6744609
6744610
6744611
6744612
6744613
6744614
6744615
6744616
6744617
6744618
6744619
6744620
6744621
6744622
6744623
6744624
6744625
6744626
6744627
6744628
6744629
6744630
6744631
6744632
6744633
6744634
6744635
6744636
6744637
6744638
6744639
6744640
6744641
6744642
6744643
6744644
6744645
6744646
6744647
6744648
6744649
6744650
6744651
6744652
6744653
6744654
6744655
6744656
6744657
6744658
6744659
6744660
6744661
6744662
6744663
6744664
6744665
6744666
6744667
6744668
6744669
6744670
6744671
6744672
6744673
6744674
6744675
6744676
6744677
6744678
6744679
6744680
6744681
6744682
6744683
6744684
6744685
6744686
6744687
6744688
6744689
6744690
6744691
6744692
6744693
6744694
6744695
6744696
6744697
6744698
6744699
6744700
6744701
6744702
6744703
6744704
6744705
6744706
6744707
6744708
6744709
6744710
6744711
6744811
6744812
6744813
6744814
6744815
6744816
6744817
6744818
6744819
6744820
6744821
6744822
6744823
6744824
6744825
6744826
6744827
6744828
6744829
6744830
6744831
6744832
6744833
6744834
6744835
6744836
6744837
6744838
6744839
6744840
6744841
6744842
6744843
6744844
6744845
6744846
6744847
6744848
6744849
6744850
6744851
6744852
6744853
6744854
6744855
6744856
6744857
6744858
6744859
6744860
6744861
6744862
6744863
6744864
6744865
6744866
6744867
6744868
6744869
6744870
6744871
6744872
6744873
6744874
6744875
6744876
6744877
6744878
6744879
6744880
6744881
6744882
6744883
6744884
6744885
6744886
6744887
6744888
6744889
6744890
6744891
6744892
6744893
6744894
6744895
6744896
6744897
6744898
6744899
6744900
6744901
6744902
6744903
6744904
6744905
6744906
6744907
6744908
6744909
6744910
6744911
6744912
6744913
6744914
6744915
6744916
6744917
6744918
6744919
6744920
6744921
6744922
6744923
6744924
6744925
6744926
6744927
6744928
6744929
6744930
6744931
6744932
6744933
6744934
6744935
6744936
6744937
6744938
6744939
6744940
6744941
6744942
6744943
6744944
6744945
6744946
6744947
6744948
6744949
6744950
6744951
6744952
6744953
6744954
6744955
6744956
6744957
6744958
6744959
6744960
6744961
6744962
6744963
6744964
6744965
6744966
6744967
6744968
6744969
6744970
6744971
6744972
6744973
6744974
6744975
6744976
6744977
6744978
6744979
6744980
6744981
6744982
6744983
6744984
6744985
6744986
6744987
6744988
6744989
6744990
6744991
6744992
6744993
6744994
6744995
6744996
6744997
6744998
6744999
6745000
6745001
6745002
6745003
6745004
6745005
6746463
6746464
6746465
6746466
6746467
6746468
6746469
6746470
6746471
6746472
6746473
6746474
6746475
6746476
6746477
6746478
6746479
6746480
6746481
6746482
6746483
6746484
6746485
6746486
6746487
6746488
6746489
6746490
6746491
6746492
6746493
6746494
6746495
6746496
6746497
6746498
6746499
6746500
6746501
6746502
6746503
6746504
6746505
6746506
6746507
6746508
6746509
6746510
6746511
6746512
6746513
6746514
6746515
6746516
6746517
6746518
6746519
6746520
6746521
6746522
6746523
6746524
6746525
6746526
6746527
6746528
6746529
6746530
6746531
6746532
6746533
6746534
6746535
6746536
6746537
6746538
6746539
6746540
6746541
6746542
6746543
6746544
6746545
6746546
6746547
6746548
6746549
6746550
6746551
6746552
6746553
6746554
6746555
6746556
6746557
6746558
6746559
6746560
6746561
6746562
6746563
6746564
6746565
6746566
6746567
6746568
6746569
6746570
6746571
6746572
6749945
6749946
6749947
6749948
6749949
6749950
6749951
6749952
6749953
6749954
6749955
6749956
6749957
6749958
6749959
6749960
6749961
6749962
6749963
6749964
6749965
6749966
6749967
6749968
6749969
6749970
6749971
6749972
6749973
6749974
6749975
6749976
6749977
6749978
6749979
6749980
6749981
6749982
6749983
6749984
6749985
6749986
6749987
6749988
6749989
6749990
6749991
6749992
6749993
6749994
6749995
6749996
6749997
6749998
6749999
6750000
6750001
6750002
6750003
6750004
6750005
6750006
6750007
6750008
6750009
6750010
6750011
6750012
6750013
6750014
6750015
6750016
6750017
6750018
6750019
6750020
6750021
6750022
6750023
6750024
6750025
6750026
6750027
6750028
6750029
6750030
6750031
6750032
6750033
6750034
6750035
6750036
6750037
6750038
6750039
6750040
6750041
6750042
6750043
6750044
6750045
6750046
6750047
6750048
6750049
6750050
6750051
6750052
6750053
6750054
6750055
6750056
6750057
6750058
6750059
6750060
6750061
6750062
6750063
6750064
6750065
6750066
6750067
6750068
6750069
6750070
6750071
6750072
6750073
6750074
6750075
6750076
6750077
6750303
6750304
6750305
6750306
6750307
6750308
6750309
6750310
6750311
6750312
6750313
6750314
6750315
6750316
6750317
6750318
6750319
6750320
6750321
6750322
6750323
6750324
6750325
6750326
6750327
6750328
6750329
6750330
6750331
6750332
6750333
6750334
6750335
6750336
6750337
6750338
6750339
6750340
6750341
6750342
6750343
6750344
6750345
6750346
6750347
6750348
6750349
6750350
6750351
6750352
6750353
6750354
6750355
6750356
6750357
6750358
6750359
6750360
6750361
6750362
6750363
6750364
6750365
6750366
6750367
6750368
6750369
6750370
6750371
6750372
6750373
6750374
6750375
6750376
6750377
6750378
6750379
6750380
6750381
6750382
6750383
6750384
6750385
6750386
6750387
6750388
6750389
6750390
6750391
6750392
6750393
6750394
6750395
6750396
6750397
6750398
6750399
6750400
6750401
6750402
6750403
6750404
6750405
6750406
6750407
6750408
6750409
6750410
6750411
6750412
6750413
6750414
6750415
6750416
6750417
6750418
6750419
6750420
6750421
6750422
6750423
6750424
6750425
6750426
6750427
6750428
6750429
6750430
6750431
6750432
6750433
6750434
6750435
6750436
6750437
6750438
6750439
6750440
6750441
6750442
6750523
6750524
6750525
6750526
6750527
6750528
6750529
6750530
6750531
6750532
6750533
6750534
6750535
6750536
6750537
6750538
6750539
6750540
6750541
6750542
6750543
6750544
6750545
6750546
6750547
6750548
6750549
6750550
6750551
6750552
6750553
6750554
6750555
6750556
6750557
6750558
6750559
6750560
6750561
6750562
6750563
6750564
6750565
6750566
6750567
6750568
6750569
6750570
6750571
6750572
6750573
6750574
6750575
6750576
6750577
6750578
6750579
6750580
6750581
6750582
6750583
6750584
6750585
6750586
6750587
6750588
6750589
6750590
6750591
6750592
6750593
6750594
6750595
6750596
6750597
6750598
6750599
6750600
6750601
6750602
6750603
6750604
6750605
6750606
6750607
6750608
6750609
6750610
6750611
6750612
6750613
6750614
6750615
6750616
6750617
6750618
6750619
6750620
6750621
6750622
6750623
6750624
6750625
6750626
6750627
6750628
6750629
6750630
6750631
6750632
6750633
6750634
6750635
6750636
6750637
6750638
6750639
6750640
6750641
6750642
6750643
6750644
6751074
6751075
6751076
6751077
6751078
6751079
6751080
6751081
6751082
6751083
6751084
6751085
6751086
6751087
6751088
6751089
6751090
6751091
6751092
6751093
6751094
6751095
6751096
6751097
6751098
6751099
6751100
6751101
6751102
6751103
6751104
6751105
6751106
6751107
6751108
6751109
6751110
6751111
6751112
6751113
6751114
6751115
6751116
6751117
6751118
6751119
6751120
6751121
6751122
6751123
6751124
6751125
6751126
6751127
6751128
6751129
6751130
6751131
6751132
6751133
6751134
6751135
6751136
6751137
6751138
6751139
6751140
6751141
6751142
6751143
6751144
6751145
6751146
6751147
6751148
6751149
6751150
6751151
6751152
6751153
6751154
6751155
6751156
6751157
6751158
6751159
6751160
6751161
6751162
6751163
6751164
6751165
6751166
6751167
6751168
6751169
6751170
6751171
6751172
6751173
6751174
6751175
6751176
6751177
6751178
6751179
6751180
6751181
6751182
6751183
6751184
6751185
6751186
6751187
6751188
6751189
6751190
6751191
6751192
6751193
6751194
6751195
6751196
6751197
6751198
6751199
6751200
6751201
6751202
6751203
6751204
6751205
6751206
6751207
6751208
6751209
6751210
6751211
6751212
6751213
6751214
6751215
6751216
6751217
6751218
6751219
