32843737
32843738
32843739
32843740
32843741
32843742
32843743
32843744
32843745
32843746
32843747
32843748
32843749
32843750
32843751
32843752
32843753
32843754
32843755
32843756
32843757
32843758
32843759
32843760
32843761
32843762
32843763
32843764
32843765
32843766
32843767
32843768
32843769
32843770
32843771
32843772
32843773
32843774
32843775
32843776
32843777
32843778
32843779
32843780
32843781
32843782
32843783
32843784
32843785
32843786
32843787
32843788
32843789
32843790
32843791
32843792
32843793
32843794
32843795
32843796
32843797
32843798
32843799
32843800
32843801
32843802
32843803
32843804
32843805
32843806
32843807
32843808
32843809
32843810
32843811
32843812
32843813
32843814
32843815
32843816
32843817
32843818
32843819
32843820
32843821
32843822
32843823
32843824
32843825
32843826
32843827
32843828
32843829
32843830
32843831
32843832
32843833
32843834
32843835
32843836
32843837
32843838
32843839
32843840
32843841
32843842
32843843
32843844
32843845
32843846
32843847
32843848
32843849
32843850
32843851
32843852
32843853
32843854
32843855
32843856
32843857
32843858
32843859
32843860
32843861
32843862
32843863
32843864
32843865
32843866
32843867
32843868
32843869
32843870
32843871
32843872
32843873
32843874
32843875
32843876
32843877
32843878
32843879
32843880
32843881
32843882
32843883
32843884
32843885
32843886
32843887
32843888
32843889
32843890
32843891
32843892
32843893
32843894
32843895
32843896
32843897
32843898
32843899
32843900
32843901
32843902
32843903
32843904
32843905
32843906
32843907
32843908
32843909
32843910
32843911
32843912
32843913
32843914
32843915
32843916
32843917
32843918
32843919
32843920
32843921
32843922
32843923
32843924
32843925
32843926
32843927
32843928
32843929
32843930
32843931
32843932
32843933
32843934
32843935
32843936
32843937
32843938
32843939
32843940
32843941
32843942
32843943
32843944
32843945
32843946
32843947
32843948
32843949
32843950
32843951
32843952
32843953
32843954
32843955
32843956
32843957
32843958
32843959
32843960
32843961
32843962
32843963
32843964
32843965
32843966
32843967
32843968
32843969
32843970
32843971
32843972
32843973
32843974
32843975
32843976
32843977
32843978
32843979
32843980
32843981
32843982
32843983
32843984
32843985
32843986
32843987
32843988
32843989
32843990
32843991
32843992
32843993
32843994
32843995
32843996
32843997
32843998
32843999
32844000
32844001
32844002
32844003
32844004
32844005
32844006
32844007
32844008
32844009
32844010
32844011
32844012
32844013
32844014
32844015
32844016
32844017
32844018
32844019
32844020
32844021
32844022
32844023
32844024
32844025
32844026
32844027
32844028
32844029
32844030
32844031
32844032
32844033
32844034
32844035
32844036
32844037
32844038
32844039
32844040
32844041
32844042
32844043
32844044
32844045
32844046
32844047
32844048
32844049
32844050
32844051
32844052
32844053
32844054
32844055
32844056
32844057
32844058
32844059
32844060
32844061
32844062
32844063
32844064
32844065
32844066
32844067
32844068
32844069
32844070
32844071
32844072
32844073
32844074
32844075
32844076
32844077
32844078
32844079
32844080
32844081
32844082
32844083
32844084
32844085
32844086
32844087
32844088
32844089
32844090
32844091
32844092
32844093
32844094
32844095
32844096
32844097
32844098
32844099
32844100
32844101
32844102
32844103
32844104
32844105
32844106
32844107
32844108
32844109
32844110
32844111
32844112
32844113
32844114
32844115
32844116
32844117
32844118
32844119
32844120
32844121
32844122
32844123
32844124
32844125
32844126
32844127
32844128
32844129
32844130
32844131
32844132
32844133
32844134
32844135
32844136
32844137
32844138
32844139
32844140
32844141
32844142
32844143
32844144
32844145
32844146
32844147
32844148
32844149
32844150
32844151
32844152
32844153
32844154
32844155
32844156
32844157
32844158
32844159
32844160
32844161
32844162
32844163
32844164
32844165
32844166
32844167
32844168
32844169
32844170
32844171
32844172
32844173
32844174
32844175
32844176
32844177
32844178
32844179
32844180
32844181
32844182
32844183
32844184
32844185
32844186
32844187
32844188
32844189
32844190
32844191
32844192
32844193
32844194
32844195
32844196
32844197
32844198
32844199
32844200
32844201
32844202
32844203
32844204
32844205
32844206
32844207
32844208
32844209
32844210
32844211
32844212
32844213
32844214
32844215
32844216
32844217
32844218
32844219
32844220
32844221
32844222
32844223
32844224
32844225
32844226
32844227
32844228
32844229
32844230
32844231
32844232
32844233
32844234
32844235
32844236
32844237
32844238
32844239
32844240
32844241
32844242
32844243
32844244
32844245
32844246
32844247
32844248
32844249
32844250
32844251
32844252
32844253
32844254
32844255
32844256
32844257
32844258
32844259
32844260
32844261
32844262
32844263
32844264
32844265
32844266
32844267
32844268
32844269
32844270
32844271
32844272
32844273
32844274
32844275
32844276
32844277
32844278
32844279
32844280
32844281
32844282
32844283
32844284
32844285
32844286
32844287
32844288
32844289
32844290
32844291
32844292
32844293
32844294
32844295
32844296
32844297
32844298
32844299
32844300
32844301
32844302
32844303
32844304
32844305
32844306
32844307
32844308
32844309
32844310
32844311
32844312
32844313
32844314
32844315
32844316
32844317
32844318
32844319
32844320
32844321
32844322
32844323
32844324
32844325
32844326
32844327
32844328
32844329
32844330
32844331
32844332
32844333
32844334
32844335
32844336
32844337
32844338
32844339
32844340
32844341
32844342
32844343
32844344
32844345
32844346
32844347
32844348
32844349
32844350
32844351
32844352
32844353
32844354
32844355
32844356
32844357
32844358
32844359
32844360
32844361
32844362
32844363
32844364
32844365
32844366
32844367
32844368
32844369
32844370
32844371
32844372
32844373
32844374
32844375
32844376
32844377
32844378
32844379
32844380
32844381
32844382
32844383
32844384
32844385
32844386
32844387
32844388
32844389
32844390
32844391
32844392
32844393
32844394
32844395
32844396
32844397
32844398
32844399
32844400
32844401
32844402
32844403
32844404
32844405
32844406
32844407
32844408
32844409
32844410
32844411
32844412
32844413
32844414
32844415
32844416
32844417
32844418
32844419
32844420
32844421
32844422
32844423
32844424
32844425
32844426
32844427
32844428
32844429
32844430
32844431
32844432
32844433
32844434
32844435
32844436
32844437
32844438
32844439
32844440
32844441
32844442
32844443
32844444
32844445
32844446
32844447
32844448
32844449
32844450
32844451
32844452
32844453
32844454
32844455
32844456
32844457
32844458
32844459
32844460
32844461
32844462
32844463
32844464
32844465
32844466
32844467
32844468
32844469
32844470
32844471
32844472
32844473
32844474
32844475
32844476
32844477
32844478
32844479
32844480
32844481
32844482
32844483
32844484
32844485
32844486
32844487
32844488
32844489
32844490
32844491
32844492
32844493
32844494
32844495
32844496
32844497
32844498
32844499
32844500
32844501
32844502
32844503
32844504
32844505
32844506
32844507
32844508
32844509
32844510
32844511
32844512
32844513
32844514
32844515
32844516
32844517
32844518
32844519
32844520
32844521
32844522
32844523
32844524
32844525
32844526
32844527
32844528
32844529
32844530
32844531
32844532
32844533
32844534
32844535
32844536
32844537
32844538
32844539
32844540
32844541
32844542
32844543
32844544
32844545
32844546
32844547
32844548
32844549
32844550
32844551
32844552
32844553
32844554
32844555
32844556
32844557
32844558
32844559
32844560
32844561
32844562
32844563
32844564
32844565
32844566
32844567
32844568
32844569
32844570
32844571
32844572
32844573
32844574
32844575
32844576
32844577
32844578
32844579
32844580
32844581
32844582
32844583
32844584
32844585
32844586
32844587
32844588
32844589
32844590
32844591
32844592
32844593
32844594
32844595
32844596
32844597
32844598
32844599
32844600
32844601
32844602
32844603
32844604
32844605
32844606
32844607
32844608
32844609
32844610
32844611
32844612
32844613
32844614
32844615
32844616
32844617
32844618
32844619
32844620
32844621
32844622
32844623
32844624
32844625
32844626
32844627
32844628
32844629
32844630
32844631
32844632
32844633
32844634
32844635
32844636
32844637
32844638
32844639
32844640
32844641
32844642
32844643
32844644
32844645
32844646
32844647
32844648
32844649
32844650
32844651
32844652
32844653
32844654
32844655
32844656
32844657
32844658
32844659
32844660
32844661
32844662
32844663
32844664
32844665
32844666
32844667
32844668
32844669
32844670
32844671
32844672
32844673
32844674
32844675
32844676
32844677
32844678
32844679
32844680
32844681
32844682
32844683
32844684
32844685
32844686
32844687
32844688
32844689
32844690
32844691
32844692
32844693
32844694
32844695
32844696
32844697
32844698
32844699
32844700
32844701
32844702
32844703
32844704
32844705
32844706
32844707
32844708
32844709
32844710
32844711
32844712
32844713
32844714
32844715
32844716
32844717
32844718
32844719
32844720
32844721
32844722
32844723
32844724
32844725
32844726
32844727
32844728
32844729
32844730
32844731
32844732
32844733
32844734
32844735
32844736
32844737
32844738
32844739
32844740
32844741
32844742
32844743
32844744
32844745
32844746
32844747
32844748
32844749
32844750
32844751
32844752
32844753
32844754
32844755
32844756
32844757
32844758
32844759
32844760
32844761
32844762
32844763
32844764
32844765
32844766
32844767
32844768
32844769
32844770
32844771
32844772
32844773
32844774
32844775
32844776
32844777
32844778
32844779
32844780
32844781
32844782
32844783
32844784
32844785
32844786
32844787
32844788
32844789
32844790
32844791
32844792
32844793
32844794
32844795
32844796
32844797
32844798
32844799
32844800
32844801
32844802
32844803
32844804
32844805
32844806
32844807
32844808
32844809
32844810
32844811
32844812
32844813
32844814
32844815
32844816
32844817
32844818
32844819
32844820
32844821
32844822
32844823
32844824
32844825
32844826
32844827
32844828
32844829
32844830
32844831
32844832
32844833
32844834
32844835
32844836
32844837
32844838
32844839
32844840
32844841
32844842
32844843
32844844
32844845
32844846
32844847
32844848
32844849
32844850
32844851
32844852
32844853
32844854
32844855
32844856
32844857
32844858
32844859
32844860
32844861
32844862
32844863
32844864
32844865
32844866
32844867
32844868
32844869
32844870
32844871
32844872
32844873
32844874
32844875
32844876
32844877
32844878
32844879
32844880
32844881
32844882
32844883
32844884
32844885
32844886
32844887
32844888
32844889
32844890
32844891
32844892
32844893
32844894
32844895
32844896
32844897
32844898
32844899
32844900
32844901
32844902
32844903
32844904
32844905
32844906
32844907
32844908
32844909
32844910
32844911
32844912
32844913
32844914
32844915
32844916
32844917
32844918
32844919
32844920
32844921
32844922
32844923
32844924
32844925
32844926
32844927
32844928
32844929
32844930
32844931
32844932
32844933
32844934
32844935
32844936
32844937
32844938
32844939
32844940
32844941
32844942
32844943
32844944
32844945
32844946
32844947
32844948
32844949
32844950
32844951
32844952
32844953
32844954
32844955
32844956
32844957
32844958
32844959
32844960
32844961
32844962
32844963
32844964
32844965
32844966
32844967
32844968
32844969
32844970
32844971
32844972
32844973
32844974
32844975
32844976
32844977
32844978
32844979
32844980
32844981
32844982
32844983
32844984
32844985
32844986
32844987
32844988
32844989
32844990
32844991
32844992
32844993
32844994
32844995
32844996
32844997
32844998
32844999
32845000
32845001
32845002
32845003
32845004
32845005
32845006
32845007
32845008
32845009
32845010
32845011
32845012
32845013
32845014
32845015
32845016
32845017
32845018
32845019
32845020
32845021
32845022
32845023
32845024
32845025
32845026
32845027
32845028
32845029
32845030
32845031
32845032
32845033
32845034
32845035
32845036
32845037
32845038
32845039
32845040
32845041
32845042
32845043
32845044
32845045
32845046
32845047
32845048
32845049
32845050
32845051
32845052
32845053
32845054
32845055
32845056
32845057
32845058
32845059
32845060
32845061
32845062
32845063
32845064
32845065
32845066
32845067
32845068
32845069
32845070
32845071
32845072
32845073
32845074
32845075
32845076
32845077
32845078
32845079
32845080
32845081
32845082
32845083
32845084
32845085
32845086
32845087
32845088
32845089
32845090
32845091
32845092
32845093
32845094
32845095
32845096
32845097
32845098
32845099
32845100
32845101
32845102
32845103
32845104
32845105
32845106
32845107
32845108
32845109
32845110
32845111
32845112
32845113
32845114
32845115
32845116
32845117
32845118
32845119
32845120
32845121
32845122
32845123
32845124
32845125
32845126
32845127
32845128
32845129
32845130
32845131
32845132
32845133
32845134
32845135
32845136
32845137
32845138
32845139
32845140
32845141
32845142
32845143
32845144
32845145
32845146
32845147
32845148
32845149
32845150
32845151
32845152
32845153
32845154
32845155
32845156
32845157
32845158
32845159
32845160
32845161
32845162
32845163
32845164
32845165
32845166
32845167
32845168
32845169
32845170
32845171
32845172
32845173
32845174
32845175
32845176
32845177
32845178
32845179
32845180
32845181
32845182
32845183
32845184
32845185
32845186
32845187
32845188
32845189
32845190
32845191
32845192
32845193
32845194
32845195
32845196
32845197
32845198
32845199
32845200
32845201
32845202
32845203
32845204
32845205
32845206
32845207
32845208
32845209
32845210
32845211
32845212
32845213
32845214
32845215
32845216
32845217
32845218
32845219
32845220
32845221
32845222
32845223
32845224
32845225
32845226
32845227
32845228
32845229
32845230
32845231
32845232
32845233
32845234
32845235
32845236
32845237
32845238
32845239
32845240
32845241
32845242
32845243
32845244
32845245
32845246
32845247
32845248
32845249
32845250
32845251
32845252
32845253
32845254
32845255
32845256
32845257
32845258
32845259
32845260
32845261
32845262
32845263
32845264
32845265
32845266
32845267
32845268
32845269
32845270
32845271
32845272
32845273
32845274
32845275
32845276
32845277
32845278
32845279
32845280
32845281
32845282
32845283
32845284
32845285
32845286
32845287
32845288
32845289
32845290
32845291
32845292
32845293
32845294
32845295
32845296
32845297
32845298
32845299
32845300
32845301
32845302
32845303
32845304
32845305
32845306
32845307
32845308
32845309
32845310
32845311
32845312
32845313
32845314
32845315
32845316
32845317
32845318
32845319
32845320
32845321
32845322
32845323
32845324
32845325
32845326
32845327
32845328
32845329
32845330
32845331
32845332
32845333
32845334
32845335
32845336
32845337
32845338
32845339
32845340
32845341
32845342
32845343
32845344
32845345
32845346
32845347
32845348
32845349
32845350
32845351
32845352
32845353
32845354
32845355
32845356
32845357
32845358
32845359
32845360
32845361
32845362
32845363
32845364
32845365
32845366
32845367
32845368
32845369
32845370
32845371
32845372
32845373
32845374
32845375
32845376
32845377
32845378
32845379
32845380
32845381
32845382
32845383
32845384
32845385
32845386
32845387
32845388
32845389
32845390
32845391
32845392
32845393
32845394
32845395
32845396
32845397
32845398
32845399
32845400
32845401
32845402
32845403
32845404
32845405
32845406
32845407
32845408
32845409
32845410
32845411
32845412
32845413
32845414
32845415
32845416
32845417
32845418
32845419
32845420
32845421
32845422
32845423
32845424
32845425
32845426
32845427
32845428
32845429
32845430
32845431
32845432
32845433
32845434
32845435
32845436
32845437
32845438
32845439
32845440
32845441
32845442
32845443
32845444
32845445
32845446
32845447
32845448
32845449
32845450
32845451
32845452
32845453
32845454
32845455
32845456
32845457
32845458
32845459
32845460
32845461
32845462
32845463
32845464
32845465
32845466
32845467
32845468
32845469
32845470
32845471
32845472
32845473
32845474
32845475
32845476
32845477
32845478
32845479
32845480
32845481
32845482
32845483
32845484
32845485
32845486
32845487
32845488
32845489
32845490
32845491
32845492
32845493
32845494
32845495
32845496
32845497
32845498
32845499
32845500
32845501
32845502
32845503
32845504
32845505
32845506
32845507
32845508
32845509
32845510
32845511
32845512
32845513
32845514
32845515
32845516
32845517
32845518
32845519
32845520
32845521
32845522
32845523
32845524
32845525
32845526
32845527
32845528
32845529
32845530
32845531
32845532
32845533
32845534
32845535
32845536
32845537
32845538
32845539
32845540
32845541
32845542
32845543
32845544
32845545
32845546
32845547
32845548
32845549
32845550
32845551
32845552
32845553
32845554
32845555
32845556
32845557
32845558
32845559
32845560
32845561
32845562
32845563
32845564
32845565
32845566
32845567
32845568
32845569
32845570
32845571
32845572
32845573
32845574
32845575
32845576
32845577
32845578
32845579
32845580
32845581
32845582
32845583
32845584
32845585
32845586
32845587
32845588
32845589
32845590
32845591
32845592
32845593
32845594
32845595
32845596
32845597
32845598
32845599
32845600
32845601
32845602
32845603
32845604
32845605
32845606
32845607
32845608
32845609
32845610
32845611
32845612
32845613
32845614
32845615
32845616
32845617
32845618
32845619
32845620
32845621
32845622
32845623
32845624
32845625
32845626
32845627
32845628
32845629
32845630
32845631
32845632
32845633
32845634
32845635
32845636
32845637
32845638
32845639
32845640
32845641
32845642
32845643
32845644
32845645
32845646
32845647
32845648
32845649
32845650
32845651
32845652
32845653
32845654
32845655
32845656
32845657
32845658
32845659
32845660
32845661
32845662
32845663
32845664
32845665
32845666
32845667
32845668
32845669
32845670
32845671
32845672
32845673
32845674
32845675
32845676
32845677
32845678
32845679
32845680
32845681
32845682
32845683
32845684
32845685
32845686
32845687
32845688
32845689
32845690
32845691
32845692
32845693
32845694
32845695
32845696
32845697
32845698
32845699
32845700
32845701
32845702
32845703
32845704
32845705
32845706
32845707
32845708
32845709
32845710
32845711
32845712
32845713
32845714
32845715
32845716
32845717
32845718
32845719
32845720
32845721
32845722
32845723
32845724
32845725
32845726
32845727
32845728
32845729
32845730
32845731
32845732
32845733
32845734
32845735
32845736
32845737
32845738
32845739
32845740
32845741
32845742
32845743
32845744
32845745
32845746
32845747
32845748
32845749
32845750
32845751
32845752
32845753
32845754
32845755
32845756
32845757
32845758
32845759
32845760
32845761
32845762
32845763
32845764
32845765
32845766
32845767
32845768
32845769
32845770
32845771
32845772
32845773
32845774
32845775
32845776
32845777
32845778
32845779
32845780
32845781
32845782
32845783
32845784
32845785
32845786
32845787
32845788
32845789
32845790
32845791
32845792
32845793
32845794
32845795
32845796
32845797
32845798
32845799
32845800
32845801
32845802
32845803
32845804
32845805
32845806
32845807
32845808
32845809
32845810
32845811
32845812
32845813
32845814
32845815
32845816
32845817
32845818
32845819
32845820
32845821
32845822
32845823
32845824
32845825
32845826
32845827
32845828
32845829
32845830
32845831
32845832
32845833
32845834
32845835
32845836
32845837
32845838
32845839
32845840
32845841
32845842
32845843
32845844
32845845
32845846
32845847
32845848
32845849
32845850
32845851
32845852
32845853
32845854
32845855
32845856
32845857
32845858
32845859
32845860
32845861
32845862
32845863
32847522
32847523
32847524
32847525
32847526
32847527
32847528
32847529
32847530
32847531
32847532
32847533
32847534
32847535
32847536
32847537
32847538
32847539
32847540
32847541
32847542
32847543
32847544
32847545
32847546
32847547
32847548
32847549
32847550
32847551
32847552
32847553
32847554
32847555
32847556
32847557
32847558
32847559
32847560
32847561
32847562
32847563
32847564
32847565
32847566
32847567
32847568
32847569
32847570
32847571
32847572
32847573
32847574
32847575
32847576
32847577
32847578
32847579
32847580
32847581
32847582
32847583
32847584
32847585
32847586
32847587
32847588
32847589
32847590
32847591
32847592
32847593
32847594
32847595
32847596
32847597
32847598
32847599
32847600
32847601
32847602
32847603
32847604
32847605
32847606
32847607
32847608
32847609
32847610
32847611
32847612
32847613
32847614
32847615
32847616
32847617
32847618
32847619
32847620
32847621
32847622
32847623
32847624
32847625
32847626
32847627
32847628
32847629
32847630
32847631
32847632
32847633
32847634
32847635
32847636
32847637
32847638
32847639
32851410
32851411
32851412
32851413
32851414
32851415
32851416
32851417
32851418
32851419
32851420
32851421
32851422
32851423
32851424
32851425
32851426
32851427
32851428
32851429
32851430
32851431
32851432
32851433
32851434
32851435
32851436
32851437
32851438
32851439
32851440
32851441
32851442
32851443
32851444
32851445
32851446
32851447
32851448
32851449
32851450
32851451
32851452
32851453
32851454
32851455
32851456
32851457
32851458
32851459
32851460
32851461
32851462
32851463
32851464
32851465
32851466
32851467
32851468
32851469
32851470
32851471
32851472
32851473
32851474
32851475
32851476
32851477
32851478
32851479
32851480
32851481
32851482
32851483
32851484
32851485
32851486
32851487
32851488
32851489
32851490
32851491
32851492
32851493
32851494
32851495
32851496
32851497
32851498
32851499
32851500
32851501
32851502
32851503
32851504
32851505
32851506
32851507
32851508
32851509
32851510
32851511
32851512
32851513
32851514
32851515
32851516
32851517
32851518
32851519
32851520
32851521
32851522
32851523
32851524
32873373
32873374
32873375
32873376
32873377
32873378
32873379
32873380
32873381
32873382
32873383
32873384
32873385
32873386
32873387
32873388
32873389
32873390
32873391
32873392
32873393
32873394
32873395
32873396
32873397
32873398
32873399
32873400
32873401
32873402
32873403
32873404
32873405
32873406
32873407
32873408
32873409
32873410
32873411
32873412
32873413
32873414
32873415
32873416
32873417
32873418
32873419
32873420
32873421
32873422
32873423
32873424
32873425
32873426
32873427
32873428
32873429
32873430
32873431
32873432
32873433
32873434
32873435
32873436
32873437
32873438
32873439
32873440
32873441
32873442
32873443
32873444
32873445
32873446
32873447
32873448
32873449
32873450
32873451
32873452
32873453
32873454
32873455
32873456
32873457
32873458
32873459
32873460
32873461
32873462
32873463
32873464
32873465
32873466
32873467
32873468
32873469
32873470
32873471
32873472
32873473
32873474
32873475
32873476
32873477
32873478
32873479
32873480
32873481
32873482
32873483
32873484
32873485
32873486
32873487
32873488
32873489
32873490
32873491
32873492
32873493
32873494
32873495
32873496
32873497
32873498
32873499
32873500
32873501
32873502
32873503
32873504
32873505
32873506
32873507
32873623
32873624
32873625
32873626
32873627
32873628
32873629
32873630
32873631
32873632
32873633
32873634
32873635
32873636
32873637
32873638
32873639
32873640
32873641
32873642
32873643
32873644
32873645
32873646
32873647
32873648
32873649
32873650
32873651
32873652
32873653
32873654
32873655
32873656
32873657
32873658
32873659
32873660
32873661
32873662
32873663
32873664
32873665
32873666
32873667
32873668
32873669
32873670
32873671
32873672
32873673
32873674
32873675
32873676
32873677
32873678
32873679
32873680
32873681
32873682
32873683
32873684
32873685
32873686
32873687
32873688
32873689
32873690
32873691
32873692
32873693
32873694
32873695
32873696
32873697
32873698
32873699
32873700
32873701
32873702
32873703
32873704
32873705
32873706
32873707
32873708
32873709
32873710
32873711
32873712
32873713
32873714
32873715
32873716
32873717
32873718
32873719
32873720
32873721
32873722
32873723
32873724
32873725
32873726
32873727
32873728
32873729
32873730
32873731
32873732
32873733
32873734
32873735
32873736
32873737
32873738
32873739
32873740
32873741
32873742
32873743
32873744
32873745
32873746
32873747
32873748
32873749
32873750
32873751
32873752
32873753
32873754
32873755
32873756
32873757
32873758
32873759
32873760
32873761
32873762
32873763
32873764
32873765
32873766
32873767
32873768
32873769
32873770
32873771
32873772
32873773
32873774
32873775
32873776
32873777
32873778
32873779
32873780
32873781
32873782
32873783
32873784
32873785
32873786
32873787
32873788
32873789
32873790
32873791
32873792
32873793
32873794
32873795
32873796
32873797
32873798
32873799
32873800
32873801
32873802
32873803
32873804
32873805
32873806
32873807
32873808
32873809
32873810
32873811
32873812
32873813
32873814
32873815
32873816
32873817
32873818
32873819
32873820
32873821
32873822
32873823
32873824
32873825
32873826
32873827
32873828
32873829
32873830
32873831
32873832
32873833
32873834
32873835
32873836
32873837
32873838
32873839
32873840
32873841
32873842
32873843
32873844
32873845
32873846
32873847
32873848
32873849
32873850
32873851
32873852
32873853
32873854
32873855
32873856
32873857
32873858
32873859
32873860
32873861
32873862
32873863
32873864
32873865
32873866
32873867
32873868
32873869
32873870
32873871
32873872
32873873
32873874
32873875
32873876
32873877
32873878
32873879
32873880
32873881
32873882
32873883
32873884
32873885
32873886
32873887
32873888
32873889
32873890
32873891
32873892
32873893
32873894
32873895
32873896
32873897
32873898
32873899
32873900
32873901
32873902
32873903
32873904
32873905
32873906
32873907
32873908
32873909
32873910
32873911
32873912
32873913
32873914
32873915
32873916
32873917
32873918
32873919
32873920
32873921
32873922
32873923
32873924
32873925
32873926
32873927
32873928
32873929
32873930
32873931
32873932
32873933
32873934
32873935
32873936
32873937
32873938
32873939
32873940
32873941
32873942
32873943
32873944
32873945
32873946
32873947
32873948
32873949
32873950
32873951
32873952
32873953
32873954
32873955
32873956
32873957
32873958
32873959
32873960
32873961
32873962
32873963
32873964
32873965
32873966
32873967
32873968
32873969
32873970
32873971
32873972
32873973
32873974
32873975
32873976
32873977
32873978
32873979
32873980
32873981
32873982
32873983
32873984
32873985
32873986
32899160
32899161
32899162
32899163
32899164
32899165
32899166
32899167
32899168
32899169
32899170
32899171
32899172
32899173
32899174
32899175
32899176
32899177
32899178
32899179
32899180
32899181
32899182
32899183
32899184
32899185
32899186
32899187
32899188
32899189
32899190
32899191
32899192
32899193
32899194
32899195
32899196
32899197
32899198
32899199
32899200
32899201
32899202
32899203
32899204
32899205
32899206
32899207
32899208
32899209
32899210
32899211
32899212
32899213
32899214
32899215
32899216
32899217
32899218
32899219
32899220
32899221
32899222
32899223
32899224
32899225
32899226
32899227
32899228
32899229
32899230
32899231
32899232
32899233
32899234
32899235
32899236
32899237
32899238
32899239
32899240
32899241
32899242
32899243
32899244
32899245
32899246
32899247
32899248
32899249
32899250
32899251
32899252
32899253
32899254
32899255
32899256
32899257
32899258
32899259
32899260
32899261
32899262
32902145
32902146
32902147
32902148
32902149
32902150
32902151
32902152
32902153
32902154
32902155
32902156
32902157
32902158
32902159
32902160
32902161
32902162
32902163
32902164
32902165
32902166
32902167
32902168
32902169
32902170
32902171
32902172
32902173
32902174
32902175
32902176
32902177
32902178
32902179
32902180
32902181
32902182
32902183
32902184
32902185
32902186
32902187
32902188
32902189
32902190
32902191
32902192
32902193
32902194
32902195
32902196
32902197
32902198
32902199
32902200
32902201
32902202
32902203
32902204
32902205
32902206
32902207
32902208
32902209
32902210
32902211
32902212
32902213
32902214
32902215
32902216
32902217
32902218
32902219
32902220
32902221
32902222
32902223
32902224
32902225
32902226
32902227
32902228
32902229
32902230
32902231
32902232
32902233
32902234
32902235
32902236
32902237
32902238
32902239
32902240
32902241
32902242
32902243
32902244
32902245
32902246
32902247
32902248
32902249
32902250
32902251
32902252
32902253
32902254
32902255
32902256
32902257
32902258
32902259
32902260
32902261
32902262
32902263
32902264
32902265
32902266
32902267
32902268
32902269
32902270
32902271
32902272
32902273
32902274
32902275
32902276
32902277
32902278
32923622
32923623
32923624
32923625
32923626
32923627
32923628
32923629
32923630
32923631
32923632
32923633
32923634
32923635
32923636
32923637
32923638
32923639
32923640
32923641
32923642
32923643
32923644
32923645
32923646
32923647
32923648
32923649
32923650
32923651
32923652
32923653
32923654
32923655
32923656
32923657
32923658
32923659
32923660
32923661
32923662
32923663
32923664
32923665
32923666
32923667
32923668
32923669
32923670
32923671
32923672
32923673
32923674
32923675
32923676
32923677
32923678
32923679
32923680
32923681
32923682
32923683
32923684
32923685
32923686
32923687
32923688
32923689
32923690
32923691
32923692
32923693
32923694
32923695
32923696
32923697
32923698
32923699
32923700
32923701
32923702
32923703
32923704
32923705
32923706
32923707
32923708
32923709
32923710
32923711
32923712
32927352
32927353
32927354
32927355
32927356
32927357
32927358
32927359
32927360
32927361
32927362
32927363
32927364
32927365
32927366
32927367
32927368
32927369
32927370
32927371
32927372
32927373
32927374
32927375
32927376
32927377
32927378
32927379
32927380
32927381
32927382
32927383
32927384
32927385
32927386
32927387
32927388
32927389
32927390
32927391
32927392
32927393
32927394
32927395
32927396
32927397
32927398
32927399
32927400
32927401
32927402
32927403
32927404
32927405
32927406
32927407
32927408
32927409
32927410
32927411
32927412
32927413
32927414
32927415
32927416
32927417
32927418
32927419
32927420
32927421
32927422
32927423
32927424
32927425
32927426
32927427
32927428
32927429
32927430
32927431
32927432
32927433
32927434
32927435
32927436
32927437
32927438
32927439
32927440
32927441
32927442
32927443
32927444
32927445
32927446
32927447
32927448
32927449
32927450
32927451
32927452
32927453
32927454
32927455
32927456
32927457
32927458
32927459
32927460
32927461
32927462
32927463
32927464
32927465
32927466
32927467
32927468
32927469
32927470
32927471
32927472
32927473
32928100
32928101
32928102
32928103
32928104
32928105
32928106
32928107
32928108
32928109
32928110
32928111
32928112
32928113
32928114
32928115
32928116
32928117
32928118
32928119
32928120
32928121
32928122
32928123
32928124
32928125
32928126
32928127
32928128
32928129
32928130
32928131
32928132
32928133
32928134
32928135
32928136
32928137
32928138
32928139
32928140
32928141
32928142
32928143
32928144
32928145
32928146
32928147
32928148
32928149
32928150
32928151
32928152
32928153
32928154
32928155
32928156
32928157
32928158
32928159
32928160
32928161
32928162
32928163
32928164
32928165
32928166
32928167
32928168
32928169
32928170
32928171
32928172
32928173
32928174
32928175
32928176
32928177
32928178
32928179
32928180
32928181
32928182
32928183
32928184
32928185
32928186
32928187
32928188
32928189
32928190
32928191
32928192
32928193
32928194
32928195
32928196
32928197
32928198
32928199
32928200
32928201
32928202
32928203
32928204
32928205
32928206
32928207
32928208
32928209
32928210
32928211
32928212
32928213
32928214
32928215
32928216
32928217
32928218
32928219
32928220
32928221
32928222
32928223
32928224
32928225
32928226
32928227
32928228
32928229
32928230
32928231
32928232
32928233
32928234
32928235
32928236
32928237
32928238
32928239
32928240
32928241
32928242
32928243
32928244
32928245
32930018
32930019
32930020
32930021
32930022
32930023
32930024
32930025
32930026
32930027
32930028
32930029
32930030
32930031
32930032
32930033
32930034
32930035
32930036
32930037
32930038
32930039
32930040
32930041
32930042
32930043
32930044
32930045
32930046
32930047
32930048
32930049
32930050
32930051
32930052
32930053
32930054
32930055
32930056
32930057
32930058
32930059
32930060
32930061
32930062
32930063
32930064
32930065
32930066
32930067
32930068
32930069
32930070
32930071
32930072
32930073
32930074
32930075
32930076
32930077
32930078
32930079
32930080
32930081
32930082
32930083
32930084
32930085
32930086
32930087
32930088
32930089
32930090
32930091
32930092
32930093
32930094
32930095
32930096
32930097
32930098
32930099
32930100
32930101
32930102
32930103
32930104
32930105
32930106
32930107
32930108
32930109
32930110
32930111
32930112
32930113
32930114
32930115
32930116
32930117
32930118
32930119
32930120
32930121
32930122
32930123
32930124
32930125
32930126
32930127
32930128
32930129
32930130
32930131
32930132
32930133
32930134
32930135
32930136
32930137
32930138
32930139
32930140
32930141
32930682
32930683
32930684
32930685
32930686
32930687
32930688
32930689
32930690
32930691
32930692
32930693
32930694
32930695
32930696
32930697
32930698
32930699
32930700
32930701
32930702
32930703
32930704
32930705
32930706
32930707
32930708
32930709
32930710
32930711
32930712
32930713
32930714
32930715
32930716
32930717
32930718
32930719
32930720
32930721
32930722
32930723
32930724
32930725
32930726
32930727
32930728
32930729
32930730
32930731
32930732
32930733
32930734
32930735
32930736
32930737
32930738
32930739
32930740
32930741
32930742
32930743
32930744
32930745
32930746
32930747
32930748
32930749
32930750
32930751
32930752
32930753
32930754
32930755
32930756
32930757
32930758
32930759
32930760
32930761
32930762
32930763
32930764
32930765
32930766
32930767
32930768
32930769
32930770
32930771
32930772
32930773
32930774
32930775
32930776
32930777
32930778
32930779
32930780
32930781
32930782
32930783
32930784
32930785
32930786
32930787
32930788
32930789
32930790
32930791
32930792
32930793
32930794
32930795
32930796
32930797
32930798
32930799
32930800
32930801
32930802
32930803
32930804
32930805
32930806
32930807
32930808
32930809
32930810
32930811
32930812
32930813
32930814
32930815
32930816
32944051
32944052
32944053
32944054
32944055
32944056
32944057
32944058
32944059
32944060
32944061
32944062
32944063
32944064
32944065
32944066
32944067
32944068
32944069
32944070
32944071
32944072
32944073
32944074
32944075
32944076
32944077
32944078
32944079
32944080
32944081
32944082
32944083
32944084
32944085
32944086
32944087
32944088
32944089
32944090
32944091
32944092
32944093
32944094
32944095
32944096
32944097
32944098
32944099
32944100
32944101
32944102
32944103
32944104
32944105
32944106
32944107
32944108
32944109
32944110
32944111
32944112
32944113
32944114
32944115
32944116
32944117
32944118
32944119
32944120
32944121
32944122
32944123
32944124
32944125
32944126
32944127
32944128
32944129
32944130
32944131
32944132
32944133
32944134
32944135
32944136
32944137
32944138
32944139
32944140
32944141
32944142
32944143
32944144
32944145
32944146
32944147
32944148
32944149
32944150
32944151
32944152
32944153
32944154
32944155
32944156
32944157
32944158
32944159
32944160
32944161
32944162
32944163
32944164
32944165
32944166
32944167
32944168
32944169
32944170
32944171
32944172
32944173
32944174
32944175
32944176
32944177
32944178
32944179
32944180
32944181
32944182
32945845
32945846
32945847
32945848
32945849
32945850
32945851
32945852
32945853
32945854
32945855
32945856
32945857
32945858
32945859
32945860
32945861
32945862
32945863
32945864
32945865
32945866
32945867
32945868
32945869
32945870
32945871
32945872
32945873
32945874
32945875
32945876
32945877
32945878
32945879
32945880
32945881
32945882
32945883
32945884
32945885
32945886
32945887
32945888
32945889
32945890
32945891
32945892
32945893
32945894
32945895
32945896
32945897
32945898
32945899
32945900
32945901
32945902
32945903
32945904
32945905
32945906
32945907
32945908
32945909
32945910
32945911
32945912
32945913
32945914
32945915
32945916
32945917
32945918
32945919
32945920
32945921
32945922
32945923
32945924
32945925
32945926
32945927
32945928
32945929
32945930
32945931
32945932
32945933
32945934
32945935
32945936
32945937
32945938
32945939
32945940
32945941
32945942
32945943
32945944
32945945
32945946
32949006
32949007
32949008
32949009
32949010
32949011
32949012
32949013
32949014
32949015
32949016
32949017
32949018
32949019
32949020
32949021
32949022
32949023
32949024
32949025
32949026
32949027
32949028
32949029
32949030
32949031
32949032
32949033
32949034
32949035
32949036
32949037
32949038
32949039
32949040
32949041
32949042
32949043
32949044
32949045
32949046
32949047
32949048
32949049
32949050
32949051
32949052
32949053
32949054
32949055
32949056
32949057
32949058
32949059
32949060
32949061
32949062
32949063
32949064
32949065
32949066
32949067
32949068
32949069
32949070
32949071
32949072
32949073
32949074
32949075
32949076
32949077
32949078
32949079
32949257
32949258
32949259
32949260
32949261
32949262
32949263
32949264
32949265
32949266
32949267
32949268
32949269
32949270
32949271
32949272
32949273
32949274
32949275
32949276
32949277
32949278
32949279
32949280
32949281
32949282
32949283
32949284
32949285
32949286
32949287
32949288
32949289
32949290
32949291
32949292
32949293
32949294
32949295
32949296
32949297
32949298
32949299
32949300
32949301
32949302
32949303
32949304
32949305
32949306
32949307
32949308
32949309
32949310
32949311
32949312
32949313
32949314
32949315
32949316
32949317
32949318
32949319
32949320
32949321
32949322
32949323
32949324
32949325
32949326
32949327
32949328
32949329
32949330
32949331
32949332
32949333
32949334
32949335
32949336
32949337
32949338
32949339
32949340
32949341
32949342
32949343
32949344
32949345
32949346
32949347
32949348
32949349
32949350
32949351
32949352
32949353
32949354
32949355
32949356
32949357
32949358
32949359
32949360
32949361
32949362
32949363
32949364
32949365
32949366
32949367
32949368
32949369
32949370
32949371
32949372
32949373
32949374
32949375
32949376
32949377
32949378
32949379
32949380
32949381
32949382
32949383
32949384
32949385
32949386
32949387
32949388
32949389
32949390
32949391
32949392
32949393
32949394
32949395
32949396
32949397
32949398
32949399
32949400
32949401
32949402
32949403
32949404
32949405
32949406
32949407
32949408
32949409
32949410
32949411
32949412
32949413
32949414
32949415
32954272
32954273
32954274
32954275
32954276
32954277
32954278
32954279
32954280
32954281
32954282
32954283
32954284
32954285
32954286
32954287
32954288
32954289
32954290
32954291
32954292
32954293
32954294
32954295
32954296
32954297
32954298
32954299
32954300
32954301
32954302
32954303
32954304
32954305
32954306
32954307
32954308
32954309
32954310
32954311
32954312
32954313
32954314
32954315
32954316
32954317
32954318
32954319
32954320
32954321
32954322
32954323
32954324
32954325
32954326
32954327
32954328
32954329
32954330
32954331
32954332
32954333
32954334
32954335
32954336
32954337
32954338
32954339
32954340
32954341
32954342
32954343
32954344
32954345
32954346
32954347
32954348
32954349
32954350
32954351
32954352
32954353
32954354
32954355
32954356
32954357
32954358
32954359
32954360
32954361
32954362
32954363
32954364
32954365
32954366
32954367
32954368
32954369
32954370
32954371
32954372
32954373
32954374
32954375
32954376
32954377
32954378
32954379
32954380
32954381
32954382
32954383
32954384
32954385
32954386
32954387
32954388
32954389
32954390
32954391
32954392
32954393
32954394
32954775
32954776
32954777
32954778
32954779
32954780
32954781
32954782
32954783
32954784
32954785
32954786
32954787
32954788
32954789
32954790
32954791
32954792
32954793
32954794
32954795
32954796
32954797
32954798
32954799
32954800
32954801
32954802
32954803
32954804
32954805
32954806
32954807
32954808
32954809
32954810
32954811
32954812
32954813
32954814
32954815
32954816
32954817
32954818
32954819
32954820
32954821
32954822
32954823
32954824
32954825
32954826
32954827
32954828
32954829
32954830
32954831
32954832
32954833
32954834
32954835
32954836
32954837
32954838
32954839
32954840
32954841
32954842
32954843
32954844
32954845
32954846
32954847
32954848
32954849
32954850
32954851
32954852
32954853
32954854
32954855
32954856
32954857
32954858
32954859
32954860
32954861
32954862
32954863
32954864
32954865
32954866
32954867
32954868
32954869
32954870
32954871
32954872
32954873
32954874
32954875
32954876
32954877
32954878
32954879
32954880
32954881
32954882
32954883
32954884
32954885
32954886
32955634
32955635
32955636
32955637
32955638
32955639
32955640
32955641
32955642
32955643
32955644
32955645
32955646
32955647
32955648
32955649
32955650
32955651
32955652
32955653
32955654
32955655
32955656
32955657
32955658
32955659
32955660
32955661
32955662
32955663
32955664
32955665
32955666
32955667
32955668
32955669
32955670
32955671
32955672
32955673
32955674
32955675
32955676
32955677
32955678
32955679
32955680
32955681
32955682
32955683
32955684
32955685
32955686
32955687
32955688
32955689
32955690
32959637
32959638
32959639
32959640
32959641
32959642
32959643
32959644
32959645
32959646
32959647
32959648
32959649
32959650
32959651
32959652
32959653
32959654
32959655
32959656
32959657
32959658
32959659
32959660
32959661
32959662
32959663
32959664
32959665
32959666
32959667
32959668
32959669
32959670
32959671
32959672
32959673
32959674
32959675
32959676
32959677
32959678
32959679
32959680
32959681
32959682
32959683
32959684
32959685
32959686
32959687
32959688
32959689
32959690
32959691
32959692
32959693
32959694
32959695
32959696
32959697
32959698
32959699
32959700
32959701
32959702
32959703
32959704
32959705
32959706
32959707
32959708
32959709
32959710
32959711
32959712
32959713
32959714
32959715
32959716
32959717
32959718
32959719
32968428
32968429
32968430
32968431
32968432
32968433
32968434
32968435
32968436
32968437
32968438
32968439
32968440
32968441
32968442
32968443
32968444
32968445
32968446
32968447
32968448
32968449
32968450
32968451
32968452
32968453
32968454
32968455
32968456
32968457
32968458
32968459
32968460
32968461
32968462
32968463
32968464
32968465
32968466
32968467
32968468
32968469
32968470
32968471
32968472
32968473
32968474
32968475
32968476
32968477
32968478
32968479
32968480
32968481
32968482
32968483
32968484
32968485
32968486
32968487
32968488
32968489
32968490
32968491
32968492
32968493
32968494
32968495
32968496
32968497
32968498
32968499
32968500
32968501
32968502
32968503
32968504
32968505
32968506
32968507
32968508
32968509
32968510
32968511
32968512
32968513
32968514
32968515
32968516
32968517
32968518
32968519
32968520
32968521
32968522
32968523
32968524
32968525
32968526
32968527
32968528
32968529
32968530
32968531
32968532
32968533
32968534
32968535
32968536
32968537
32968538
32968539
32968540
32968541
32968542
32968543
32968544
32968545
32968546
32968547
32968548
32968549
32968550
32968551
32968552
32968553
32968554
32968555
32968556
32968557
32968558
32968559
32968560
32971305
32971306
32971307
32971308
32971309
32971310
32971311
32971312
32971313
32971314
32971315
32971316
32971317
32971318
32971319
32971320
32971321
32971322
32971323
32971324
32971325
32971326
32971327
32971328
32971329
32971330
32971331
32971332
32971333
32971334
32971335
32971336
32971337
32971338
32971339
32971340
32971341
32971342
32971343
32971344
32971345
32971346
32971347
32971348
32971349
32971350
32971351
32971352
32971353
32971354
32971355
32971356
32971357
32971358
32971359
32971360
32971361
32971362
32971363
32971364
32971365
32971366
32971367
32971368
32971369
32971370
32971371
32971372
32971373
32971374
32971375
32971376
32971377
32971378
32971379
32971380
32971381
32971382
32971383
32971384
32971385
32971386
32971387
32971388
32971389
32971390
32971391
32971392
32971393
32971394
32971395
32971396
32971397
32971398
32971399
32971400
32971401
32971402
32971403
32971404
32971405
32971406
32971407
32971408
32971409
32971410
32971411
32971412
32971413
32971414
32971415
32971416
32971417
32971418
32971419
32971420
32971421
32971422
32971423
32971424
32971425
32971426
32971427
32971428
32971429
32971430
32971431
32971432
32971433
32971434
32971435
32971436
32971437
32971438
32971439
32971440
32971441
32971442
32971443
32971444
32971445
32971446
32971447
32971448
32971449
32971450
32971451
32971452
32971453
32971454
32971455
32971456
32971457
32971458
32971459
32971460
32971461
32971462
32971463
32972985
32972986
32972987
32972988
32972989
32972990
32972991
32972992
32972993
32972994
32972995
32972996
32972997
32972998
32972999
32973000
32973001
32973002
32973003
32973004
32973005
32973006
32973007
32973008
32973009
32973010
32973011
32973012
32973013
32973014
32973015
32973016
32973017
32973018
32973019
32973020
32973021
32973022
32973023
32973024
32973025
32973026
32973027
32973028
32973029
32973030
32973031
32973032
32973033
32973034
32973035
32973036
32973037
32973038
32973039
32973040
32973041
32973042
32973043
32973044
32973045
32973046
32973047
32973048
32973049
32973050
32973051
32973052
32973053
32973054
32973055
32973056
32973057
32973058
32973059
32973060
32973061
32973062
32973063
32973064
32973065
32973066
32973067
32973068
32973069
32973070
32973071
32973072
32973073
32973074
32973075
32973076
32973077
32973078
32973079
32973080
32973081
32973082
32973083
32973084
32973085
32973086
32973087
32973088
32973089
32973090
32973091
32973092
32973093
32973094
32973095
32973096
32973097
32973098
32973099
32973100
32973101
32973102
32973103
32973104
32973105
32973106
32973107
32973108
32973109
32973110
32973111
32973112
32973113
32973114
32973115
32973116
32973117
32973118
32973119
32973120
32973121
32973122
32973123
32973124
32973125
32973126
32973127
32973128
32973129
32973130
32973131
32973132
32973133
32973134
32973135
32973136
32973137
32973138
32973139
32973140
32973141
32973142
32973143
