3178791
3178792
3178793
3178794
3178795
3178796
3178797
3178798
3178799
3178800
3178801
3178802
3178803
3178804
3178805
3178806
3178807
3178808
3178809
3178810
3178811
3178812
3178813
3178814
3178815
3178816
3178817
3178818
3178819
3178820
3178821
3178822
3178823
3178824
3178825
3178826
3178827
3178828
3178829
3178830
3178831
3178832
3178833
3178834
3178835
3178836
3178837
3178838
3178839
3178840
3178841
3178842
3178843
3178844
3178845
3178846
3178847
3178848
3178849
3178850
3178851
3178852
3178853
3178854
3178855
3178856
3178857
3178858
3178859
3178860
3178861
3178862
3178863
3178864
3178865
3178866
3178867
3178868
3178869
3178870
3178871
3178872
3178873
3178874
3178875
3178876
3178877
3178878
3178879
3178880
3178881
3178882
3178883
3178884
3178885
3178886
3178887
3178888
3178889
3178890
3178891
3178892
3178893
3178894
3178895
3178896
3178897
3178898
3178899
3178900
3178901
3178902
3178903
3178904
3178905
3178906
3178907
3178908
3178909
3178910
3178911
3178912
3178913
3178914
3178915
3178916
3178917
3178918
3178919
3178920
3178921
3178922
3178923
3178924
3178925
3178926
3178927
3178928
3178929
3178930
3178931
3178932
3178933
3178934
3178935
3178936
3178937
3178938
3178939
3178940
3178941
3178942
3178943
3178944
3178945
3178946
3178947
3178948
3178949
3178950
3178951
3178952
3178953
3178954
3178955
3178956
3178957
3178958
3178959
3178960
3178961
3178962
3178963
3178964
3178965
3178966
3178967
3178968
3178969
3178970
3178971
3178972
3178973
3178974
3178975
3178976
3178977
3178978
3178979
3178980
3178981
3178982
3178983
3178984
3178985
3178986
3178987
3178988
3178989
3178990
3178991
3178992
3178993
3178994
3178995
3178996
3178997
3178998
3178999
3179000
3179001
3179002
3179003
3179004
3179005
3179006
3179007
3179008
3179009
3179010
3179011
3179012
3179013
3179014
3179015
3179016
3179017
3179018
3179019
3179020
3179021
3179022
3179023
3179024
3179025
3179026
3179027
3179028
3179029
3179030
3179031
3179032
3179033
3179034
3179035
3179036
3179037
3179038
3179039
3179040
3179041
3179042
3179043
3179044
3179045
3179046
3179047
3179048
3179049
3179050
3179051
3179052
3179053
3179054
3179055
3179056
3179057
3179058
3179059
3179060
3179061
3179062
3179063
3179064
3179065
3179066
3179067
3179068
3179069
3179070
3179071
3179072
3179073
3179074
3179075
3179076
3179077
3179078
3179079
3179080
3179081
3179082
3179083
3179084
3179085
3179086
3179087
3179088
3179089
3179090
3179091
3179092
3179093
3179094
3179095
3179096
3179097
3179098
3179099
3179100
3179101
3179102
3179103
3179104
3179105
3179106
3179107
3179108
3179109
3179110
3179111
3179112
3179113
3179114
3179115
3179116
3179117
3179118
3179119
3179120
3179121
3179122
3179123
3179124
3179125
3179126
3179127
3179128
3179129
3179130
3179131
3179132
3179133
3179134
3179135
3179136
3179137
3179138
3179139
3179140
3179141
3179142
3179143
3179144
3179145
3179146
3179147
3179148
3179149
3179150
3179151
3179152
3179153
3179154
3179155
3179156
3179157
3179158
3179159
3179160
3179161
3179162
3179163
3179164
3179165
3179166
3179167
3179168
3179169
3179170
3179171
3179172
3179173
3179174
3179175
3179176
3179177
3179178
3179179
3179180
3179181
3179182
3179183
3179184
3179185
3179186
3179187
3179188
3179189
3179190
3179191
3179192
3179193
3179194
3179195
3179196
3179197
3179198
3179199
3179200
3179201
3179202
3179203
3179204
3179205
3179206
3179207
3179208
3179209
3179210
3179211
3179212
3179213
3179214
3179215
3179216
3179217
3179218
3179219
3179220
3179221
3179222
3179223
3179224
3179225
3179226
3179227
3179228
3179229
3179230
3179231
3179232
3179233
3179234
3179235
3179236
3179237
3179238
3179239
3179240
3179241
3179242
3179243
3179244
3179245
3179246
3179247
3179248
3179249
3179250
3179251
3179252
3179253
3179254
3179255
3179256
3179257
3179258
3179259
3179260
3179261
3179262
3179263
3179264
3179265
3179266
3179267
3179268
3179269
3179270
3179271
3179272
3179273
3179274
3179275
3179276
3179277
3179278
3179279
3179280
3179281
3179282
3179283
3179284
3179285
3179286
3179287
3179288
3179289
3179290
3179291
3179292
3179293
3179294
3179295
3179296
3179297
3179298
3179299
3179300
3179301
3179302
3179303
3179304
3179305
3179306
3179307
3179308
3179309
3179310
3179311
3179312
3179313
3179314
3179315
3179316
3179317
3179318
3179319
3179320
3179321
3179322
3179323
3179324
3179325
3179326
3179327
3179328
3179329
3179330
3179331
3179332
3179333
3179334
3179335
3179336
3179337
3179338
3179339
3179340
3179341
3179342
3179343
3179344
3179345
3179346
3179347
3179348
3179349
3179350
3179351
3179352
3179353
3179354
3179355
3179356
3179357
3179358
3179359
3179360
3179361
3179362
3179363
3179364
3179365
3179366
3179367
3179368
3179369
3179370
3179371
3179372
3179373
3179374
3179375
3179376
3179377
3179378
3179379
3179380
3179381
3179382
3179383
3179384
3179385
3179386
3179387
3179388
3179389
3179390
3179391
3179392
3179393
3179394
3179395
3179396
3179397
3179398
3179399
3179400
3179401
3179402
3179403
3179404
3179405
3179406
3179407
3179408
3179409
3179410
3179411
3179412
3179413
3179414
3179415
3179416
3179417
3179418
3179419
3179420
3179421
3179422
3179423
3179424
3179425
3179426
3179427
3179428
3179429
3179430
3179431
3179432
3179433
3179434
3179435
3179436
3179437
3179438
3179439
3179440
3179441
3179442
3179443
3179444
3179445
3179446
3179447
3179448
3179449
3179450
3179451
3179452
3179453
3179454
3179455
3179456
3179457
3179458
3179459
3179460
3179461
3179462
3179463
3179464
3179465
3179466
3179467
3179468
3179469
3179470
3179471
3179472
3179473
3179474
3179475
3179476
3179477
3179478
3179479
3179480
3179481
3179482
3179483
3179484
3179485
3179486
3179487
3179488
3179489
3179490
3179491
3179492
3179493
3179494
3179495
3179496
3179497
3179498
3179499
3179500
3179501
3179502
3179503
3179504
3179505
3179506
3179507
3179508
3179509
3179510
3179511
3179512
3179513
3179514
3179515
3179516
3179517
3179518
3179519
3179520
3179521
3179522
3179523
3179524
3179525
3179526
3179527
3179528
3179529
3179530
3179531
3179532
3179533
3179534
3179535
3179536
3179537
3179538
3179539
3179540
3179541
3179542
3179543
3179544
3179545
3179546
3179547
3179548
3179549
3179550
3179551
3179552
3179553
3179554
3179555
3179556
3179557
3179558
3179559
3179560
3179561
3179562
3179563
3179564
3179565
3179566
3179567
3179568
3179569
3179570
3179571
3179572
3179573
3179574
3179575
3179576
3179577
3179578
3179579
3179580
3179581
3179582
3179583
3179584
3179585
3179586
3179587
3179588
3179589
3179590
3179591
3179592
3179593
3179594
3179595
3179596
3179597
3179598
3179599
3179600
3179601
3179602
3179603
3179604
3179605
3179606
3179607
3179608
3179609
3179610
3179611
3179612
3179613
3179614
3179615
3179616
3179617
3179618
3179619
3179620
3179621
3179622
3179623
3179624
3179625
3179626
3179627
3179628
3179629
3179630
3179631
3179632
3179633
3179634
3179635
3179636
3179637
3179638
3179639
3179640
3179641
3179642
3179643
3179644
3179645
3179646
3179647
3179648
3179649
3179650
3179651
3179652
3179653
3179654
3179655
3179656
3179657
3179658
3179659
3179660
3179661
3179662
3179663
3179664
3179665
3179666
3179667
3179668
3179669
3179670
3179671
3179672
3179673
3179674
3179675
3179676
3179677
3179678
3179679
3179680
3179681
3179682
3179683
3179684
3179685
3179686
3179687
3179688
3179689
3179690
3179691
3179692
3179693
3179694
3179695
3179696
3179697
3179698
3179699
3179700
3179701
3179702
3179703
3179704
3179705
3179706
3179707
3179708
3179709
3179710
3179711
3179712
3179713
3179714
3179715
3179716
3179717
3179718
3179719
3179720
3179721
3179722
3179723
3179724
3179725
3179726
3179727
3179728
3179729
3179730
3179731
3179732
3179733
3179734
3179735
3179736
3179737
3179738
3179739
3179740
3179741
3179742
3179743
3179744
3179745
3179746
3179747
3179748
3179749
3179750
3179751
3179752
3179753
3179754
3179755
3179756
3179757
3179758
3179759
3179760
3179761
3179762
3179763
3179764
3179765
3179766
3179767
3179768
3179769
3179770
3179771
3179772
3179773
3179774
3179775
3179776
3179777
3179778
3179779
3179780
3179781
3179782
3179783
3179784
3179785
3179786
3179787
3179788
3179789
3179790
3179791
3179792
3179793
3179794
3179795
3179796
3179797
3179798
3179799
3179800
3179801
3179802
3179803
3179804
3179805
3179806
3179807
3179808
3179809
3179810
3179811
3179812
3179813
3179814
3179815
3179816
3179817
3179818
3179819
3179820
3179821
3179822
3179823
3179824
3179825
3179826
3179827
3179828
3179829
3179830
3179831
3179832
3179833
3179834
3179835
3179836
3179837
3179838
3179839
3179840
3179841
3179842
3179843
3179844
3179845
3179846
3179847
3179848
3179849
3179850
3179851
3179852
3179853
3179854
3179855
3179856
3179857
3179858
3179859
3179860
3179861
3179862
3179863
3179864
3179865
3179866
3179867
3179868
3179869
3179870
3179871
3179872
3179873
3179874
3179875
3179876
3179877
3179878
3179879
3179880
3179881
3179882
3179883
3179884
3179885
3179886
3179887
3179888
3179889
3179890
3179891
3179892
3179893
3179894
3179895
3179896
3179897
3179898
3179899
3179900
3179901
3179902
3179903
3179904
3179905
3179906
3179907
3179908
3179909
3179910
3179911
3179912
3179913
3179914
3179915
3179916
3179917
3179918
3179919
3179920
3179921
3179922
3179923
3179924
3179925
3179926
3179927
3179928
3179929
3179930
3179931
3179932
3179933
3179934
3179935
3179936
3179937
3179938
3179939
3179940
3179941
3179942
3186029
3186030
3186031
3186032
3186033
3186034
3186035
3186036
3186037
3186038
3186039
3186040
3186041
3186042
3186043
3186044
3186045
3186046
3186047
3186048
3186049
3186050
3186051
3186052
3186053
3186054
3186055
3186056
3186057
3186058
3186059
3186060
3186061
3186062
3186063
3186064
3186065
3186066
3186067
3186068
3186069
3186070
3186071
3186072
3186073
3186074
3186075
3186076
3186077
3186078
3186079
3186080
3186081
3186082
3186083
3186084
3186085
3186086
3186087
3186088
3186089
3186090
3186091
3186092
3186093
3186094
3186095
3186096
3186097
3186098
3186099
3186100
3186101
3186102
3186103
3186104
3186105
3186106
3186107
3186108
3186109
3186110
3186111
3186112
3186113
3186114
3186115
3186116
3186117
3186118
3186119
3186120
3186121
3186122
3186123
3186124
3186125
3186126
3186127
3186128
3186129
3186130
3186131
3186132
3186133
3186134
3186135
3186136
3186137
3186138
3186139
3186140
3186141
3186142
3186143
3186144
3186145
3186146
3186147
3186148
3186149
3186150
3186151
3186152
3186153
3186154
3186155
3186156
3186157
3186158
3186159
3186160
3186161
3186162
3186163
3186164
3186165
3186166
3186167
3186168
3186169
3186170
3186171
3186172
3186173
3186174
3186175
3186176
3186177
3186178
3186179
3186180
3186181
3186182
3186183
3186184
3186185
3186186
3186187
3186188
3186189
3186190
3186191
3186192
3186193
3186194
3186195
3186196
3186197
3186198
3186199
3186200
3186201
3186202
3186203
3186204
3186205
3186206
3186207
3186208
3186209
3186210
3186211
3186212
3192468
3192469
3192470
3192471
3192472
3192473
3192474
3192475
3192476
3192477
3192478
3192479
3192480
3192481
3192482
3192483
3192484
3192485
3192486
3192487
3192488
3192489
3192490
3192491
3192492
3192493
3192494
3192495
3192496
3192497
3192498
3192499
3192500
3192501
3192502
3192503
3192504
3192505
3192506
3192507
3192508
3192509
3192510
3192511
3192512
3192513
3192514
3192515
3192516
3192517
3192518
3192519
3192520
3192521
3192522
3192523
3192524
3192525
3192526
3192527
3192528
3192529
3192530
3192531
3192532
3192533
3192534
3192535
3192536
3192537
3192538
3192539
3192540
3192541
3192542
3192543
3192544
3192545
3192546
3192547
3192548
3192549
3192550
3192551
3192552
3192553
3192554
3192555
3192556
3192557
3192558
3192559
3192560
3192561
3192562
3192563
3192564
3192565
3192566
3192567
3192568
3192569
3192570
3192571
3192572
3192573
3192574
3192575
3192576
3192577
3192578
3192579
3192580
3192581
3192582
3192583
3192584
3192585
3192586
3192587
3192588
3192589
3192590
3192591
3192592
3192593
3192594
3192595
3192596
3192597
3192598
3192599
3192600
3192601
3192602
3192603
3192604
3192605
3192606
3192607
3192608
3192609
3192610
3192611
3192612
3192613
3192614
3192615
3192616
3192617
3192618
3192619
3192620
3192621
3192622
3192623
3192624
3192625
3192626
3192627
3192628
3192629
3192630
3192631
3192632
3192633
3192634
3192635
3192636
3192637
3192638
3192639
3192640
3192641
3192642
3192643
3192644
3192645
3192646
3192647
3192648
3192649
3192650
3192651
3192652
3192653
3192654
3192655
3192656
3192657
3192658
3193282
3193283
3193284
3193285
3193286
3193287
3193288
3193289
3193290
3193291
3193292
3193293
3193294
3193295
3193296
3193297
3193298
3193299
3193300
3193301
3193302
3193303
3193304
3193305
3193306
3193307
3193308
3193309
3193310
3193311
3193312
3193313
3193314
3193315
3193316
3193317
3193318
3193319
3193320
3193321
3193322
3193323
3193324
3193325
3193326
3193327
3193328
3193329
3193330
3193331
3193332
3193333
3193334
3193335
3193336
3193337
3193338
3193339
3193340
3193341
3193342
3193343
3193344
3193345
3193346
3193347
3193348
3193349
3193350
3193351
3193352
3193353
3193354
3193355
3193356
3193357
3193358
3193359
3193360
3193361
3193362
3193363
3193364
3193365
3193366
3193367
3193368
3193369
3193370
3193371
3193372
3193373
3193374
3193375
3193376
3193377
3193378
3193379
3193380
3193381
3193382
3193383
3193384
3193385
3193386
3193387
3193388
3193389
3193390
3193391
3193392
3193393
3193394
3193395
3193396
3193397
3193398
3193399
3193400
3193401
3193402
3193403
3193404
3193405
3193406
3193407
3193408
3193409
3193410
3193411
3193412
3193413
3193414
3193415
3193416
3193417
3193418
3193419
3193420
3193421
3193422
3193423
3193424
3193425
3193426
3196181
3196182
3196183
3196184
3196185
3196186
3196187
3196188
3196189
3196190
3196191
3196192
3196193
3196194
3196195
3196196
3196197
3196198
3196199
3196200
3196201
3196202
3196203
3196204
3196205
3196206
3196207
3196208
3196209
3196210
3196211
3196212
3196213
3196214
3196215
3196216
3196217
3196218
3196219
3196220
3196221
3196222
3196223
3196224
3196225
3196226
3196227
3196228
3196229
3196230
3196231
3196232
3196233
3196234
3196235
3196236
3196237
3196238
3196239
3196240
3196241
3196242
3196243
3196244
3196245
3196246
3196247
3196248
3196249
3196250
3196251
3196252
3196253
3196254
3196255
3196256
3196257
3196258
3196259
3196260
3196261
3196262
3196263
3196264
3196265
3196266
3196267
3196268
3196269
3196270
3196271
3196272
3196273
3196274
3196275
3198815
3198816
3198817
3198818
3198819
3198820
3198821
3198822
3198823
3198824
3198825
3198826
3198827
3198828
3198829
3198830
3198831
3198832
3198833
3198834
3198835
3198836
3198837
3198838
3198839
3198840
3198841
3198842
3198843
3198844
3198845
3198846
3198847
3198848
3198849
3198850
3198851
3198852
3198853
3198854
3198855
3198856
3198857
3198858
3198859
3198860
3198861
3198862
3198863
3198864
3198865
3198866
3198867
3198868
3198869
3198870
3198871
3198872
3198873
3198874
3198875
3198876
3198877
3198878
3198879
3198880
3198881
3198882
3198883
3198884
3198885
3198886
3198887
3198888
3198889
3198890
3198891
3198892
3198893
3198894
3198895
3201521
3201522
3201523
3201524
3201525
3201526
3201527
3201528
3201529
3201530
3201531
3201532
3201533
3201534
3201535
3201536
3201537
3201538
3201539
3201540
3201541
3201542
3201543
3201544
3201545
3201546
3201547
3201548
3201549
3201550
3201551
3201552
3201553
3201554
3201555
3201556
3201557
3201558
3201559
3201560
3201561
3201562
3201563
3201564
3201565
3201566
3201567
3201568
3201569
3201570
3201571
3201572
3201573
3201574
3201575
3201576
3201577
3201578
3201579
3201580
3201581
3201582
3201583
3201584
3201585
3201586
3201587
3201588
3201589
3201590
3201591
3201592
3201593
3201594
3201595
3201596
3201597
3201598
3201599
3201600
3201601
3201602
3201603
3201604
3201605
3201606
3201607
3201608
3201609
3201610
3201611
3201612
3201613
3201614
3201615
3201616
3201617
3201618
3201619
3201620
3201621
3201622
3201623
3201624
3203754
3203755
3203756
3203757
3203758
3203759
3203760
3203761
3203762
3203763
3203764
3203765
3203766
3203767
3203768
3203769
3203770
3203771
3203772
3203773
3203774
3203775
3203776
3203777
3203778
3203779
3203780
3203781
3203782
3203783
3203784
3203785
3203786
3203787
3203788
3203789
3203790
3203791
3203792
3203793
3203794
3203795
3203796
3203797
3203798
3203799
3203800
3203801
3203802
3203803
3203804
3203805
3203806
3203807
3203808
3203809
3203810
3203811
3203812
3203813
3203814
3203815
3203816
3203817
3203818
3203819
3203820
3203821
3203822
3203823
3203824
3203825
3203826
3203827
3203828
3203829
3203830
3203831
3203832
3203833
3203834
3203835
3203836
3203837
3203838
3203839
3203840
3203841
3203842
3204003
3204004
3204005
3204006
3204007
3204008
3204009
3204010
3204011
3204012
3204013
3204014
3204015
3204016
3204017
3204018
3204019
3204020
3204021
3204022
3204023
3204024
3204025
3204026
3204027
3204028
3204029
3204030
3204031
3204032
3204033
3204034
3204035
3204036
3204037
3204038
3204039
3204040
3204041
3204042
3204043
3204044
3204045
3204046
3204047
3204048
3204049
3204050
3204051
3204052
3204053
3204054
3204055
3204056
3204057
3204058
3204059
3204060
3204061
3204062
3204063
3204064
3204065
3204066
3204067
3204068
3204069
3204070
3204071
3204072
3204073
3204074
3204075
3204076
3204077
3204078
3204079
3204080
3204081
3204082
3204083
3204084
3204085
3204086
3204087
3204088
3204089
3204090
3204091
3204092
3204093
3204094
3204095
3204096
3204097
3204098
3204099
3204100
3204101
3204102
3204103
3204104
3204105
3204106
3204107
3204108
3204109
3204110
3204111
3204112
3204113
3204114
3204115
3204116
3204117
3204118
3204119
3204120
3204121
3204122
3204123
3204124
3204125
3204126
3204127
3204128
3204129
3204130
3204131
3204132
3204133
3204134
3204135
3204136
3204137
3204138
3204139
3204140
3204141
3204142
3204571
3204572
3204573
3204574
3204575
3204576
3204577
3204578
3204579
3204580
3204581
3204582
3204583
3204584
3204585
3204586
3204587
3204588
3204589
3204590
3204591
3204592
3204593
3204594
3204595
3204596
3204597
3204598
3204599
3204600
3204601
3204602
3204603
3204604
3204605
3204606
3204607
3204608
3204609
3204610
3204611
3204612
3204613
3204614
3204615
3204616
3204617
3204618
3204619
3204620
3204621
3204622
3204623
3204624
3204625
3204626
3204627
3204628
3204629
3204630
3204631
3204632
3204633
3204634
3204635
3204636
3204637
3204638
3204639
3204640
3204641
3204642
3204643
3204644
3204645
3204646
3204647
3204648
3204649
3204650
3204651
3204652
3204653
3204654
3204655
3204656
3204657
3204658
3204659
3204660
3204661
3204662
3204663
3204664
3204665
3204666
3204667
3204668
3204669
3204670
3204671
3204672
3204673
3204674
3204675
3204676
3204677
3204678
3204679
3204680
3204681
3204682
3204683
3204684
3204685
3204686
3204687
3204688
3204689
3204690
3204691
3204692
3204693
3204694
3204695
3204696
3204697
3204698
3204699
3204700
3204701
3204702
3204703
3204704
3204705
3204706
3204707
3204708
3204709
3204710
3204711
3204712
3204713
3204714
3204715
3204716
3204717
3204718
3204719
3204720
3204721
3204722
3204723
3204724
3204725
3204726
3204727
3204728
3204729
3204730
3204731
3204732
3204733
3204734
3204735
3204736
3204737
3204738
3204739
3204740
3204741
3204742
3204743
3204744
3204745
3204746
3204747
3204748
3204749
3205937
3205938
3205939
3205940
3205941
3205942
3205943
3205944
3205945
3205946
3205947
3205948
3205949
3205950
3205951
3205952
3205953
3205954
3205955
3205956
3205957
3205958
3205959
3205960
3205961
3205962
3205963
3205964
3205965
3205966
3205967
3205968
3205969
3205970
3205971
3205972
3205973
3205974
3205975
3205976
3205977
3205978
3205979
3205980
3205981
3205982
3205983
3205984
3205985
3205986
3205987
3205988
3205989
3205990
3205991
3205992
3205993
3205994
3205995
3205996
3205997
3205998
3205999
3206000
3206001
3206002
3206003
3206004
3206005
3206006
3206007
3206008
3206009
3206010
3206011
3206012
3206013
3206014
3206015
3206016
3206017
3206018
3206019
3206020
3206021
3206022
3206023
3206024
3206150
3206151
3206152
3206153
3206154
3206155
3206156
3206157
3206158
3206159
3206160
3206161
3206162
3206163
3206164
3206165
3206166
3206167
3206168
3206169
3206170
3206171
3206172
3206173
3206174
3206175
3206176
3206177
3206178
3206179
3206180
3206181
3206182
3206183
3206184
3206185
3206186
3206187
3206188
3206260
3206261
3206262
3206263
3206264
3206265
3206266
3206267
3206268
3206269
3206270
3206271
3206272
3206273
3206274
3206275
3206276
3206277
3206278
3206279
3206280
3206281
3206282
3206283
3206284
3206285
3206286
3206287
3206288
3206289
3206290
3206291
3206292
3206293
3206294
3206295
3206296
3206297
3206298
3206299
3206300
3206301
3206302
3206303
3206304
3206305
3206306
3206307
3206308
3206309
3206310
3206311
3206312
3206313
3206314
3206315
3206316
3206317
3206318
3206319
3206320
3206321
3206322
3206323
3206324
3206325
3206326
3206327
3206328
3206329
3206330
3206331
3206332
3206333
3206334
3206335
3206336
3206337
3206338
3206339
3206340
3206341
3206342
3206343
3206344
3206345
3206346
3206347
3206348
3206349
3206350
3206351
3206352
3206353
3206354
3206355
3206356
3206357
3206358
3206359
3206360
3206361
3206362
3206363
3206364
3206365
3206366
3206367
3206368
3206369
3206370
3206371
3206372
3206373
3206374
3206375
3206376
3206377
3206378
3206379
3206380
3206381
3206382
3206383
3206384
3206385
3206386
3206387
3206388
3206389
3206390
3206391
3206392
3206393
3206394
3206395
3206396
3206397
3206398
3206399
3206400
3206401
3206402
3206403
3206404
3206405
3206406
3206407
3206408
3206409
3206410
3206411
3206412
3206413
3206414
3206415
3206416
3206417
3206418
3206419
3206420
3206421
3206422
3206423
3207196
3207197
3207198
3207199
3207200
3207201
3207202
3207203
3207204
3207205
3207206
3207207
3207208
3207209
3207210
3207211
3207212
3207213
3207214
3207215
3207216
3207217
3207218
3207219
3207220
3207221
3207222
3207223
3207224
3207225
3207226
3207227
3207228
3207229
3207230
3207231
3207232
3207233
3207234
3207235
3207236
3207237
3207238
3207239
3207240
3207241
3207242
3207243
3207244
3207245
3207246
3207247
3207248
3207249
3207389
3207390
3207391
3207392
3207393
3207394
3207395
3207396
3207397
3207398
3207399
3207400
3207401
3207402
3207403
3207404
3207405
3207406
3207407
3207408
3207409
3207410
3207411
3207412
3207413
3207414
3207415
3207416
3207417
3207418
3207419
3207420
3207421
3207422
3207423
3207424
3207425
3207426
3207427
3207428
3207429
3207430
3207431
3207432
3207433
3207434
3207435
3207436
3207437
3207438
3207439
3207440
3207441
3207442
3207443
3207444
3207445
3207446
3207447
3207448
3207449
3207450
3207451
3207452
3207453
3207454
3207455
3207456
3207457
3207458
3207459
3207460
3207461
3207462
3207463
3207464
3207465
3207466
3207467
3207627
3207628
3207629
3207630
3207631
3207632
3207633
3207634
3207635
3207636
3207637
3207638
3207639
3207640
3207641
3207642
3207643
3207644
3207645
3207646
3207647
3207648
3207649
3207650
3207651
3207652
3207653
3207654
3207655
3207656
3207657
3207658
3207659
3207660
3207661
3207662
3207663
3207664
3207665
3207666
3207667
3207668
3207669
3207670
3207671
3207672
3207673
3207674
3207675
3207676
3207677
3207678
3207679
3207680
3207681
3207682
3207683
3224738
3224739
3224740
3224741
3224742
3224743
3224744
3224745
3224746
3224747
3224748
3224749
3224750
3224751
3224752
3224753
3224754
3224755
3224756
3224757
3224758
3224759
3224760
3224761
3224762
3224763
3224764
3224765
3224766
3224767
3224768
3224769
3224770
3224771
3224772
3224773
3224774
3224775
3224776
3224777
3224778
3224779
3224780
3224781
3224782
3224783
3224784
3224785
3224786
3224787
3224788
3224789
3224790
3224791
3224792
3224793
3224794
3224795
3224796
3224797
3224798
3224799
3224800
3224801
3224802
3224803
3224804
3224805
3224806
3224807
3224808
3224809
3224810
3224811
3224812
3224813
3224814
3224815
3224816
3224817
3224818
3224819
3224820
3224821
3224822
3224823
3224824
3224825
3224826
3224827
3224828
3224829
3224830
3224831
3224832
3224833
3224834
3224835
3224836
3224837
3224838
3224839
3224840
3224841
3224842
3224843
3224844
3224845
3224846
3224847
3224848
3224849
3224850
3224851
3224852
3224853
3224854
3224855
3224856
3224857
3224858
3224859
3224860
3224861
3224862
3224863
3224864
3224865
3224866
3224867
3224868
3224869
3224870
3224871
3224872
3224873
3224874
3224875
3224876
3224877
3224878
3224879
3224880
3224881
3224882
3224883
3224884
3224885
3224886
3224887
3224888
3224889
3224890
3224891
3224892
3224893
3224894
3224895
3224896
3224897
3224898
3224899
3224900
3224901
3224902
3224903
3224904
3224905
3224906
3224907
3224908
3224909
3224910
3224911
3224912
3224913
3224914
3224915
3224916
3224917
3224918
3224919
3224920
3224921
3224922
3224923
3224924
3224925
3224926
3224927
3224928
3224929
3224930
3224931
3224932
3224933
3224934
3224935
3224936
3224937
3224938
3224939
3224940
3224941
3224942
3224943
3224944
3224945
3224946
3224947
3224948
3224949
3224950
3224951
3224952
3224953
3224954
3224955
3224956
3224957
3224958
3224959
3224960
3224961
3224962
3224963
3224964
3224965
3224966
3224967
3224968
3224969
3224970
3224971
3224972
3224973
3224974
3224975
3224976
3224977
3224978
3224979
3224980
3224981
3224982
3224983
3224984
3224985
3224986
3224987
3224988
3224989
3224990
3224991
3224992
3224993
3224994
3224995
3224996
3250983
3250984
3250985
3250986
3250987
3250988
3250989
3250990
3250991
3250992
3250993
3250994
3250995
3250996
3250997
3250998
3250999
3251000
3251001
3251002
3251003
3251004
3251005
3251006
3251007
3251008
3251009
3251010
3251011
3251012
3251013
3251014
3251015
3251016
3251017
3251018
3251019
3251020
3251021
3251022
3251023
3251024
3251025
3251026
3251027
3251028
3251029
3251030
3251031
3251032
3251033
3251034
3251035
3251036
3251037
3251038
3251039
3251040
3251041
3251042
3251043
3251044
3251045
3251046
3251047
3251048
3251049
3251050
3251051
3251052
3251053
3251054
3251055
3251056
3251057
3251058
3251059
3251060
3251061
3251062
3251063
3251064
3251065
3273870
3273871
3273872
3273873
3273874
3273875
3273876
3273877
3273878
3273879
3273880
3273881
3273882
3273883
3273884
3273885
3273886
3273887
3273888
3273889
3273890
3273891
3273892
3273893
3273894
3273895
3273896
3273897
3273898
3273899
3273900
3273901
3273902
3273903
3273904
3273905
3273906
3273907
3273908
3273909
3273910
3273911
3273912
3273913
3273914
3273915
3273916
3273917
3273918
3273919
3273920
3273921
3275854
3275855
3275856
3275857
3275858
3275859
3275860
3275861
3275862
3275863
3275864
3275865
3275866
3275867
3275868
3275869
3275870
3275871
3275872
3275873
3275874
3275875
3275876
3275877
3275878
3275879
3275880
3275881
3275882
3275883
3275884
3275885
3275886
3275887
3275888
3275889
3275890
3275891
3275892
3275893
3275894
3275895
3275896
3275897
3275898
3275899
3275900
3275901
3275902
3275903
3275904
3275905
3275906
3275907
3275908
3275909
3275910
3275911
3275912
3275913
3275914
3275915
3275916
3275917
3275918
3275919
3275920
3275921
3275922
3275923
3275924
3275925
3275926
3275927
3275928
3275929
3275930
3275931
3275932
3275933
3275934
3275935
3275936
3275937
3275938
3275939
3275940
3275941
3275942
3275943
3275944
3275945
3275946
3275947
3275948
3275949
3275950
3275951
3275952
3275953
3275954
3275955
3275956
3275957
3275958
3275959
3275960
3275961
3275962
3275963
3275964
3275965
3275966
3275967
3275968
3275969
3275970
3275971
3275972
3275973
3275974
3275975
3275976
3275977
3275978
3275979
3275980
3275981
3275982
3278029
3278030
3278031
3278032
3278033
3278034
3278035
3278036
3278037
3278038
3278039
3278040
3278041
3278042
3278043
3278044
3278045
3278046
3278047
3278048
3278049
3278050
3278051
3278052
3278053
3278054
3278055
3278056
3278057
3278058
3278059
3278060
3278061
3278062
3278063
3278064
3278065
3278066
3278067
3278068
3278069
3278070
3278071
3278072
3278073
3278074
3278075
3278076
3278077
3278078
3278079
3278080
3278081
3278082
3278083
3278084
3278085
3278086
3278087
3278088
3278089
3278090
3278091
3278092
3278093
3278094
3278095
3278096
3278097
3278098
3278099
3278100
3278101
3278102
3278103
3278104
3278105
3278106
3278107
3278108
3281197
3281198
3281199
3281200
3281201
3281202
3281203
3281204
3281205
3281206
3281207
3281208
3281209
3281210
3281211
3281212
3281213
3281214
3281215
3281216
3281217
3281218
3281219
3281220
3281221
3281222
3281223
3281224
3281225
3281226
3281227
3281228
3281229
3281230
3281231
3281232
3281233
3281234
3281235
3281236
3281237
3281238
3281239
3281240
3281241
3281242
3281243
3281244
3281245
3281246
3281247
3281248
3281249
3281250
3281251
3281252
3281253
3281254
3281255
3281256
3281257
3281258
3281259
3281260
3281261
3281262
3281263
3281264
3281265
3281266
3281267
3281268
3281269
3281270
3281271
3281272
3281273
3281274
3281275
3281276
3281277
3281278
3281279
3281280
3281281
3281282
3281283
3281284
3281285
3281286
3281287
3281288
3281289
3281290
3281291
3281292
3281293
3281294
3281295
3281296
3281297
3281298
3281299
3281300
3281301
3281302
3281303
3281304
3281305
3281306
3281307
3281308
3281309
3281310
3281311
3281312
3281313
3281314
3281315
3281316
3281317
3281318
3281319
3281320
3281321
3281322
3281323
3281324
3281325
3281326
3281327
3281328
3281329
3281330
3281331
3281332
3281333
3281334
3281335
3281336
3281337
3281338
3281339
3281340
3281341
3281342
3281343
3282124
3282125
3282126
3282127
3282128
3282129
3282130
3282131
3282132
3282133
3282134
3282135
3282136
3282137
3282138
3282139
3282140
3282141
3282142
3282143
3282144
3282145
3282146
3282147
3282148
3282149
3282150
3282151
3282152
3282153
3282154
3282155
3282156
3282157
3282158
3282159
3282160
3282161
3282162
3282163
3282164
3282165
3282166
3282167
3282168
3282169
3282170
3282171
3282172
3282173
3282174
3282175
3282176
3282177
3282178
3282179
3282180
3282181
3282182
3282183
3282184
3282185
3282186
3282187
3282188
3282189
3282190
3282191
3282192
3282193
3282194
3282195
3282196
3282197
3282198
3282199
3282200
3282201
3282202
3282203
3282204
3282205
3282206
3282207
3282208
3282209
3282210
3282211
3282212
3282213
3282214
3282215
3282216
3282217
3282218
3282219
3282220
3282221
3282222
3282223
3282224
3282225
3282226
3282227
3282228
3282229
3282230
3282231
3282232
3282233
3282234
3282235
3282236
3282237
3282238
3282239
3282240
3282241
3282242
3282243
3282244
3282245
3282246
3282247
3282248
3282249
3282250
3282251
3282252
3282253
3282254
3282255
3282256
3282257
3282258
3282259
3282260
3282261
3282262
3282263
3282264
3282265
3282350
3282351
3282352
3282353
3282354
3282355
3282356
3282357
3282358
3282359
3282360
3282361
3282362
3282363
3282364
3282365
3282366
3282367
3282368
3282369
3282370
3282371
3282372
3282373
3282374
3282375
3282376
3282377
3282378
3282379
3282380
3282381
3282382
3282383
3282384
3282385
3282386
3282387
3282388
3282389
3282390
3282391
3282392
3282393
3282394
3282395
3282396
3282397
3282398
3282399
3282400
3282401
3282402
3282403
3282404
3282405
3282406
3282407
3282408
3282409
3282410
3282411
3282412
3282413
3282414
3282415
3282416
3282417
3282418
3282419
3282420
3282421
3282422
3282423
3282424
3282425
3282426
3282427
3282428
3282429
3282430
3282431
3282432
3282433
3282434
3282435
3282436
3282437
3282438
3282439
3282440
3282441
3282442
3282443
3282444
3282445
3282446
3282447
3282448
3282449
3282450
3282451
3282452
3282453
3282454
3282455
3282456
3282457
3282458
3282459
3282460
3282461
3282462
3282463
3282464
3282465
3282466
3282467
3282468
3282469
3282470
3282471
3282472
3282473
3282474
3282475
3282476
3282477
3282478
3282479
3282480
3282481
3282482
3282483
3282484
3282485
3282486
3282487
3282488
3282489
3282490
3282491
3282492
3282493
3282494
3282495
3282496
3284900
3284901
3284902
3284903
3284904
3284905
3284906
3284907
3284908
3284909
3284910
3284911
3284912
3284913
3284914
3284915
3284916
3284917
3284918
3284919
3284920
3284921
3284922
3284923
3284924
3284925
3284926
3284927
3284928
3284929
3284930
3284931
3284932
3284933
3284934
3284935
3284936
3284937
3284938
3284939
3284940
3284941
3284942
3284943
3284944
3284945
3284946
3284947
3284948
3284949
3284950
3284951
3284952
3284953
3284954
3284955
3284956
3284957
3284958
3284959
3284960
3284961
3284962
3285940
3285941
3285942
3285943
3285944
3285945
3285946
3285947
3285948
3285949
3285950
3285951
3285952
3285953
3285954
3285955
3285956
3285957
3285958
3285959
3285960
3285961
3285962
3285963
3285964
3285965
3285966
3285967
3285968
3285969
3285970
3285971
3285972
3285973
3285974
3285975
3285976
3285977
3285978
3285979
3285980
3285981
3285982
3285983
3285984
3285985
3285986
3285987
3285988
3285989
3285990
3285991
3285992
3285993
3285994
3285995
3285996
3285997
3285998
3285999
3286000
3286001
3286002
3286003
3286004
3286005
3286006
3286007
3286008
3286009
3286010
3286011
3286012
3286013
3286014
3286015
3286016
3286017
3286018
3286019
3286020
3286021
3286022
3286023
3290229
3290230
3290231
3290232
3290233
3290234
3290235
3290236
3290237
3290238
3290239
3290240
3290241
3290242
3290243
3290244
3290245
3290246
3290247
3290248
3290249
3290250
3290251
3290252
3290253
3290254
3290255
3290256
3290257
3290258
3290259
3290260
3290261
3290262
3290263
3290264
3290265
3290266
3290267
3290268
3290269
3290270
3290271
3290272
3290273
3290274
3290275
3290276
3290277
3290278
3290279
3290280
3290281
3290282
3290283
3290284
3290285
3290286
3290287
3290288
3290289
3290290
3290291
3290292
3290293
3290294
3290295
3290296
3290297
3290298
3290299
3290300
3290301
3290302
3290303
3290304
3290305
3290306
3290307
3290308
3290309
3290310
3290311
3290312
3290313
3290314
3290315
3290316
3290317
3290318
3290319
3290320
3290321
3290322
3290323
3290324
3290325
3290326
3290327
3290328
3290329
3290330
3290331
3290332
3290333
3290334
3290335
3290336
3290337
3290338
3290339
3290340
3290341
3290342
3290343
3290344
3290345
3290346
3290347
3290348
3290349
3290350
3290351
3290352
3290353
3290354
3290355
3290356
3290357
3290358
3290359
3290360
3290361
3290362
3290363
3290364
3290365
3290366
3290367
3290368
3290369
3290370
3290371
3290372
3293317
3293318
3293319
3293320
3293321
3293322
3293323
3293324
3293325
3293326
3293327
3293328
3293329
3293330
3293331
3293332
3293333
3293334
3293335
3293336
3293337
3293338
3293339
3293340
3293341
3293342
3293343
3293344
3293345
3293346
3293347
3293348
3293349
3293350
3293351
3293352
3293353
3293354
3293355
3293356
3293357
3293358
3293359
3293360
3293361
3293362
3293363
3293364
3293365
3293366
3293367
3293368
3293369
3293370
3293371
3293372
3293373
3293374
3293375
3293376
3293377
3293378
3293379
3293380
3293381
3293382
3293383
3293384
3293385
3293386
3293387
3293388
3293389
3293390
3293391
3293392
3293393
3293394
3293395
3293396
3293397
3293398
3293399
3293400
3293401
3293402
3293403
3293404
3293405
3293406
3293407
3293408
3293409
3293410
3293411
3293412
3293413
3293414
3293415
3293416
3293417
3293418
3293419
3293420
3293421
3293422
3293423
3293424
3293425
3293426
3293427
3293428
3293429
3293430
3293431
3293432
3293433
3293434
3293435
3293436
3293437
3293438
3293439
3293440
3293441
3366635
3366636
3366637
3366638
3366639
3366640
3366641
3366642
3366643
3366644
3366645
3366646
3366647
3366648
3366649
3366650
3366651
3366652
3366653
3366654
3366655
3366656
3366657
3366658
3366659
3366660
3366661
3366662
3366663
3366664
3381710
3381711
3381712
3381713
3381714
3381715
3381716
3381717
3381718
3381719
3381720
3381721
3381722
3381723
3381724
3381725
3381726
3381727
3381728
3381729
3381730
3381731
3381732
3381733
3381734
3381735
3381736
3381737
3381738
3381739
3381740
3381741
3381742
3381743
3381744
3381745
3381746
3381747
3381748
3381749
3381750
3381751
3381752
3381753
3381754
3381755
3381756
3381757
3381758
3381759
3381760
3381761
3381762
3381763
3381764
3381765
3381766
3381767
3381768
3381769
3381770
3381771
3381772
3381773
3381774
3381775
3381776
3381777
3381778
3381779
3381780
3381781
3381782
3381783
3381784
3381785
3381786
3381787
3381788
3381789
3381790
3381791
3381792
3381793
3381794
3381795
3381796
3381797
3381798
3381799
3381800
3381801
3381802
3381803
3381804
3381805
3381806
3381807
3381808
3381809
3381810
3381811
3381812
3381813
3381814
3381815
3381816
3381817
3381818
3381819
3381820
3381821
3381822
3381823
3381824
3381825
3381826
3381827
3381828
3381829
3381830
3381831
3381832
3381833
3381834
3381835
3381836
3381837
3381838
3381839
3381840
3381841
3381842
3381843
3381844
3381845
3381846
3381847
3381848
3381849
3381850
3381851
3381852
3381853
3381854
3381855
3381856
3381857
3381858
3381859
3381860
3381861
3381862
3381863
3381864
3381865
3381866
3381867
3381868
3381869
3381870
3381871
3381872
3381873
3381874
3381875
3381876
3381877
3381878
3381879
3381880
3381881
3381882
3381883
3381884
3381885
3381886
3381887
3381888
3381889
3381890
3381891
3381892
3381893
3381894
3381895
3381896
3381897
3381898
3381899
3381900
3381901
3381902
3381903
3381904
3381905
3381906
3381907
3381908
3381909
3381910
3381911
3381912
3381913
3381914
3381915
3381916
3381917
3381918
3381919
3381920
3381921
3381922
3381923
3381924
3381925
3381926
3381927
3381928
3381929
3381930
3381931
3381932
3381933
3381934
3381935
3381936
3381937
3381938
3381939
3381940
3381941
3381942
3381943
3381944
3381945
3381946
3381947
3381948
3381949
3381950
3381951
3381952
3381953
3381954
3381955
3381956
3381957
3381958
3381959
3381960
3381961
3381962
3381963
3381964
3381965
3381966
3381967
3381968
3381969
3381970
3381971
3381972
3381973
3381974
3381975
3381976
3381977
3381978
3381979
3381980
3381981
3381982
3381983
3381984
3381985
3381986
3381987
3381988
3381989
3381990
3381991
3381992
3381993
3381994
3381995
3381996
3381997
3381998
3381999
3382000
3382001
3382002
3382003
3382004
3382005
3382006
3382007
3382008
3382009
3382010
3382011
3382012
3382013
3382014
3382015
3382016
3382017
3382018
3382019
3382020
3382021
3382022
3382023
3382024
3382025
3382026
3382027
3382028
3382029
3382030
3382031
3382032
3382033
3382034
3382035
3382036
3382037
3382038
3382039
3382040
3382041
3382042
3382043
3382044
3382045
3382046
3382047
3382048
3382049
3382050
3382051
3382052
3382053
3382054
3382055
3382056
3382057
3382058
3382059
3382060
3382061
3382062
3382063
3382064
3382065
3382066
3382067
3382068
3382069
3382070
3382071
3382072
3382073
3382074
3382075
3382076
3382077
3382078
3382079
3382080
3382081
3382082
3382083
3382084
3382085
3382086
3382087
3382088
3382089
3382090
3382091
3382092
3382093
3382094
3382095
3382096
3382097
3382098
3382099
3382100
3382101
3382102
3382103
3382104
3382105
3382106
3382107
3382108
3382109
3382110
3382111
3382112
3382113
3382114
3382115
3382116
3382117
3382118
3382119
3382120
3382121
3382122
3382123
3382124
3382125
3382126
3382127
3382128
3382129
3382130
3382131
3382132
3382133
3382134
3382135
3382136
3382137
3382138
3382139
3382140
3382141
3382142
3382143
3382144
3382145
3382146
3382147
3382148
3382149
3382150
3382151
3382152
3382153
3382154
3382155
3382156
3382157
3382158
3382159
3382160
3382161
3382162
3382163
3382164
3382165
3382166
3382167
3382168
3382169
3382170
3382171
3382172
3382173
3382174
3382175
3382176
3382177
3382178
3382179
3382180
3382181
3382182
3382183
3382184
3382185
3382186
3382187
3382188
3382189
3382190
3382191
3382192
3382193
3382194
3382195
3382196
3382197
3382198
3382199
3382200
3382201
3382202
3382203
3382204
3382205
3382206
3382207
3382208
3382209
3382210
3382211
3382212
3382213
3382214
3382215
3382216
3382217
3382218
3382219
3382220
3382221
3382222
3382223
3382224
3382225
3382226
3382227
3382228
3382229
3382230
3382231
3382232
3382233
3382234
3382235
3382236
3382237
3382238
3382239
3382240
3382241
3425104
3425105
3425106
3425107
3425108
3425109
3425110
3425111
3425112
3425113
3425114
3425115
3425116
3425117
3425118
3425119
3425120
3425121
3425122
3425123
3425124
3425125
3425126
3425127
3425128
3425129
3425130
3425131
3425132
3425133
3425134
3425135
3425136
3425137
3425138
3425139
3425140
3425141
3425142
3425143
3425144
3425145
3425146
3425147
3425148
3425149
3425150
3425151
3425152
3425153
3425154
3425155
3425156
3425157
3425158
3425159
3425160
3425161
3425162
3425163
3425164
3425165
3425166
3425167
3425168
3425169
3425170
3425171
3425172
3425173
3425174
3425175
3433516
3433517
3433518
3433519
3433520
3433521
3433522
3433523
3433524
3433525
3433526
3433527
3433528
3433529
3433530
3433531
3433532
3433533
3433534
3433535
3433536
3433537
3433538
3433539
3433540
3433541
3433542
3433543
3433544
3433545
3433546
3433547
3433548
3433549
3433550
3433551
3433552
3433553
3433554
3433555
3433556
3433557
3433558
3433559
3433560
3433561
3433562
3433563
3433564
3433565
3433566
3433567
3433568
3433569
3433570
3433571
3433572
3433573
3433574
3433575
3433576
3433577
3433578
3433579
3433580
3433581
3433582
3433583
3433584
3433585
3433586
3433587
3433588
3433589
3433590
3434275
3434276
3434277
3434278
3434279
3434280
3434281
3434282
3434283
3434284
3434285
3434286
3434287
3434288
3434289
3434290
3434291
3434292
3434293
3434294
3434295
3434296
3434297
3434298
3434299
3434300
3434301
3434302
3434303
3434304
3434305
3434306
3434307
3434308
3434309
3434310
3434311
3434312
3434313
3434314
3434315
3434316
3434317
3434318
3434319
3434320
3434321
3434322
3434323
3434324
3434325
3434326
3434327
3434328
3434329
3434330
3434331
3434332
3434333
3434334
3434335
3434336
3434337
3434338
3434339
3434340
3434341
3434342
3434343
3434344
3434345
3434346
3434347
3434348
3434349
3434350
3434351
3434352
3434353
3434354
3434355
3434356
3434357
3434358
3434359
3434360
3434361
3434362
3434363
3434364
3434365
3434366
3434367
3434368
3434369
3434370
3434371
3434372
3434373
3434374
3434375
3434376
3434377
3434378
3434379
3434380
3434381
3434382
3434383
3434384
3434385
3434386
3434387
3434388
3434389
3434390
3434391
3434392
3434393
3434394
3434395
3434396
3434397
3434398
3435081
3435082
3435083
3435084
3435085
3435086
3435087
3435088
3435089
3435090
3435091
3435092
3435093
3435094
3435095
3435096
3435097
3435098
3435099
3435100
3435101
3435102
3435103
3435104
3435105
3435106
3435107
3435108
3435109
3435110
3435111
3435112
3435113
3435114
3435115
3435116
3435117
3435118
3435119
3435120
3435121
3435122
3435123
3435124
3435125
3435126
3435127
3435128
3435129
3435130
3435131
3435132
3435133
3435134
3435135
3435136
3435137
3435138
3435139
3435140
3435141
3435142
3435143
3435144
3435145
3435146
3435147
3435148
3435149
3435150
3435151
3435152
3435153
3435154
3435155
3435156
3435157
3435158
3435159
3435160
3435161
3435162
3435163
3435164
3435165
3435166
3435167
3435168
3435169
3435170
3435171
3435172
3435173
3435174
3435175
3435176
3435177
3435178
3435179
3435180
3435181
3435182
3435183
3435184
3435185
3435186
3435187
3435188
3435189
3435190
3435191
3435192
3435193
3435194
3435195
3435196
3435197
3435198
3435199
3435200
3435201
3435202
3435203
3435204
3435205
3449012
3449013
3449014
3449015
3449016
3449017
3449018
3449019
3449020
3449021
3449022
3449023
3449024
3449025
3449026
3449027
3449028
3449029
3449030
3449031
3449032
3449033
3449034
3449035
3449036
3449037
3449038
3449039
3449040
3449041
3449042
3449043
3449044
3449045
3449046
3449047
3449048
3449049
3449050
3449051
3449052
3449053
3449054
3449055
3449056
3449057
3449058
3449059
3449060
3449061
3449062
3449063
3449064
3449065
3449066
3449067
3449068
3449069
3449070
3449071
3449072
3449073
3449074
3449075
3449076
3449077
3449078
3449079
3449080
3449081
3449082
3449083
3449084
3449085
3449086
3449087
3449088
3449089
3449090
3449091
3449092
3449093
3449094
3449095
3449096
3449097
3449098
3449099
3449100
3449101
3449102
3449103
3449104
3449105
3449106
3449107
3449108
3449109
3449110
3449111
3449112
3449113
3449114
3449115
3449116
3449117
3449118
3449119
3449120
3449121
3449122
3449123
3449124
3449125
3449126
3449127
3449128
3449129
3449130
3449131
3449132
3449133
3449134
3449135
3449136
3449137
3452480
3452481
3452482
3452483
3452484
3452485
3452486
3452487
3452488
3452489
3452490
3452491
3452492
3452493
3452494
3452495
3452496
3452497
3452498
3452499
3452500
3452501
3452502
3452503
3452504
3452505
3452506
3452507
3452508
3452509
3452510
3452511
3452512
3452513
3452514
3452515
3452516
3452517
3452518
3452519
3452520
3452521
3452522
3452523
3452524
3452525
3452526
3452527
3452528
3452529
3452530
3452531
3452532
3452533
3452534
3452535
3452536
3452537
3452538
3452539
3452540
3452541
3452542
3452543
3452544
3452545
3452546
3452547
3452548
3452549
3452550
3452551
3452552
3452553
3452554
3452555
3452556
3452557
3452558
3452559
3452560
3452561
3452562
3452563
3452564
3452565
3452566
3452567
3452568
3452569
3452570
3452571
3452572
3452573
3452574
3452575
3452576
3452577
3452578
3452579
3452580
3452581
3452582
3452583
3452584
3452585
3452586
3452587
3452588
3452589
3452590
3452591
3452592
3452593
3452594
3452595
3452596
3452597
3452598
3452599
3452600
3452601
3452602
3452603
3452604
3452605
3452606
3452607
3452608
3452609
3452610
3452611
3452612
3452613
3452614
3452615
3452616
3452617
3452618
3452619
3452620
3452621
3452622
3452623
3452624
3452625
3452626
3452627
3452628
3452629
3452630
3452631
3452632
3452633
3452634
3452635
3452636
3452637
3452638
3452639
3452640
3452641
3452642
3452643
3452644
3452645
3452646
3452647
3452648
3452649
3452650
3452651
3452652
3452653
3452654
3452655
3452656
3452657
3452658
3452659
3452660
3452661
3452662
3452663
3452664
3453761
3453762
3453763
3453764
3453765
3453766
3453767
3453768
3453769
3453770
3453771
3453772
3453773
3453774
3453775
3453776
3453777
3453778
3453779
3453780
3453781
3453782
3453783
3453784
3453785
3453786
3453787
3453788
3453789
3453790
3453791
3453792
3453793
3453794
3453795
3453796
3453797
3453798
3453799
3453800
3453801
3453802
3453803
3453804
3453805
3453806
3453807
3453808
3453809
3453810
3453811
3453812
3453813
3453814
3453815
3453816
3453817
3453818
3453819
3453820
3453821
3453822
3453823
3453824
3453825
3453826
3453827
3453828
3453829
3453830
3453831
3453832
3453833
3453834
3453835
3453836
3453837
3453838
3453839
3453840
3453841
3453842
3453843
3453844
3453845
3453846
3453847
3453848
3453849
3453850
3453851
3453852
3453853
3453854
3453855
3453856
3453857
3453858
3453859
3453860
3453861
3453862
3453863
3453864
3453865
3453866
3453867
3453868
3453869
3453870
3453871
3453872
3453873
3453874
3453875
3453876
3453877
3453878
3453879
3453880
3453881
3453882
3453883
3453884
3453885
3453886
3453887
3453888
3453889
3453890
3453891
3453892
3453893
3453894
3453895
3453896
3453897
3453898
3453899
3453900
3453901
3453902
3453903
3453904
3453905
3453906
3453907
3453908
3453909
3453910
3453911
3453912
3453913
3453914
3456548
3456549
3456550
3456551
3456552
3456553
3456554
3456555
3456556
3456557
3456558
3456559
3456560
3456561
3456562
3456563
3456564
3456565
3456566
3456567
3456568
3456569
3456570
3456571
3456572
3456573
3456574
3456575
3456576
3456577
3456578
3456579
3456580
3456581
3456582
3456583
3456584
3456585
3456586
3456587
3456588
3456589
3456590
3456591
3456592
3456593
3456594
3456595
3456596
3456597
3456598
3456599
3456600
3456601
3456602
3456603
3456604
3456605
3456606
3456607
3456608
3456609
3456610
3456611
3456612
3456613
3456614
3456615
3456616
3456617
3456618
3456619
3456620
3456621
3456622
3456623
3456624
3456625
3456626
3456627
3456628
3456629
3456630
3456631
3456632
3456633
3462750
3462751
3462752
3462753
3462754
3462755
3462756
3462757
3462758
3462759
3462760
3462761
3462762
3462763
3462764
