51273858
51273859
51273860
51273861
51273862
51273863
51273864
51273865
51273866
51273867
51273868
51273869
51273870
51273871
51273872
51273873
51273874
51273875
51273876
51273877
51273878
51273879
51273880
51273881
51273882
51273883
51273884
51273885
51273886
51273887
51273888
51273889
51273890
51273891
51273892
51273893
51273894
51273895
51273896
51273897
51273898
51273899
51273900
51273901
51273902
51273903
51273904
51273905
51273906
51273907
51273908
51273909
51273910
51273911
51273912
51273913
51273914
51273915
51273916
51273917
51273918
51273919
51273920
51273921
51273922
51273923
51273924
51273925
51273926
51273927
51273928
51273929
51273930
51273931
51273932
51273933
51273934
51273935
51273936
51273937
51273938
51273939
51273940
51273941
51273942
51273943
51273944
51273945
51273946
51273947
51273948
51273949
51273950
51273951
51273952
51273953
51273954
51273955
51273956
51273957
51273958
51273959
51273960
51273961
51273962
51273963
51273964
51273965
51273966
51273967
51273968
51273969
51273970
51273971
51273972
51273973
51273974
51273975
51273976
51273977
51273978
51273979
51273980
51273981
51273982
51273983
51273984
51273985
51273986
51273987
51273988
51273989
51273990
51273991
51273992
51273993
51273994
51273995
51273996
51273997
51273998
51273999
51274000
51274001
51274002
51274003
51274004
51274005
51274006
51274007
51274008
51274009
51274010
51274011
51274012
51274013
51274014
51274015
51274016
51274017
51274018
51274019
51274020
51274021
51274022
51274023
51274024
51274025
51274026
51274027
51274028
51274029
51274030
51274031
51274032
51274033
51274034
51274035
51274036
51274037
51274038
51274039
51274040
51274041
51274042
51274043
51274044
51274045
51274046
51274047
51274048
51274049
51274050
51274051
51274052
51274053
51274054
51274055
51274056
51274057
51274058
51274059
51274060
51274061
51274062
51274063
51274064
51274065
51274066
51274067
51274068
51274069
51274070
51274071
51274072
51274073
51274074
51274075
51274076
51274077
51274078
51274079
51274080
51274081
51274082
51274083
51274084
51274085
51274086
51274087
51274088
51274089
51274090
51274091
51274092
51274093
51274094
51274095
51274096
51274097
51274098
51274099
51274100
51274101
51274102
51274103
51274104
51274105
51274106
51274107
51274108
51274109
51274110
51274111
51274112
51274113
51274114
51274115
51274116
51274117
51274118
51274119
51274120
51274121
51274122
51274123
51274124
51274125
51274126
51274127
51274128
51274129
51274130
51274131
51274132
51274133
51274134
51274135
51274136
51274137
51274138
51274139
51274140
51274141
51274142
51274143
51274144
51274145
51274146
51274147
51274148
51274149
51274150
51274151
51274152
51274153
51274154
51274155
51274156
51274157
51274158
51274159
51274160
51274161
51274162
51274163
51274164
51274165
51274166
51274167
51274168
51274169
51274170
51274171
51274172
51274173
51274174
51274175
51274176
51274177
51274178
51274179
51274180
51274181
51274182
51274183
51274184
51274185
51274186
51274187
51274188
51274189
51274190
51274191
51274192
51274193
51274194
51274195
51274196
51274197
51274198
51274199
51274200
51274201
51274202
51274203
51274204
51274205
51274206
51274207
51274208
51274209
51274210
51274211
51274212
51274213
51274214
51274215
51274216
51274217
51274218
51274219
51274220
51274221
51274222
51274223
51274224
51274225
51274226
51274227
51274228
51274229
51274230
51274231
51274232
51274233
51274234
51274235
51274236
51274237
51274238
51274239
51274240
51274241
51274242
51274243
51274244
51274245
51274246
51274247
51274248
51274249
51274250
51274251
51274252
51274253
51274254
51274255
51274256
51274257
51274258
51274259
51274260
51274261
51274262
51274263
51274264
51274265
51274266
51274267
51274268
51274269
51274270
51274271
51274272
51274273
51274274
51274275
51274276
51274277
51274278
51274279
51274280
51274281
51274282
51274283
51274284
51274285
51274286
51274287
51274288
51274289
51274290
51274291
51274292
51274293
51274294
51274295
51274296
51274297
51274298
51274299
51274300
51274301
51274302
51274303
51274304
51274305
51274306
51274307
51274308
51274309
51274310
51274311
51274312
51274313
51274314
51274315
51274316
51274317
51274318
51274319
51274320
51274321
51274322
51274323
51274324
51274325
51274326
51274327
51274328
51274329
51274330
51274331
51274332
51274333
51274334
51274335
51274336
51274337
51274338
51274339
51274340
51274341
51274342
51274343
51274344
51274345
51274346
51274347
51274348
51274349
51274350
51274351
51274352
51274353
51274354
51274355
51274356
51274357
51274358
51274359
51274360
51274361
51274362
51274363
51274364
51274365
51274366
51274367
51274368
51274369
51274370
51274371
51274372
51274373
51274374
51274375
51274376
51274377
51274378
51274379
51274380
51274381
51274382
51274383
51274384
51274385
51274386
51274387
51274388
51274389
51274390
51274391
51274392
51274393
51274394
51274395
51274396
51274397
51274398
51274399
51274400
51274401
51274402
51274403
51274404
51274405
51274406
51274407
51274408
51274409
51274410
51274411
51274412
51274413
51274414
51274415
51274416
51274417
51274418
51274419
51274420
51274421
51274422
51274423
51274424
51274425
51274426
51274427
51274428
51274429
51274430
51274431
51274432
51274433
51274434
51274435
51274436
51274437
51274438
51274439
51274440
51274441
51274442
51274443
51274444
51274445
51274446
51274447
51274448
51274449
51274450
51274451
51274452
51274453
51274454
51274455
51274456
51274457
51274458
51274459
51274460
51274461
51274462
51274463
51274464
51274465
51274466
51274467
51274468
51274469
51274470
51274471
51274472
51274473
51274474
51274475
51274476
51274477
51274478
51274479
51274480
51274481
51274482
51274483
51274484
51274485
51274486
51274487
51274488
51274489
51274490
51274491
51274492
51274493
51274494
51274495
51274496
51274497
51274498
51274499
51274500
51274501
51274502
51274503
51274504
51274505
51274506
51274507
51274508
51274509
51274510
51274511
51274512
51274513
51274514
51274515
51274516
51274517
51274518
51274519
51274520
51274521
51274522
51274523
51274524
51274525
51274526
51274527
51274528
51274529
51274530
51274531
51274532
51274533
51274534
51274535
51274536
51274537
51274538
51274539
51274540
51274541
51274542
51274543
51274544
51274545
51274546
51274547
51274548
51274549
51274550
51274551
51274552
51274553
51274554
51274555
51274556
51274557
51274558
51274559
51274560
51274561
51274562
51274563
51274564
51274565
51274566
51274567
51274568
51274569
51274570
51274571
51274572
51274573
51274574
51274575
51274576
51274577
51274578
51274579
51274580
51274581
51274582
51274583
51274584
51274585
51274586
51274587
51274588
51274589
51274590
51274591
51274592
51274593
51274594
51274595
51274596
51274597
51274598
51274599
51274600
51274601
51274602
51274603
51274604
51274605
51274606
51274607
51274608
51274609
51274610
51274611
51274612
51274613
51274614
51274615
51274616
51274617
51274618
51274619
51274620
51274621
51274622
51274623
51274624
51274625
51274626
51274627
51274628
51274629
51274630
51274631
51274632
51274633
51274634
51274635
51274636
51274637
51274638
51274639
51274640
51274641
51274642
51274643
51274644
51274645
51274646
51274647
51274648
51274649
51274650
51274651
51274652
51274653
51274654
51274655
51274656
51274657
51274658
51274659
51274660
51274661
51274662
51274663
51274664
51274665
51274666
51274667
51274668
51274669
51274670
51274671
51274672
51274673
51274674
51274675
51274676
51274677
51274678
51274679
51274680
51274681
51274682
51274683
51274684
51274685
51274686
51274687
51274688
51274689
51274690
51274691
51274692
51274693
51274694
51274695
51274696
51274697
51274698
51274699
51274700
51274701
51274702
51274703
51274704
51274705
51274706
51274707
51274708
51274709
51274710
51274711
51274712
51274713
51274714
51274715
51274716
51274717
51274718
51274719
51274720
51274721
51274722
51274723
51274724
51274725
51274726
51274727
51274728
51274729
51274730
51274731
51274732
51274733
51274734
51274735
51274736
51274737
51274738
51274739
51274740
51274741
51274742
51274743
51274744
51274745
51274746
51274747
51274748
51274749
51274750
51274751
51274752
51274753
51274754
51274755
51274756
51274757
51274758
51274759
51274760
51274761
51274762
51274763
51274764
51274765
51274766
51274767
51274768
51274769
51274770
51274771
51274772
51274773
51274774
51274775
51274776
51274777
51274778
51274779
51274780
51274781
51274782
51274783
51274784
51274785
51274786
51274787
51274788
51274789
51274790
51274791
51274792
51274793
51274794
51274795
51274796
51274797
51274798
51274799
51274800
51274801
51274802
51274803
51274804
51274805
51274806
51274807
51274808
51274809
51274810
51274811
51274812
51274813
51274814
51274815
51274816
51274817
51274818
51274819
51274820
51274821
51274822
51274823
51274824
51274825
51274826
51274827
51274828
51274829
51274830
51274831
51274832
51274833
51274834
51274835
51274836
51274837
51274838
51274839
51274840
51274841
51274842
51274843
51274844
51274845
51274846
51274847
51274848
51274849
51274850
51274851
51274852
51274853
51274854
51274855
51274856
51274857
51274858
51274859
51274860
51274861
51274862
51274863
51274864
51274865
51274866
51274867
51274868
51274869
51274870
51274871
51274872
51274873
51274874
51274875
51274876
51274877
51274878
51274879
51274880
51274881
51274882
51274883
51274884
51274885
51274886
51274887
51274888
51274889
51274890
51274891
51274892
51274893
51274894
51274895
51274896
51274897
51274898
51274899
51274900
51274901
51274902
51274903
51274904
51274905
51274906
51274907
51274908
51274909
51274910
51274911
51274912
51274913
51274914
51274915
51274916
51274917
51274918
51274919
51274920
51274921
51274922
51274923
51274924
51274925
51293672
51293673
51293674
51293675
51293676
51293677
51293678
51293679
51293680
51293681
51293682
51293683
51293684
51293685
51293686
51293687
51293688
51293689
51293690
51293691
51293692
51293693
51293694
51293695
51293696
51293697
51293698
51293699
51293700
51293701
51293702
51293703
51293704
51293705
51293706
51293707
51293708
51293709
51293710
51293711
51293712
51293713
51293714
51293715
51293716
51293717
51293718
51293719
51293720
51293721
51293722
51293723
51293724
51293725
51293726
51293727
51293728
51293729
51293730
51293731
51293732
51293733
51293734
51293735
51293736
51293737
51293738
51293739
51293740
51293741
51293742
51293743
51293744
51293745
51293746
51293747
51293748
51293749
51293750
51293751
51293752
51293753
51293754
51293755
51293756
51293757
51293758
51293759
51293760
51293761
51293762
51293763
51293764
51293765
51293766
51293767
51293768
51293769
51293770
51293771
51293772
51293773
51293774
51293775
51293776
51293777
51293778
51293779
51293780
51293781
51293782
51293851
51293852
51293853
51293854
51293855
51293856
51293857
51293858
51293859
51293860
51293861
51293862
51293863
51293864
51293865
51293866
51293867
51293868
51293869
51293870
51293871
51293872
51293873
51293874
51293875
51293876
51293877
51293878
51293879
51293880
51293881
51293882
51293883
51293884
51293885
51293886
51293887
51293888
51293889
51293890
51293891
51293892
51293893
51293894
51293895
51293896
51293897
51293898
51293899
51293900
51293901
51293902
51293903
51293904
51293905
51293906
51293907
51293908
51293909
51293910
51293911
51293912
51293913
51293914
51293915
51293916
51293917
51293918
51293919
51293920
51293921
51293922
51293923
51293924
51293925
51293926
51293927
51293928
51293929
51293930
51293931
51293932
51293933
51293934
51293935
51293936
51293937
51293938
51293939
51293940
51293941
51293942
51293943
51293944
51293945
51293946
51293947
51293948
51293949
51293950
51293951
51293952
51293953
51293954
51293955
51294031
51294032
51294033
51294034
51294035
51294036
51294037
51294038
51294039
51294040
51294041
51294042
51294043
51294044
51294045
51294046
51294047
51294048
51294049
51294050
51294051
51294052
51294053
51294054
51294055
51294056
51294057
51294058
51294059
51294060
51294061
51294062
51294063
51294064
51294065
51294066
51294067
51294068
51294069
51294070
51294071
51294072
51294073
51294074
51294075
51294076
51294077
51294078
51294079
51294080
51294081
51294082
51294083
51294084
51294085
51294086
51294087
51294088
51294089
51294090
51294091
51294092
51294093
51294094
51294095
51294096
51294097
51294098
51294099
51294100
51294101
51294102
51294103
51294104
51294105
51294106
51294107
51294108
51294109
51294110
51294111
51294112
51294113
51294114
51294115
51294116
51294117
51294913
51294914
51294915
51294916
51294917
51294918
51294919
51294920
51294921
51294922
51294923
51294924
51294925
51294926
51294927
51294928
51294929
51294930
51294931
51294932
51294933
51294934
51294935
51294936
51294937
51294938
51294939
51294940
51294941
51294942
51294943
51294944
51294945
51294946
51294947
51294948
51294949
51294950
51294951
51294952
51294953
51294954
51294955
51294956
51294957
51294958
51294959
51294960
51294961
51294962
51294963
51294964
51294965
51294966
51294967
51294968
51294969
51294970
51294971
51294972
51294973
51294974
51294975
51294976
51294977
51294978
51294979
51294980
51294981
51294982
51294983
51294984
51294985
51294986
51294987
51294988
51294989
51294990
51294991
51294992
51294993
51294994
51294995
51294996
51294997
51294998
51294999
51295000
51295001
51295002
51295003
51295004
51295005
51295006
51295007
51295008
51295009
51295010
51295011
51295012
51295013
51295014
51295015
51295016
51295017
51295018
51295019
51295020
51295021
51295022
51295023
51295024
51295025
51295026
51295027
51295028
51295029
51295030
51295031
51295032
51295033
51295034
51295035
51295036
51295037
51295038
51295039
51295040
51295041
51295042
51295043
51295044
51295045
51295046
51295047
51295048
51295049
51295050
51295051
51295052
51295053
51295054
51295055
51295056
51295057
51295058
51295059
51295330
51295331
51295332
51295333
51295334
51295335
51295336
51295337
51295338
51295339
51295340
51295341
51295342
51295343
51295344
51295345
51295346
51295347
51295348
51295349
51295350
51295351
51295352
51295353
51295354
51295355
51295356
51295357
51295358
51295359
51295360
51295361
51295362
51295363
51295364
51295365
51295366
51295367
51295368
51295369
51295370
51295371
51295372
51295373
51295374
51295375
51295376
51295377
51295378
51295379
51295380
51295381
51295382
51295383
51295384
51295385
51295386
51295387
51295388
51295389
51295390
51295391
51295392
51295393
51295394
51295395
51295396
51295397
51295398
51295399
51295400
51295401
51295402
51295403
51295404
51295405
51295406
51295407
51295408
51295409
51295410
51295411
51295412
51295413
51295414
51295415
51295416
51295417
51295418
51295419
51295420
51295421
51295422
51295423
51295424
51295425
51295426
51295427
51295428
51295499
51295500
51295501
51295502
51295503
51295504
51295505
51295506
51295507
51295508
51295509
51295510
51295511
51295512
51295513
51295514
51295515
51295516
51295517
51295518
51295519
51295520
51295521
51295522
51295523
51295524
51295525
51295526
51295527
51295528
51295529
51295530
51295531
51295532
51295533
51295534
51295535
51295536
51295537
51295538
51295539
51295540
51295541
51295542
51295543
51295544
51295545
51295546
51295547
51295548
51295549
51295550
51295551
51295552
51295553
51295554
51295555
51295556
51295557
51295558
51295559
51295560
51295561
51295562
51295563
51295564
51295565
51295566
51295567
51295568
51295569
51295570
51295571
51295572
51295573
51295574
51295575
51295576
51295577
51295578
51295579
51295580
51295581
51295582
51295583
51295584
51295585
51295586
51295587
51295588
51295589
51295590
51295591
51295592
51295593
51295594
51296941
51296942
51296943
51296944
51296945
51296946
51296947
51296948
51296949
51296950
51296951
51296952
51296953
51296954
51296955
51296956
51296957
51296958
51296959
51296960
51296961
51296962
51296963
51296964
51296965
51296966
51296967
51296968
51296969
51296970
51296971
51296972
51296973
51296974
51296975
51296976
51296977
51296978
51296979
51296980
51296981
51296982
51296983
51296984
51296985
51296986
51296987
51296988
51296989
51296990
51296991
51296992
51296993
51296994
51296995
51296996
51296997
51296998
51296999
51297000
51297001
51297002
51297003
51297004
51297005
51297006
51297007
51297008
51297009
51297010
51297011
51297012
51297013
51297014
51297015
51297016
51297017
51297018
51297019
51297020
51297021
51297022
51297023
51297024
51297025
51297026
51297027
51297028
51297029
51297030
51297031
51297032
51297033
51297034
51297035
51297036
51297037
51297038
51297039
51297040
51297041
51297042
51297043
51297044
51297045
51297046
51297047
51297048
51297049
51297050
51297051
51297052
51297053
51297054
51297055
51297056
51297057
51297058
51297059
51297060
51297061
51297062
51297063
51297064
51297065
51297066
51297067
51297068
51297069
51297070
51297071
51297072
51297073
51297145
51297146
51297147
51297148
51297149
51297150
51297151
51297152
51297153
51297154
51297155
51297156
51297157
51297158
51297159
51297160
51297161
51297162
51297163
51297164
51297165
51297166
51297167
51297168
51297169
51297170
51297171
51297172
51297173
51297174
51297175
51297176
51297177
51297178
51297179
51297180
51297181
51297182
51297183
51297184
51297185
51297186
51297187
51297188
51297189
51297190
51297191
51297192
51297193
51297194
51297195
51297196
51297197
51297198
51297199
51297200
51297201
51297202
51297203
51297204
51297205
51297206
51297207
51297208
51297209
51297210
51297211
51297212
51297213
51297214
51297215
51297216
51297217
51297218
51297219
51297220
51297221
51297222
51297223
51297224
51297225
51297226
51297227
51297714
51297715
51297716
51297717
51297718
51297719
51297720
51297721
51297722
51297723
51297724
51297725
51297726
51297727
51297728
51297729
51297730
51297731
51297732
51297733
51297734
51297735
51297736
51297737
51297738
51297739
51297740
51297741
51297742
51297743
51297744
51297745
51297746
51297747
51297748
51297749
51297750
51297751
51297752
51297753
51297754
51297755
51297756
51297757
51297758
51297759
51297760
51297761
51297762
51297763
51297764
51297765
51297766
51297767
51297768
51297769
51297770
51297771
51297772
51297773
51297774
51297775
51297776
51297777
51297778
51297779
51297780
51297781
51297782
51297783
51297784
51297785
51297786
51297787
51297788
51297789
51297790
51297791
51297792
51297793
51297794
51297795
51297796
51297797
51297798
51297799
51297800
51297801
51297802
51297803
51297804
51297805
51297806
51297807
51297808
51297809
51297810
51297811
51297812
51297813
51297814
51297815
51297816
51297817
51297818
51297819
51297820
51297821
51297822
51297823
51297824
51297825
51297826
51297827
51297828
51297829
51297830
51297831
51297832
51297833
51297834
51297835
51297836
51297837
51297838
51298043
51298044
51298045
51298046
51298047
51298048
51298049
51298050
51298051
51298052
51298053
51298054
51298055
51298056
51298057
51298058
51298059
51298060
51298061
51298062
51298063
51298064
51298065
51298066
51298067
51298068
51298069
51298070
51298071
51298072
51298073
51298074
51298075
51298076
51298077
51298078
51298079
51298080
51298081
51298082
51298083
51298084
51298085
51298086
51298087
51298088
51298089
51298090
51298091
51298092
51298093
51298094
51298095
51298096
51298097
51298098
51298099
51298100
51298101
51298102
51298103
51298104
51298105
51298106
51298107
51298108
51298109
51298110
51298111
51298112
51298113
51298114
51298115
51298116
51298117
51298118
51298119
51298120
51298121
51298122
51298123
51298124
51298125
51298126
51298127
51298128
51298129
51298130
51298131
51298132
51298133
51298134
51298135
51298136
51298137
51298138
51298139
51298140
51298141
51298142
51298143
51298144
51298145
51298146
51298147
51298148
51298149
51298150
51298151
51298152
51298153
51298154
51298155
51298156
51298157
51298158
51298159
51298160
51298161
51298162
51298163
51298164
51298165
51298166
51298167
51298168
51298169
51298170
51298171
51298172
51298173
51298174
51298175
51298176
51298177
51298178
51298179
51298180
51298181
51298182
51298183
51298184
51298185
51298186
51298187
51298188
51298189
51298190
51298191
51298192
51298193
51298194
51298195
51298196
51298197
51298198
51298199
51298200
51298201
51298202
51298203
51298204
51298205
51298206
51298207
51298208
51298209
51298210
51298211
51298212
51298213
51298214
51298215
51298216
51298217
51298218
51298219
51298220
51298221
51298300
51298301
51298302
51298303
51298304
51298305
51298306
51298307
51298308
51298309
51298310
51298311
51298312
51298313
51298314
51298315
51298316
51298317
51298318
51298319
51298320
51298321
51298322
51298323
51298324
51298325
51298326
51298327
51298328
51298329
51298330
51298331
51298332
51298333
51298334
51298335
51298336
51298337
51298338
51298339
51298340
51298341
51298342
51298343
51298344
51298345
51298346
51298347
51298348
51298349
51298350
51298351
51298352
51298353
51298354
51298355
51298356
51298357
51298358
51298359
51298360
51298361
51298362
51298363
51298364
51298365
51298366
51298367
51298368
51298369
51298370
51298371
51298372
51298373
51298374
51298375
51298376
51298377
51298378
51298379
51298380
51298381
51298382
51298383
51298384
51298385
51298386
51298387
51298388
51298389
51298390
51298391
51298392
51298393
51298394
51298395
51298396
51298397
51298398
51298399
51298400
51298401
51298402
51298403
51298404
51298405
51298406
51298407
51298408
51298409
51298410
51298411
51298412
51301355
51301356
51301357
51301358
51301359
51301360
51301361
51301362
51301363
51301364
51301365
51301366
51301367
51301368
51301369
51301370
51301371
51301372
51301373
51301374
51301375
51301376
51301377
51301378
51301379
51301380
51301381
51301382
51301383
51301384
51301385
51301386
51301387
51301388
51301389
51301390
51301391
51301392
51301393
51301394
51301395
51301396
51301397
51301398
51301399
51301400
51301401
51301402
51301403
51301404
51301405
51301406
51301407
51301408
51301409
51301410
51301411
51301412
51301413
51301414
51301415
51301416
51301417
51301418
51301419
51301420
51301421
51301422
51301423
51301424
51301425
51301426
51301427
51301428
51301429
51301430
51301431
51301432
51301433
51301434
51301435
51301436
51301437
51301438
51301439
51301440
51301441
51301442
51301443
51301444
51301445
51301446
51301447
51301448
51301449
51301450
51301451
51301452
51301453
51301454
51301455
51301456
51301457
51301458
51301459
51301460
51301461
51301462
51301463
51301464
51301465
51301466
51301467
51301468
51301469
51301470
51301471
51301472
51301473
51301474
51301475
51301476
51301477
51301478
51301479
51301480
51301481
51301482
51301483
51301484
51301485
51301486
51301487
51301488
51301489
51301490
51301491
51301492
51301493
51301494
51301495
51301496
51301497
51301498
51301499
51301500
51301501
51301502
51301503
51301504
51301505
51301506
51301507
51301508
51301509
51301510
51301511
51301512
51301513
51301514
51301515
51301516
51301517
51301518
51301519
51301520
51301521
51301522
51301523
51301524
51301525
51301526
51301527
51301528
51301529
51301530
51301531
51301532
51301533
51301534
51301535
51301536
51301537
51301538
51301539
51301540
51301541
51301542
51301543
51301544
51301545
51301546
51301547
51301548
51301549
51301550
51301551
51301552
51301553
51301554
51301555
51301556
51301557
51301558
51301559
51301560
51301561
51301562
51301563
51301564
51301565
51301566
51301567
51301568
51301569
51301570
51301571
51301572
51301573
51301574
51301575
51301576
51301577
51301578
51301579
51301580
51301581
51301582
51301583
51301584
51301585
51301586
51301587
51301588
51301589
51301590
51301591
51301592
51301593
51301594
51301595
51301596
51301597
51301598
51301599
51301600
51301601
51301602
51301603
51301604
51301605
51301606
51301607
51301608
51301609
51301610
51301611
51301612
51301613
51301614
51301615
51301616
51301617
51301618
51301619
51301620
51301621
51301622
51301623
51301624
51301625
51301626
51301627
51301628
51301629
51301630
51301631
51301632
51301633
51301634
51301635
51301636
51301637
51301638
51301639
51301640
51301641
51301642
51301643
51301644
51301645
51301646
51301647
51301648
51301649
51301650
51301651
51301652
51301653
51301654
51301655
51301656
51301657
51301658
51301659
51301660
51301661
51301662
51301663
51301664
51301665
51301666
51301667
51301668
51301669
51301670
51301671
51301672
51301673
51301674
51301675
51301676
51301677
51301678
51301679
51301680
51301681
51301682
51301683
51301684
51301685
51301686
51301687
51301688
51301689
51301690
51301691
51301692
51301693
51301694
51301695
51301696
51301697
51301698
51301699
51301700
51301701
51301702
51301703
51301704
51301705
51326959
51326960
51326961
51326962
51326963
51326964
51326965
51326966
51326967
51326968
51326969
51326970
51326971
51326972
51326973
51326974
51326975
51326976
51326977
51326978
51326979
51326980
51326981
51326982
51326983
51326984
51326985
51326986
51326987
51326988
51326989
51326990
51326991
51326992
51326993
51326994
51326995
51326996
51326997
51326998
51326999
51327000
51327001
51327002
51327003
51327004
51324968
51324969
51324970
51324971
51324972
51324973
51324974
51324975
51324976
51324977
51324978
51324979
51324980
51324981
51324982
51324983
51324984
51324985
51324986
51324987
51324988
51324989
51324990
51324991
51324992
51324993
51324994
51324995
51324996
51324997
51324998
51324999
51325000
51325001
51325002
51325003
51325004
51325005
51325006
51325007
51325008
51325009
51325010
51325011
51325012
51325013
51325014
51325015
51325016
51325017
51325018
51325019
51325020
51325021
51325022
51325023
51325024
51325025
51325026
51325027
51325028
51325029
51325030
51325031
51325032
51325033
51325034
51325035
51325036
51325037
51325038
51325039
51325040
51325041
51325042
51325043
51325044
51325045
51325046
51325047
51325048
51325049
51325050
51325051
51325052
51325053
51325054
51325055
51325056
51325057
51325058
51325059
51325060
51325061
51325062
51325063
51325064
51325065
51325066
51325067
51325068
51325069
51325070
51325071
51325072
51325073
51325074
51325075
51325076
51325077
51325078
51325079
51325080
51325081
51325082
51325083
51325084
51325085
51325086
51325087
51325088
51325089
51325090
51325091
51325092
51325093
51325094
51325095
51325096
51325097
51325098
51325099
51325100
51325101
51325102
51325103
51325104
51325105
51325106
51325107
51325108
51325109
51325110
51325111
51325112
51325113
51325114
51325115
51325116
51325117
51325118
51325119
51325120
51325121
51325122
51325123
51325124
51325125
51325126
51325127
51323410
51323411
51323412
51323413
51323414
51323415
51323416
51323417
51323418
51323419
51323420
51323421
51323422
51323423
51323424
51323425
51323426
51323427
51323428
51323429
51323430
51323431
51323432
51323433
51323434
51323435
51323436
51323437
51323438
51323439
51323440
51323441
51323442
51323443
51323444
51323445
51323446
51323447
51323448
51323449
51323450
51323451
51323452
51323453
51323454
51323455
51323456
51323457
51323458
51323459
51323460
51323461
51323462
51323463
51323464
51323465
51323466
51323467
51323468
51323469
51323470
51323471
51323472
51323473
51323474
51323475
51323476
51323477
51323478
51323479
51323480
51323481
51323482
51323483
51323484
51323485
51323486
51323487
51323488
51323489
51323490
51323491
51323492
51323493
51323494
51323495
51323496
51323497
51323498
51323499
51323500
51323501
51323502
51323503
51323504
51323505
51323506
51323507
51323508
51323509
51323510
51323511
51323512
51323513
51323514
51323515
51323516
51323517
51323518
51323519
51323520
51323521
51323522
51323523
51323524
51323525
51323526
51323527
51323528
51323529
51323530
51323531
51323532
51323533
51323534
51323535
51323536
51323537
51323538
51323539
51323540
51323541
51323542
51323543
51323544
51323545
51323546
51323547
51323548
51323549
51323550
51323551
51323552
51323553
51323554
51323555
51323556
51323557
51323558
51323559
51323560
51323561
51323562
51323563
51323564
51323565
51323566
51323567
51323568
51323569
51323570
51323571
51323572
51323573
51323574
51323575
51323576
51323577
51323578
51323579
51323580
51323581
51323582
51323583
51323584
51323585
51323586
51323587
51323588
51323589
51323590
51323591
51323592
51323593
51323594
51323595
51323596
51323597
51323598
51323599
51323600
51323601
51323602
51323603
51323604
51323605
51323606
51323607
51323608
51323609
51323610
51323611
51323612
51323613
51323614
51323615
51323616
51323617
51323618
51323619
51323620
51323621
51323622
51323623
51323624
51323625
51323626
51323627
51323628
51323629
51323630
51323631
51323632
51323633
51323634
51323635
51323636
51323637
51323638
51323639
51323640
51323641
51323642
51323643
51323644
51323645
51323646
51323647
51323648
51323649
51323650
51323651
51323652
51323653
51323654
51323655
51323656
51323657
51323658
51323659
51323660
51323661
51323662
51323663
51323664
51323665
51323666
51323667
51323668
51323669
51323670
51323671
51323672
51323673
51323674
51323675
51323676
51323677
51323678
51323679
51323680
51323681
51323682
51323683
51323684
51323685
51323686
51323687
51323688
51323689
51323690
51323691
51323692
51323693
51323694
51323695
51323696
51323697
51323698
51323699
51323155
51323156
51323157
51323158
51323159
51323160
51323161
51323162
51323163
51323164
51323165
51323166
51323167
51323168
51323169
51323170
51323171
51323172
51323173
51323174
51323175
51323176
51323177
51323178
51323179
51323180
51323181
51323182
51323183
51323184
51323185
51323186
51323187
51323188
51323189
51323190
51323191
51323192
51323193
51323194
51323195
51323196
51323197
51323198
51323199
51323200
51323201
51323202
51323203
51323204
51323205
51323206
51323207
51323208
51323209
51323210
51323211
51323212
51323213
51323214
51323215
51323216
51323217
51323218
51323219
51323220
51323221
51323222
51323223
51323224
51323225
51323226
51323227
51323228
51323229
51323230
51323231
51323232
51323233
51323234
51323235
51323236
51323237
51323238
51323239
51323240
51323241
51323242
51323243
51323244
51323245
51323246
51323247
51323248
51323249
51323250
51323251
51323252
51323253
51323254
51323255
51323256
51323257
51323258
51323259
51323260
51323261
51323262
51323263
51323264
51323265
51323266
51323267
51323268
51323269
51323270
51323271
51323272
51323273
51323274
51323275
51323276
51323277
51323278
51323279
51323280
51323281
51323282
51323283
51323284
51323285
51323286
51323287
51323288
51323289
51323290
51323291
51322453
51322454
51322455
51322456
51322457
51322458
51322459
51322460
51322461
51322462
51322463
51322464
51322465
51322466
51322467
51322468
51322469
51322470
51322471
51322472
51322473
51322474
51322475
51322476
51322477
51322478
51322479
51322480
51322481
51322482
51322483
51322484
51322485
51322486
51322487
51322488
51322489
51322490
51322491
51322492
51322493
51322494
51322495
51322496
51322497
51322498
51322499
51322500
51322501
51322502
51322503
51322504
51322505
51322506
51322507
51322508
51322509
51322510
51322511
51322512
51322513
51322514
51322515
51322516
51322517
51322518
51322519
51322520
51322521
51322522
51322523
51322524
51322525
51322526
51322527
51322528
51322529
51322530
51322531
51322532
51322533
51322534
51322535
51322536
51322537
51322538
51322539
51322540
51322541
51322542
51322543
51322544
51322545
51322546
51322547
51322548
51322549
51322550
51322551
51322552
51322553
51322554
51322555
51322556
51322557
51322558
51322559
51322560
51322561
51322562
51322563
51322564
51322565
51322566
51322567
51322568
51322569
51322570
51322571
51322572
51322573
51322574
51322575
51322576
51322577
51322578
51322579
51322580
51322581
51322582
51322583
51322584
51322585
51322586
51322587
51322588
51322589
51322590
51322591
51322592
51322593
51322594
51322595
51322596
51322597
51322598
51322599
51322600
51322601
51322602
51322603
51322604
51322605
51334706
51334707
51334708
51334709
51334710
51334711
51334712
51334713
51334714
51334715
51334716
51334717
51334718
51334719
51334720
51334721
51334722
51334723
51334724
51334725
51334726
51334727
51334728
51334729
51334730
51334731
51334732
51334733
51334734
51334735
51334736
51334737
51334738
51334739
51334740
51334741
51334742
51334743
51334744
51334745
51334746
51334747
51334748
51330918
51330919
51330920
51330921
51330922
51330923
51330924
51330925
51330926
51330927
51330928
51330929
51330930
51330931
51330932
51330933
51330934
51330935
51330936
51330937
51330938
51330939
51330940
51330941
51330942
51330943
51330944
51330945
51330946
51330947
51330948
51330949
51330950
51330951
51330952
51330953
51330954
51330955
51330956
51330957
51330958
51330959
51330960
51330961
51330962
51330963
51330964
51330965
51330966
51330967
51330968
51330969
51330970
51330971
51330972
51330973
51330974
51330975
51330976
51330977
51330978
51330979
51330980
51330981
51330982
51330983
51330984
51330985
51330986
51330987
51330988
51330989
51330990
51330991
51330992
51330993
51330994
51330995
51330996
51330997
51330998
51330999
51331000
51331001
51331002
51331003
51331004
51331005
51331006
51331007
51331008
51331009
51331010
51331011
51331012
51331013
51331014
51331015
51331016
51331017
51331018
51331019
51331020
51331021
51331022
51331023
51331024
51331025
51331026
51331027
51331028
51331029
51331030
51331031
51331032
51331033
51331034
51331035
51331036
51331037
51331038
51331039
51331040
51331041
51331042
51331043
51331044
51331045
51331046
51331047
51331048
51331049
51331050
51331051
51331052
51331053
51331054
51331055
51331056
51331057
51331058
51331059
51331060
51331061
51331062
51331063
51331064
51331065
51331066
51331067
51331068
51331069
51331070
51331071
51330134
51330135
51330136
51330137
51330138
51330139
51330140
51330141
51330142
51330143
51330144
51330145
51330146
51330147
51330148
51330149
51330150
51330151
51330152
51330153
51330154
51330155
51330156
51330157
51330158
51330159
51330160
51330161
51330162
51330163
51330164
51330165
51330166
51330167
51330168
51330169
51330170
51330171
51330172
51330173
51330174
51330175
51330176
51330177
51330178
51330179
51330180
51330181
51330182
51330183
51330184
51330185
51330186
51330187
51330188
51330189
51330190
51330191
51330192
51330193
51330194
51330195
51330196
51330197
51330198
51330199
51330200
51330201
51330202
51330203
51330204
51330205
51330206
51330207
51330208
51330209
51330210
51330211
51330212
51330213
51330214
51330215
51330216
51330217
51330218
51330219
51330220
51330221
51330222
51330223
51330224
51330225
51330226
51330227
51330228
51330229
51330230
51330231
51330232
51330233
51330234
51330235
51330236
51330237
51330238
51330239
51330240
51330241
51330242
51330243
51330244
51330245
51330246
51330247
51330248
51330249
51330250
51330251
51330252
51330253
51330254
51330255
51330256
51330257
51330258
51330259
51330260
51330261
51330262
51330263
51330264
51330265
51330266
51330267
51330268
51330269
51330270
51330271
51330272
51330273
51330274
51330275
51330276
51330277
51330278
51330279
51330280
51330281
51330282
51330283
51330284
51330285
51330286
51330287
51330288
51330289
51330290
51330291
51330292
51330293
51330294
51330295
51330296
51330297
51330298
51330299
51330300
51330301
51330302
51330303
51330304
51330305
51330306
51330307
51330308
51330309
51330310
51330311
51330312
51330313
51330314
51330315
51330316
51330317
51330318
51330319
51330320
51330321
51330322
51330323
51330324
51330325
51330326
51330327
51330328
51330329
51330330
51330331
51330332
51330333
51330334
51330335
51330336
51330337
51330338
51330339
51330340
51330341
51330342
51330343
51330344
51330345
51330346
51330347
51330348
51330349
51330350
51330351
51330352
51330353
51330354
51330355
51330356
51330357
51330358
51330359
51330360
51330361
51330362
51330363
51330364
51330365
51330366
51330367
51330368
51330369
51330370
51330371
51330372
51330373
51330374
51330375
51330376
51330377
51330378
51330379
51330380
51330381
51330382
51330383
51330384
51330385
51330386
51330387
51330388
51330389
51330390
51330391
51330392
51330393
51330394
51330395
51330396
51330397
51330398
51330399
51330400
51330401
51330402
51330403
51330404
51330405
51330406
51330407
51330408
51330409
51330410
51330411
51330412
51330413
51330414
51330415
51330416
51330417
51329877
51329878
51329879
51329880
51329881
51329882
51329883
51329884
51329885
51329886
51329887
51329888
51329889
51329890
51329891
51329892
51329893
51329894
51329895
51329896
51329897
51329898
51329899
51329900
51329901
51329902
51329903
51329904
51329905
51329906
51329907
51329908
51329909
51329910
51329911
51329912
51329913
51329914
51329915
51329916
51329917
51329918
51329919
51329920
51329921
51329922
51329923
51329924
51329925
51329926
51329927
51329928
51329929
51329930
51329931
51329932
51329933
51329934
51329935
51329936
51329937
51329938
51329939
51329940
51329941
51329942
51329943
51329944
51329945
51329946
51329947
51329948
51329949
51329950
51329951
51329952
51329953
51329954
51329955
51329956
51329957
51329958
51329959
51329960
51329961
51329962
51329963
51329964
51329965
51329966
51329967
51329968
51329969
51329970
51329971
51329972
51329973
51329974
51329975
51329976
51329977
51329978
51329979
51329980
51329981
51329982
51329983
51329984
51329985
51329986
51329987
51329988
51329989
51329990
51329991
51329992
51329993
51329994
51329995
51329996
51329997
51329998
51329999
51330000
51330001
51330002
51330003
51330004
51330005
51330006
51330007
51330008
51330009
51330010
51330011
51330012
51330013
51329055
51329056
51329057
51329058
51329059
51329060
51329061
51329062
51329063
51329064
51329065
51329066
51329067
51329068
51329069
51329070
51329071
51329072
51329073
51329074
51329075
51329076
51329077
51329078
51329079
51329080
51329081
51329082
51329083
51329084
51329085
51329086
51329087
51329088
51329089
51329090
51329091
51329092
51329093
51329094
51329095
51329096
51329097
51329098
51329099
51329100
51329101
51329102
51329103
51329104
51329105
51329106
51329107
51329108
51329109
51329110
51329111
51329112
51329113
51329114
51329115
51329116
51329117
51329118
51329119
51329120
51329121
51329122
51329123
51329124
51329125
51329126
51329127
51329128
51329129
51329130
51329131
51329132
51329133
51329134
51329135
51329136
51329137
51329138
51329139
51329140
51329141
51329142
51329143
51329144
51329145
51329146
51329147
51329148
51329149
51329150
51329151
51329152
51329153
51329154
51329155
51329156
51329157
51329158
51329159
51329160
51329161
51329162
51329163
51329164
51329165
51329166
51329167
51329168
51329169
51329170
51329171
51329172
51329173
51329174
51329175
51329176
51329177
51329178
51329179
51329180
51329181
51329182
51329183
51329184
51329185
51329186
51329187
51329188
51329189
51329190
51329191
51329192
51329193
51329194
51329195
51329196
51329197
51329198
51329199
51329200
51329201
51329202
51329203
51329204
51358212
51358213
51358214
51358215
51358216
51358217
51358218
51358219
51358220
51358221
51358222
51358223
51358224
51358225
51358226
51358227
51358228
51358229
51358230
51358231
51358232
51358233
51358234
51358235
51358236
51358237
51358238
51358239
51358240
51358241
51358242
51358243
51358244
51358245
51358246
51358247
51358248
51358249
51358250
51358251
51358252
51358253
51358254
51358255
51358256
51358257
51359496
51359497
51359498
51359499
51359500
51359501
51359502
51359503
51359504
51359505
51359506
51359507
51359508
51359509
51359510
51359511
51359512
51359513
51359514
51359515
51359516
51359517
51359518
51359519
51359520
51359521
51359522
51359523
51359524
51359525
51359526
51359527
51359528
51359529
51359530
51359531
51359532
51359533
51359534
51359535
51359536
51359537
51359538
51359539
51359540
51359541
51359542
51359543
51359544
51359545
51359546
51359547
51359548
51359549
51359550
51359551
51359552
51359553
51359554
51359555
51359556
51359557
51359558
51359559
51359560
51359561
51359562
51359563
51359564
51359565
51359566
51359567
51359568
51359569
51359570
51359571
51359572
51359573
51359574
51359575
51359576
51359577
51359578
51359579
51359580
51359581
51359582
51359583
51359584
51359585
51359586
51359587
51359588
51359589
51359590
51359591
51359592
51359593
51359594
51359595
51359596
51359597
51359598
51359599
51359600
51359601
51359602
51359603
51359604
51359605
51359606
51359607
51359608
51359609
51359610
51359611
51359612
51359613
51359614
51359615
51359616
51359617
51359618
51359619
51359620
51359621
51359622
51359623
51359624
51359625
51359626
51359627
51359628
51359629
51359630
51359631
51359632
51359633
51359634
51359635
51359636
51359637
51359638
51359639
51359640
51359641
51359642
51359643
51359644
51359645
51359646
51359647
51359648
51359649
51359650
51359651
51359652
51359653
51359654
51359655
51361285
51361286
51361287
51361288
51361289
51361290
51361291
51361292
51361293
51361294
51361295
51361296
51361297
51361298
51361299
51361300
51361301
51361302
51361303
51361304
51361305
51361306
51361307
51361308
51361309
51361310
51361311
51361312
51361313
51361314
51361315
51361316
51361317
51361318
51361319
51361320
51361321
51361322
51361323
51361324
51361325
51361326
51361327
51361328
51361329
51361330
51361331
51361332
51361333
51361334
51361335
51361336
51361337
51361338
51361339
51361340
51361341
51361342
51361343
51361344
51361345
51361346
51361347
51361348
51361349
51361350
51361351
51361352
51361353
51361354
51361355
51361356
51361357
51361358
51361359
51361360
51361361
51361362
51361363
51361364
51361365
51361366
51361367
51361368
51361369
51361370
51361371
51361372
51361373
51361374
51361375
51361376
51361377
51361378
51361379
51361380
51361381
51361382
51361383
51361384
51361385
51361386
51361387
51361388
51361389
51361390
51361391
51361392
51361393
51361394
51361395
51361396
51361397
51361398
51361399
51361400
51361401
51361402
51361403
51361404
51361405
51361406
51361407
51361408
51361409
51361410
51361411
51361412
51361413
51361414
51361415
51361416
51361417
51361418
51361419
51361420
51361421
51361422
51361423
51361424
51361425
51361426
51361427
51361428
51361429
51361430
51361431
51361432
51361433
51361434
51361435
51361436
51361437
51361438
51361439
51361440
51361441
51361442
51361443
51361444
51361445
51361446
51361447
51361448
51361449
51361450
51361451
51361452
51361453
51361454
51361455
51361456
51361457
51361458
51361459
51361460
51361461
51361462
51361463
51361464
51361465
51361466
51361467
51361468
51361469
51361470
51361471
51361472
51361473
51361474
51361475
51361476
51361477
51361478
51361479
51361480
51361481
51361482
51361483
51361484
51361485
51361486
51361487
51361488
51361489
51361490
51361491
51361492
51361493
51361494
51361495
51361496
51361497
51361498
51361499
51361500
51361501
51361502
51361503
51361504
51361505
51361506
51361507
51361508
51361509
51361510
51361511
51361512
51361513
51361514
51361515
51361516
51361517
51361518
51361519
51361520
51361521
51361522
51361523
51361524
51361525
51361526
51361527
51361528
51361529
51361530
51361531
51361532
51361533
51361534
51361535
51361536
51361537
51361538
51361539
51361540
51361541
51361542
51361543
51361544
51361545
51361546
51361547
51361548
51361549
51361550
51361551
51361552
51361553
51361554
51361555
51361556
51361557
51361558
51361559
51361560
51361561
51361562
51361563
51361564
51361565
51361566
51361567
51361568
51361569
51361570
51361571
51361715
51361716
51361717
51361718
51361719
51361720
51361721
51361722
51361723
51361724
51361725
51361726
51361727
51361728
51361729
51361730
51361731
51361732
51361733
51361734
51361735
51361736
51361737
51361738
51361739
51361740
51361741
51361742
51361743
51361744
51361745
51361746
51361747
51361748
51361749
51361750
51361751
51361752
51361753
51361754
51361755
51361756
51361757
51361758
51361759
51361760
51361761
51361762
51361763
51361764
51361765
51361766
51361767
51361768
51361769
51361770
51361771
51361772
51361773
51361774
51361775
51361776
51361777
51361778
51361779
51361780
51361781
51361782
51361783
51361784
51361785
51361786
51361787
51361788
51361789
51361790
51361791
51361792
51361793
51361794
51361795
51361796
51361797
51361798
51361799
51361800
51361801
51361802
51361803
51361804
51361805
51361806
51361807
51361808
51361809
51361810
51361811
51361812
51361813
51361814
51361815
51361816
51361817
51361818
51361819
51361820
51361821
51361822
51361823
51361824
51361825
51361826
51361827
51361828
51361829
51361830
51361831
51361832
51361833
51361834
51361835
51361836
51361837
51361838
51361839
51361840
51361841
51361842
51361843
51361844
51361845
51361846
51361847
51361848
51361849
51361850
51361851
51363228
51363229
51363230
51363231
51363232
51363233
51363234
51363235
51363236
51363237
51363238
51363239
51363240
51363241
51363242
51363243
51363244
51363245
51363246
51363247
51363248
51363249
51363250
51363251
51363252
51363253
51363254
51363255
51363256
51363257
51363258
51363259
51363260
51363261
51363262
51363263
51363264
51363265
51363266
51363267
51363268
51363269
51363270
51363271
51363272
51363273
51363274
51363275
51363276
51363277
51363278
51363279
51363280
51363281
51363282
51363283
51363284
51363285
51363286
51363287
51363288
51363289
51363290
51363291
51363292
51363293
51363294
51363295
51363296
51363297
51363298
51363299
51363300
51363301
51363302
51363303
51363304
51363305
51363306
51363307
51363308
51363309
51363310
51363311
51363312
51363313
51363314
51363315
51363316
51363317
51363318
51363319
51363320
51363321
51363322
51363323
51363324
51363325
51363326
51363327
51363328
51363329
51363330
51363331
51363332
51363333
51363334
51363335
51363336
51363337
51363338
51363339
51363340
51363341
51363342
51363343
51363344
51363345
51363346
51363347
51363348
51363349
51363350
51363351
51363352
51363353
51363354
51363355
51363356
51363357
51363358
51363359
51363360
51363361
51363362
51363363
51363364
51363365
51363366
51363367
51363368
51363369
51363370
51363371
51363372
51363373
51363374
51363375
51363376
51363377
51363378
51363379
51363380
51376730
51376731
51376732
51376733
51376734
51376735
51376736
51376737
51376738
51376739
51376740
51376741
51376742
51376743
51376744
51376745
51376746
51376747
51376748
51376749
51376750
51376751
51376752
51376753
51376754
51376755
51376756
51376757
51376758
51376759
51376760
51376761
51376762
51376763
51376764
51376765
51376766
51376767
51376768
51376769
51376770
51376771
51376772
51376773
51376774
51376775
51377977
51377978
51377979
51377980
51377981
51377982
51377983
51377984
51377985
51377986
51377987
51377988
51377989
51377990
51377991
51377992
51377993
51377994
51377995
51377996
51377997
51377998
51377999
51378000
51378001
51378002
51378003
51378004
51378005
51378006
51378007
51378008
51378009
51378010
51378011
51378012
51378013
51378014
51378015
51378016
51378017
51378018
51378019
51378020
51378021
51378022
51378023
51378024
51378025
51378026
51378027
51378028
51378029
51378030
51378031
51378032
51378033
51378034
51378035
51378036
51378037
51378038
51378039
51378040
51378041
51378042
51378043
51378044
51378045
51378046
51378047
51378048
51378049
51378050
51378051
51378052
51378053
51378054
51378055
51378056
51378057
51378058
51378059
51378060
51378061
51378062
51378063
51378064
51378065
51378066
51378067
51378068
51378069
51378070
51378071
51378072
51378073
51378074
51378075
51378076
51378077
51378078
51378079
51378080
51378081
51378082
51378083
51378084
51378085
51378086
51378087
51378088
51378089
51378090
51378091
51378092
51378093
51378094
51378095
51378096
51378097
51378098
51378099
51378100
51378101
51378102
51378103
51378104
51378105
51378106
51378107
51378108
51378109
51378110
51378111
51378112
51378113
51378114
51378115
51378116
51378117
51378118
51378119
51378120
51378121
51378122
51378123
51378124
51378125
51378126
51378127
51378128
51378129
51378130
51378131
51378132
51378133
51378134
51378135
51378136
51379728
51379729
51379730
51379731
51379732
51379733
51379734
51379735
51379736
51379737
51379738
51379739
51379740
51379741
51379742
51379743
51379744
51379745
51379746
51379747
51379748
51379749
51379750
51379751
51379752
51379753
51379754
51379755
51379756
51379757
51379758
51379759
51379760
51379761
51379762
51379763
51379764
51379765
51379766
51379767
51379768
51379769
51379770
51379771
51379772
51379773
51379774
51379775
51379776
51379777
51379778
51379779
51379780
51379781
51379782
51379783
51379784
51379785
51379786
51379787
51379788
51379789
51379790
51379791
51379792
51379793
51379794
51379795
51379796
51379797
51379798
51379799
51379800
51379801
51379802
51379803
51379804
51379805
51379806
51379807
51379808
51379809
51379810
51379811
51379812
51379813
51379814
51379815
51379816
51379817
51379818
51379819
51379820
51379821
51379822
51379823
51379824
51379825
51379826
51379827
51379828
51379829
51379830
51379831
51379832
51379833
51379834
51379835
51379836
51379837
51379838
51379839
51379840
51379841
51379842
51379843
51379844
51379845
51379846
51379847
51379848
51379849
51379850
51379851
51379852
51379853
51379854
51379855
51379856
51379857
51379858
51379859
51379860
51379861
51379862
51379863
51379864
51379865
51379866
51379867
51379868
51379869
51379870
51379871
51379872
51379873
51379874
51379875
51379876
51379877
51379878
51379879
51379880
51379881
51379882
51379883
51379884
51379885
51379886
51379887
51379888
51379889
51379890
51379891
51379892
51379893
51379894
51379895
51379896
51379897
51379898
51379899
51379900
51379901
51379902
51379903
51379904
51379905
51379906
51379907
51379908
51379909
51379910
51379911
51379912
51379913
51379914
51379915
51379916
51379917
51379918
51379919
51379920
51379921
51379922
51379923
51379924
51379925
51379926
51379927
51379928
51379929
51379930
51379931
51379932
51379933
51379934
51379935
51379936
51379937
51379938
51379939
51379940
51379941
51379942
51379943
51379944
51379945
51379946
51379947
51379948
51379949
51379950
51379951
51379952
51379953
51379954
51379955
51379956
51379957
51379958
51379959
51379960
51379961
51379962
51379963
51379964
51379965
51379966
51379967
51379968
51379969
51379970
51379971
51379972
51379973
51379974
51379975
51379976
51379977
51379978
51379979
51379980
51379981
51379982
51379983
51379984
51379985
51379986
51379987
51379988
51379989
51379990
51379991
51379992
51379993
51379994
51379995
51379996
51379997
51379998
51379999
51380000
51380001
51380002
51380003
51380004
51380005
51380006
51380007
51380008
51380009
51380010
51380011
51380012
51380013
51380014
51380128
51380129
51380130
51380131
51380132
51380133
51380134
51380135
51380136
51380137
51380138
51380139
51380140
51380141
51380142
51380143
51380144
51380145
51380146
51380147
51380148
51380149
51380150
51380151
51380152
51380153
51380154
51380155
51380156
51380157
51380158
51380159
51380160
51380161
51380162
51380163
51380164
51380165
51380166
51380167
51380168
51380169
51380170
51380171
51380172
51380173
51380174
51380175
51380176
51380177
51380178
51380179
51380180
51380181
51380182
51380183
51380184
51380185
51380186
51380187
51380188
51380189
51380190
51380191
51380192
51380193
51380194
51380195
51380196
51380197
51380198
51380199
51380200
51380201
51380202
51380203
51380204
51380205
51380206
51380207
51380208
51380209
51380210
51380211
51380212
51380213
51380214
51380215
51380216
51380217
51380218
51380219
51380220
51380221
51380222
51380223
51380224
51380225
51380226
51380227
51380228
51380229
51380230
51380231
51380232
51380233
51380234
51380235
51380236
51380237
51380238
51380239
51380240
51380241
51380242
51380243
51380244
51380245
51380246
51380247
51380248
51380249
51380250
51380251
51380252
51380253
51380254
51380255
51380256
51380257
51380258
51380259
51380260
51380261
51380262
51380263
51380264
51381660
51381661
51381662
51381663
51381664
51381665
51381666
51381667
51381668
51381669
51381670
51381671
51381672
51381673
51381674
51381675
51381676
51381677
51381678
51381679
51381680
51381681
51381682
51381683
51381684
51381685
51381686
51381687
51381688
51381689
51381690
51381691
51381692
51381693
51381694
51381695
51381696
51381697
51381698
51381699
51381700
51381701
51381702
51381703
51381704
51381705
51381706
51381707
51381708
51381709
51381710
51381711
51381712
51381713
51381714
51381715
51381716
51381717
51381718
51381719
51381720
51381721
51381722
51381723
51381724
51381725
51381726
51381727
51381728
51381729
51381730
51381731
51381732
51381733
51381734
51381735
51381736
51381737
51381738
51381739
51381740
51381741
51381742
51381743
51381744
51381745
51381746
51381747
51381748
51381749
51381750
51381751
51381752
51381753
51381754
51381755
51381756
51381757
51381758
51381759
51381760
51381761
51381762
51381763
51381764
51381765
51381766
51381767
51381768
51381769
51381770
51381771
51381772
51381773
51381774
51381775
51381776
51381777
51381778
51381779
51381780
51381781
51381782
51381783
51381784
51381785
51381786
51381787
51381788
51381789
51381790
51381791
51381792
51381793
51381794
51381795
51381796
51381797
51381798
51381799
51381800
51381801
51381802
51381803
51381804
51381805
51381806
51381807
51381808
51381809
51381810
51381811
51381812
51377552
51377553
51377554
51377555
51377556
51377557
51377558
51377559
51377560
51377561
51377562
51377563
51377564
51377565
51377566
51377567
51377568
51377569
51377570
51377571
51377572
51377573
51377574
51377575
51377576
51377577
51377578
51377579
51377580
51377581
51413934
51413935
51413936
51413937
51413938
51413939
51413940
51413941
51413942
51413943
51413944
51413945
51413946
51413947
51413948
51413949
51413950
51413951
51413952
51413953
51413954
51413955
51413956
51413957
51413958
51413959
51413960
51413961
51413962
51413963
51413964
51413965
51413966
51413967
51413968
51413969
51413970
51413971
51413972
51413973
51413974
51413975
51413976
51413977
51413978
51413979
51413980
51413981
51413982
51413983
51413984
51413985
51413986
51413987
51413988
51413989
51413990
51413991
51413992
51413993
51413994
51412508
51412509
51412510
51412511
51412512
51412513
51412514
51412515
51412516
51412517
51412518
51412519
51412520
51412521
51412522
51412523
51412524
51412525
51412526
51412527
51412528
51412529
51412530
51412531
51412532
51412533
51412534
51412535
51412536
51412537
51412538
51412539
51412540
51412541
51412542
51412543
51412544
51412545
51412546
51412547
51412548
51412549
51412550
51412551
51412552
51412553
51412554
51412555
51412556
51412557
51412558
51412559
51412560
51412561
51412562
51412563
51412564
51412565
51412566
51412567
51412568
51412569
51412570
51412571
51412572
51412573
51412574
51412575
51412576
51412577
51412578
51412579
51412580
51412581
51412582
51412583
51412584
51412585
51412586
51412587
51412588
51412589
51412590
51412591
51412592
51412593
51412594
51412595
51412596
51412597
51412598
51412599
51412600
51412601
51412602
51412603
51412604
51412605
51412606
51412607
51412608
51412609
51412610
51412611
51412612
51412613
51412614
51412615
51412616
51412617
51412618
51412619
51412620
51412621
51412622
51412623
51412624
51412625
51412626
51412627
51412628
51412629
51412630
51412631
51412632
51412633
51412634
51412635
51412636
51412637
51412638
51412639
51412640
51412641
51412642
51412643
51412644
51412645
51412646
51412647
51412648
51412649
51412650
51412651
51412652
51412653
51412654
51412655
51412656
51412657
51412658
51412659
51412660
51412661
51412662
51412663
51412664
51412665
51412666
51412667
51412668
51412669
51412670
51411835
51411836
51411837
51411838
51411839
51411840
51411841
51411842
51411843
51411844
51411845
51411846
51411847
51411848
51411849
51411850
51411851
51411852
51411853
51411854
51411855
51411856
51411857
51411858
51411859
51411860
51411861
51411862
51411863
51411864
51411865
51411866
51411867
51411868
51411869
51411870
51411871
51411872
51411873
51411874
51411875
51411876
51411877
51411878
51411879
51411880
51411881
51411882
51411883
51411884
51411885
51411886
51411887
51411888
51411889
51411890
51411891
51411892
51411893
51411894
51411895
51411896
51411897
51411898
51411899
51411900
51411901
51411902
51411903
51411904
51411905
51411906
51411907
51411908
51411909
51411910
51411911
51411912
51411913
51411914
51411915
51411916
51411917
51411918
51411919
51411920
51411921
51411922
51411923
51411924
51411925
51411926
51411927
51411928
51411929
51411930
51411931
51411932
51411933
51411934
51411935
51411936
51411937
51411938
51411939
51411940
51411941
51411942
51411943
51411944
51411945
51411946
51411947
51411948
51411949
51411950
51411951
51411952
51411953
51411954
51411955
51411956
51411957
51411958
51411959
51411960
51411961
51411962
51411963
51411964
51411965
51411966
51411967
51411968
51411969
51411970
51411971
51411972
51411973
51411974
51411975
51411976
51411977
51411978
51411979
51411980
51411981
51411982
51411983
51411984
51411985
51411986
51411987
51411988
51411989
51411990
51411991
51411992
51411993
51411994
51411995
51411996
51411997
51411998
51411999
51412000
51412001
51412002
51412003
51412004
51412005
51412006
51412007
51412008
51412009
51412010
51412011
51412012
51412013
51412014
51412015
51412016
51412017
51412018
51412019
51412020
51412021
51412022
51412023
51412024
51412025
51412026
51412027
51412028
51412029
51412030
51412031
51412032
51412033
51412034
51412035
51412036
51412037
51412038
51412039
51412040
51412041
51412042
51412043
51412044
51412045
51412046
51412047
51412048
51412049
51412050
51412051
51412052
51412053
51412054
51412055
51412056
51412057
51412058
51412059
51412060
51412061
51412062
51412063
51412064
51412065
51412066
51412067
51412068
51412069
51412070
51412071
51412072
51412073
51412074
51412075
51412076
51412077
51412078
51412079
51412080
51412081
51412082
51412083
51412084
51412085
51411615
51411616
51411617
51411618
51411619
51411620
51411621
51411622
51411623
51411624
51411625
51411626
51411627
51411628
51411629
51411630
51411631
51411632
51411633
51411634
51411635
51411636
51411637
51411638
51411639
51411640
51411641
51411642
51411643
51411644
51411645
51411646
51411647
51411648
51411649
51411650
51411651
51411652
51411653
51411654
51411655
51411656
51411657
51411658
51411659
51411660
51411661
51411662
51411663
51411664
51411665
51411666
51411667
51411668
51411669
51411670
51411671
51411672
51411673
51411674
51411675
51411676
51411677
51411678
51411679
51411680
51411681
51411682
51411683
51411684
51411685
51411686
51411687
51411688
51411689
51411690
51411691
51411692
51411693
51411694
51411695
51411696
51411697
51411698
51411699
51411700
51411701
51411702
51411703
51411704
51411705
51411706
51411707
51411708
51411709
51411710
51411711
51411712
51411713
51411714
51411715
51411716
51411717
51411718
51411719
51411720
51411721
51411722
51411723
51411724
51411725
51411726
51411727
51411728
51411729
51411730
51411731
51411732
51411733
51411734
51411735
51411736
51411737
51411738
51411739
51411740
51411741
51411742
51411743
51411744
51411745
51411746
51411747
51411748
51411749
51411750
51411751
51410193
51410194
51410195
51410196
51410197
51410198
51410199
51410200
51410201
51410202
51410203
51410204
51410205
51410206
51410207
51410208
51410209
51410210
51410211
51410212
51410213
51410214
51410215
51410216
51410217
51410218
51410219
51410220
51410221
51410222
51410223
51410224
51410225
51410226
51410227
51410228
51410229
51410230
51410231
51410232
51410233
51410234
51410235
51410236
51410237
51410238
51410239
51410240
51410241
51410242
51410243
51410244
51410245
51410246
51410247
51410248
51410249
51410250
51410251
51410252
51410253
51410254
51410255
51410256
51410257
51410258
51410259
51410260
51410261
51410262
51410263
51410264
51410265
51410266
51410267
51410268
51410269
51410270
51410271
51410272
51410273
51410274
51410275
51410276
51410277
51410278
51410279
51410280
51410281
51410282
51410283
51410284
51410285
51410286
51410287
51410288
51410289
51410290
51410291
51410292
51410293
51410294
51410295
51410296
51410297
51410298
51410299
51410300
51410301
51410302
51410303
51410304
51410305
51410306
51410307
51410308
51410309
51410310
51410311
51410312
51410313
51410314
51410315
51410316
51410317
51410318
51410319
51410320
51410321
51410322
51410323
51410324
51410325
51410326
51410327
51410328
51410329
51410330
51410331
51410332
51410333
51410334
51410335
51410336
51410337
51410338
51410339
51410340
51410341
51410342
