110679
110680
110681
110682
110683
110684
110685
110686
110687
110688
110689
110690
110691
110692
110693
110694
110695
110696
110697
110698
110699
110700
110701
110702
110703
110704
110705
110706
110707
110708
110709
110710
110711
110712
110713
110714
110715
110716
110717
110718
110719
110720
110721
110722
110723
110724
110725
110726
110727
110728
110729
110730
110731
110732
110733
110734
110735
110736
110737
110738
110739
110740
110741
110742
110743
110744
110745
110746
110747
110748
110749
110750
110751
110752
110753
110754
110755
110756
110757
110758
110759
110760
110761
110762
110763
110764
110765
110766
110767
110768
110769
110770
110771
110772
110773
110774
110775
110776
110777
110778
110779
110780
110781
110782
110783
110784
110785
110786
110787
110788
110789
110790
110791
110792
110793
110794
110795
110796
110797
110798
110799
110800
110801
110802
110803
110804
110805
110806
110807
110808
110809
110810
110811
110812
110813
110814
110815
110816
110817
110818
110819
110820
110821
110822
110823
110824
110825
110826
110827
110828
110829
110830
110831
110832
110833
110834
110835
110836
110837
110838
110839
110840
110841
110842
110843
110844
110845
110846
110847
110848
110849
110850
110851
110852
110853
110854
110855
110856
110857
110858
110859
110860
110861
110862
110863
110864
110865
110866
110867
110868
110869
110870
110871
110872
110873
110874
110875
110876
110877
110878
110879
110880
110881
110882
110883
110884
110885
110886
110887
110888
110889
110890
110891
110892
110893
110894
110895
110896
110897
110898
110899
110900
110901
110902
110903
110904
110905
110906
110907
110908
110909
110910
110911
110912
110913
110914
110915
110916
110917
110918
110919
110920
110921
110922
110923
110924
110925
110926
110927
110928
110929
110930
110931
110932
110933
110934
110935
110936
110937
110938
110939
110940
110941
110942
110943
110944
110945
110946
110947
110948
110949
110950
110951
110952
110953
110954
110955
110956
110957
110958
110959
110960
110961
110962
110963
110964
110965
110966
110967
110968
110969
110970
110971
110972
110973
110974
110975
110976
110977
110978
110979
110980
110981
110982
110983
110984
110985
110986
110987
110988
110989
110990
110991
110992
110993
110994
110995
110996
110997
110998
110999
111000
111001
111002
111003
111004
111005
111006
111007
111008
111009
111010
111011
111012
111013
111014
111015
111016
111017
111018
111019
111020
111021
111022
111023
111024
111025
111026
111027
111028
111029
111030
111031
111032
111033
111034
111035
111036
111037
111038
111039
111040
111041
111042
111043
111044
111045
111046
111047
111048
111049
111050
111051
111052
111053
111054
111055
111056
111057
111058
111059
111060
111061
111062
111063
111064
111065
111066
111067
111068
111069
111070
111071
111072
111073
111074
111075
111076
111077
111078
111079
111080
111081
111082
111083
111084
111085
111086
111087
111088
111089
111090
111091
111092
111093
111094
111095
111096
111097
111098
111099
111100
111101
111102
111103
111104
111105
111106
111107
111108
111109
111110
111111
111112
111113
111114
111115
111116
111117
111118
111119
111120
111121
111122
111123
111124
111125
111126
111127
111128
111129
111130
111131
111132
111133
111134
111135
111136
111137
111138
111139
111140
111141
111142
111143
111144
111145
111146
111147
111148
111149
111150
111151
111152
111153
111154
111155
111156
111157
111158
111159
111160
111161
111162
111163
111164
111165
111166
111167
111168
111169
111170
111171
111172
111173
111174
111175
111176
111177
111178
111179
111180
111181
111182
111183
111184
111185
111186
111187
111188
111189
111190
111191
111192
111193
111194
111195
111196
111197
111198
111199
111200
111201
111202
111203
111204
111205
111206
111207
111208
111209
111210
111211
111212
111213
111214
111215
111216
111217
111218
111219
111220
111221
111222
111223
111224
111225
111226
111227
111228
111229
111230
111231
111232
111233
111234
111235
111236
111237
111238
111239
111240
111241
111242
111243
111244
111245
111246
111247
111248
111249
111250
111251
111252
111253
111254
111255
111256
111257
111258
111259
111260
111261
111262
111263
111264
111265
111266
111267
111268
111269
111270
111271
111272
111273
111274
111275
111276
111277
111278
111279
111280
111281
111282
111283
111284
111285
111286
111287
111288
111289
111290
111291
111292
111293
111294
111295
111296
111297
111298
111299
111300
111301
111302
111303
111304
111305
111306
111307
111308
111309
111310
111311
111312
111313
111314
111315
111316
111317
111318
111319
111320
111321
111322
111323
111324
111325
111326
111327
111328
111329
111330
111331
111332
111333
111334
111335
111336
111337
111338
111339
111340
111341
111342
111343
111344
111345
111346
111347
111348
111349
111350
111351
111352
111353
111354
111355
111356
111357
111358
111359
111360
111361
111362
111363
111364
111365
111366
111367
111368
111369
111370
111371
111372
111373
111374
111375
111376
111377
111378
111379
111380
111381
111382
111383
111384
111385
111386
111387
111388
111389
111390
111391
111392
111393
111394
111395
111396
111397
111398
111399
111400
111401
111402
111403
111404
111405
111406
111407
111408
111409
111410
111411
111412
111413
111414
111415
111416
111417
111418
111419
111420
111421
111422
111423
111424
111425
111426
111427
111428
111429
111430
111431
111432
111433
111434
111435
111436
111437
111438
111439
111440
111441
111442
111443
111444
111445
111446
111447
111448
111449
111450
111451
111452
111453
111454
111455
111456
111457
111458
111459
111460
111461
111462
111463
111464
111465
111466
111467
111468
111469
111470
111471
111472
111473
111474
111475
111476
111477
111478
111479
111480
111481
111482
111483
111484
111485
111486
111487
111488
111489
111490
111491
111492
111493
111494
111495
111496
111497
111498
111499
111500
111501
111502
111503
111504
111505
111506
111507
111508
111509
111510
111511
111512
111513
111514
111515
111516
111517
111518
111519
111520
111521
111522
111523
111524
111525
111526
111527
111528
111529
111530
111531
111532
111533
111534
111535
111536
111537
111538
111539
111540
111541
111542
111543
111544
111545
111546
111547
111548
111549
111550
111551
111552
111553
111554
111555
111556
111557
111558
111559
111560
111561
111562
111563
111564
111565
111566
111567
111568
111569
111570
111571
111572
111573
111574
111575
111576
111577
111578
111579
111580
111581
111582
111583
111584
111585
111586
111587
111588
111589
111590
111591
111592
111593
290952
290953
290954
290955
290956
290957
290958
290959
290960
290961
290962
290963
290964
290965
290966
290967
290968
290969
290970
290971
290972
290973
290974
290975
290976
290977
290978
290979
290980
290981
290982
290983
290984
290985
290986
290987
290988
290989
290990
290991
290992
290993
290994
290995
290996
290997
290998
290999
291000
291001
291002
291003
291004
291005
291006
291007
291008
291009
291010
291011
291012
291013
291014
291015
291016
291017
291018
291019
291020
291021
291022
291023
291024
291025
291026
291027
291028
291029
291030
291031
291032
291033
291034
291035
291036
291037
291038
291039
291040
291041
291042
291043
291044
291045
291046
291047
291048
291049
291050
291051
291052
291053
291054
291055
291056
291057
291058
291059
291060
291061
291062
291063
291064
291065
291066
288020
288021
288022
288023
288024
288025
288026
288027
288028
288029
288030
288031
288032
288033
288034
288035
288036
288037
288038
288039
288040
288041
288042
288043
288044
288045
288046
288047
288048
288049
288050
288051
288052
288053
288054
288055
288056
288057
288058
288059
288060
288061
288062
288063
288064
288065
288066
288067
288068
288069
288070
288071
288072
288073
288074
288075
288076
288077
288078
288079
288080
288081
288082
288083
288084
288085
288086
288087
288088
288089
288090
288091
288092
288093
288094
288095
288096
288097
288098
288099
288100
288101
288102
288103
288104
288105
288106
288107
288108
288109
288110
288111
288112
288113
288114
288115
288116
288117
288118
288119
288120
288121
288122
288123
288124
288125
288126
288127
288128
288129
288130
288131
288132
288133
288134
288135
288136
288137
288138
288139
288140
288141
288142
288143
288144
288145
288146
288147
288148
288149
288150
288151
288152
288153
288154
288155
288156
288157
288158
288159
288160
288161
288162
288163
288164
288165
288166
288167
288168
288169
288170
288171
287474
287475
287476
287477
287478
287479
287480
287481
287482
287483
287484
287485
287486
287487
287488
287489
287490
287491
287492
287493
287494
287495
287496
287497
287498
287499
287500
287501
287502
287503
287504
287505
287506
287507
287508
287509
287510
287511
287512
287513
287514
287515
287516
287517
287518
287519
287520
287521
287522
287523
287524
287525
287526
287527
287528
287529
287530
287531
287532
287533
287534
287535
287536
287537
287538
287539
287540
287541
287542
287543
287544
287545
287546
287547
287548
287549
287550
287551
287552
287553
287554
287555
287556
287557
287558
287559
287560
287561
287562
287563
287564
287565
287566
287567
287568
287569
287570
287571
287572
287573
287574
287575
287576
287577
287578
287579
287580
287581
287582
287583
287584
287585
287586
287587
287588
287589
287590
287591
287592
287593
287594
287595
287596
287597
287598
287599
287600
287601
287602
287603
287604
287605
287606
287607
287608
287609
287610
287611
287612
287613
287614
287615
287616
287617
287618
287619
287620
287621
287622
287623
287624
287625
287626
287627
287628
287629
287630
287631
287632
287633
287634
287635
287636
287637
287638
287639
287640
287641
287642
287643
287644
287645
287646
287647
287648
287649
287650
287651
287652
287653
287654
287655
287656
287657
287658
287659
287660
287661
287662
287663
287664
287665
287666
287667
287668
287669
287670
287671
287672
287673
287674
287675
287676
287677
287678
287679
287680
287681
287682
287683
287684
287685
287686
287687
287688
287689
287690
287691
287692
287693
287694
287695
287696
287697
287698
287699
287700
287701
287702
287703
287704
287705
287706
287707
287708
287709
287710
287711
287712
287713
287714
287715
287716
287717
287718
287719
287720
287721
287722
287723
287724
287725
287726
287727
287728
287729
287730
287731
287732
287733
287734
287735
287736
287737
287738
287739
287740
287741
287742
287743
287744
287745
287746
287747
287748
287749
287750
287751
282752
282753
282754
282755
282756
282757
282758
282759
282760
282761
282762
282763
282764
282765
282766
282767
282768
282769
282770
282771
282772
282773
282774
282775
282776
282777
282778
282779
282780
282781
282782
282783
282784
282785
282786
282787
282788
282789
282790
282791
282792
282793
282794
282795
282796
282797
282798
282799
282800
282801
282802
282803
282804
282805
282806
282807
282808
282809
282134
282135
282136
282137
282138
282139
282140
282141
282142
282143
282144
282145
282146
282147
282148
282149
282150
282151
282152
282153
282154
282155
282156
282157
282158
282159
282160
282161
282162
282163
282164
282165
282166
282167
282168
282169
282170
282171
282172
282173
282174
282175
282176
282177
282178
282179
282180
282181
282182
282183
282184
282185
282186
282187
282188
282189
282190
282191
282192
282193
282194
282195
282196
282197
282198
282199
282200
282201
282202
282203
282204
282205
282206
282207
282208
282209
282210
282211
282212
282213
282214
282215
282216
282217
282218
282219
282220
282221
282222
282223
282224
282225
282226
282227
282228
282229
282230
282231
282232
282233
282234
282235
282236
282237
282238
282239
282240
282241
282242
282243
282244
282245
282246
282247
282248
282249
282250
282251
282252
282253
282254
282255
282256
282257
282258
282259
282260
282261
282262
282263
282264
282265
282266
282267
282268
282269
282270
282271
282272
282273
282274
282275
282276
282277
282278
282279
282280
282281
282282
282283
282284
282285
282286
282287
282288
282289
282290
282291
282292
282293
282294
282295
282296
282297
282298
282299
282300
282301
282302
282303
282304
282305
282306
282307
282308
282309
282310
281391
281392
281393
281394
281395
281396
281397
281398
281399
281400
281401
281402
281403
281404
281405
281406
281407
281408
281409
281410
281411
281412
281413
281414
281415
281416
281417
281418
281419
281420
281421
281422
281423
281424
281425
281426
281427
281428
281429
281430
281431
281432
281433
281434
281435
281436
281437
281438
281439
281440
281441
281442
281443
281444
281445
281446
281447
281448
281449
281450
281451
281452
281453
281454
281455
281456
281457
281458
281459
281460
281461
281462
281463
281464
281465
281466
281467
281468
281469
281470
281471
281472
281473
281474
281475
281476
281477
281478
281479
281480
281481
281482
281483
281484
281485
281486
281487
281488
281489
281490
281491
281492
281493
281494
281495
281496
281497
281498
281499
281500
281501
281502
281503
281504
281505
281506
281507
281508
281509
281510
281511
281512
281513
281514
281515
281516
281517
281518
281519
281520
281521
281522
281523
281524
281525
281526
281527
281528
281529
281530
281531
281532
281533
281534
281535
281536
281537
344774
344775
344776
344777
344778
344779
344780
344781
344782
336083
336084
336085
336086
336087
336088
336089
336090
336091
336092
336093
336094
336095
336096
336097
336098
336099
336100
336101
336102
336103
336104
336105
336106
336107
336108
336109
336110
336111
336112
336113
336114
336115
336116
336117
336118
336119
336120
336121
336122
336123
336124
336125
336126
336127
336128
336129
336130
336131
336132
336133
336134
336135
336136
336137
336138
336139
336140
336141
336142
336143
336144
336145
336146
336147
336148
336149
336150
336151
336152
336153
336154
336155
336156
336157
336158
336159
336160
336161
336162
336163
336164
336165
336166
336167
336168
336169
336170
336171
336172
336173
334400
334401
334402
334403
334404
334405
334406
334407
334408
334409
334410
334411
334412
334413
334414
334415
334416
334417
334418
334419
334420
334421
334422
334423
334424
334425
334426
334427
334428
334429
334430
334431
334432
334433
334434
334435
334436
334437
334438
334439
334440
334441
334442
334443
334444
334445
334446
334447
334448
334449
334450
334451
334452
334453
334454
334455
334456
334457
334458
334459
334460
334461
334462
334463
334464
334465
334466
334467
334468
334469
334470
334471
334472
334473
334474
334475
334476
334477
334478
334479
334480
334481
334482
334483
334484
334485
334486
334487
334488
334489
334490
334491
334492
334493
334494
334495
334496
334497
334498
334499
334500
334501
334502
334503
334504
334505
334506
334507
334508
334509
334510
334511
334512
334513
334514
334515
334516
334517
334518
334519
334520
334521
334522
334523
334524
334525
334526
334527
334528
334529
334530
334531
334532
334533
334534
334535
334536
334537
334538
334539
334540
334541
334542
327864
327865
327866
327867
327868
327869
327870
327871
327872
327873
327874
327875
327876
327877
327878
327879
327880
327881
327882
327883
327884
327885
327886
327887
327888
327889
327890
327891
327892
327893
327894
327895
327896
327897
327898
327899
327900
327901
327902
327903
327904
327905
327906
327907
327908
327909
327910
327911
327912
327913
327914
327915
327916
327917
327918
327919
327920
327921
327922
327923
327924
327925
327926
327927
327928
327929
327930
327931
327932
327933
327934
327935
327936
327937
327938
327939
327940
327941
327942
327943
327944
327945
327946
327947
327948
327949
327950
327951
327952
327953
327954
327955
327956
327957
327958
327959
327960
327961
327962
327963
327964
327965
327966
327967
327968
327969
327970
327971
327972
327973
327974
327975
327976
327977
327978
327979
327980
327981
327982
327983
327984
327985
327986
327987
327988
327989
327133
327134
327135
327136
327137
327138
327139
327140
327141
327142
327143
327144
327145
327146
327147
327148
327149
327150
327151
327152
327153
327154
327155
327156
327157
327158
327159
327160
327161
327162
327163
327164
327165
327166
327167
327168
327169
327170
327171
327172
327173
327174
327175
327176
327177
327178
327179
327180
327181
327182
327183
327184
327185
327186
327187
327188
327189
327190
327191
327192
327193
327194
327195
327196
327197
327198
327199
327200
327201
327202
327203
327204
327205
327206
327207
327208
327209
327210
327211
327212
327213
327214
327215
327216
327217
327218
327219
327220
327221
327222
327223
327224
327225
327226
327227
327228
327229
327230
327231
327232
327233
327234
327235
327236
327237
327238
327239
327240
327241
327242
327243
327244
327245
327246
327247
327248
327249
327250
327251
327252
327253
327254
327255
327256
326507
326508
326509
326510
326511
326512
326513
326514
326515
326516
326517
326518
326519
326520
326521
326522
326523
326524
326525
326526
326527
326528
326529
326530
326531
326532
326533
326534
326535
326536
326537
326538
326539
326540
326541
326542
326543
326544
326545
326546
326547
326548
326549
326550
326551
326552
326553
326554
326555
326556
326557
326558
326559
326560
326561
326562
326563
326564
326565
326566
326567
326568
326569
326570
326571
326572
326573
326574
326575
326576
326577
326578
326579
326580
326581
326582
326583
326584
326585
326586
326587
326588
326589
326590
326591
326592
326593
326594
326595
326596
326597
326598
325635
325636
325637
325638
325639
325640
325641
325642
325643
325644
325645
325646
325647
325648
325649
325650
325651
325652
325653
325654
325655
325656
325657
325658
325659
325660
325661
325662
325663
325664
325665
325666
325667
325668
325669
325670
325671
325672
325673
325674
325675
325676
325677
325678
325679
325680
325681
325682
325683
325684
325685
325686
325687
325688
325689
325690
325691
325692
325693
325694
325695
325696
325697
325698
325699
325700
325701
325702
325703
325704
313492
313493
313494
313495
313496
313497
313498
313499
313500
313501
313502
313503
313504
313505
313506
313507
313508
313509
313510
313511
313512
313513
313514
313515
313516
313517
313518
313519
313520
313521
313522
313523
313524
313525
313526
313527
313528
313529
313530
313531
313532
313533
313534
313535
313536
313537
313538
313539
313540
313541
313542
313543
313544
313545
313546
313547
313548
313549
313550
313551
313552
313553
313554
313555
313556
313557
313558
313559
313560
313561
313562
313563
313564
313565
313566
313567
313568
313569
313570
313571
313572
313573
313574
313575
313576
313577
313578
313579
313580
313581
313582
313583
313584
313585
313586
313587
313588
313589
313590
313591
313592
313593
313594
313595
313596
313597
313598
313599
313600
313601
313602
313603
313604
313605
313606
313607
313608
313609
313610
313611
313612
313613
313614
313615
313616
313617
313618
313619
313620
313621
313622
313623
313624
313625
313626
313627
313628
313629
313630
313631
313632
313633
313634
313635
313636
313637
313638
313639
313640
313641
313642
313643
312191
312192
312193
312194
312195
312196
312197
312198
312199
312200
312201
312202
312203
312204
312205
312206
312207
312208
312209
312210
312211
312212
312213
312214
312215
312216
312217
312218
312219
312220
312221
312222
312223
312224
312225
312226
312227
312228
312229
312230
312231
312232
312233
312234
312235
312236
312237
312238
312239
312240
312241
312242
312243
312244
312245
312246
312247
312248
312249
312250
312251
312252
312253
312254
312255
312256
312257
312258
312259
312260
312261
312262
312263
312264
312265
312266
312267
312268
312269
312270
312271
312272
311845
311846
311847
311848
311849
311850
311851
311852
311853
311854
311855
311856
311857
311858
311859
311860
311861
311862
311863
311864
311865
311866
311867
311868
311869
311870
311871
311872
311873
311874
311875
311876
311877
311878
311879
311880
311881
311882
311883
311884
311885
311886
311887
311888
311889
311890
311891
311892
311893
311894
311895
311896
311897
311898
311899
311900
311901
311902
311903
311904
311905
311906
311907
311908
311909
311910
311911
311912
311913
311914
311915
311916
311917
311918
311919
311920
311921
311922
311923
311924
311925
311926
311927
311928
311929
311930
311931
311932
311933
311934
311935
311936
311937
311938
311939
308801
308802
308803
308804
308805
308806
308807
308808
308809
308810
308811
308812
308813
308814
308815
308816
308817
308818
308819
308820
308821
308822
308823
308824
308825
308826
308827
308828
308829
308830
308831
308832
308833
308834
308835
308836
308837
308838
308839
308840
308841
308842
308843
308844
308845
308846
308847
308848
308849
308850
308851
308852
308853
308854
308855
308856
308857
308858
308859
308860
308861
308862
308863
308864
308865
308866
308867
308868
308869
308870
308871
308872
308873
308874
308875
308876
308877
308878
308879
308880
308881
308882
308883
308884
308885
308886
308887
308888
308889
308890
308891
308892
308893
308894
308895
308896
308897
308898
308899
308900
308901
308902
308903
308904
308905
308906
308907
308908
308909
308910
308911
308912
308913
308914
308915
308916
308917
308918
308919
308920
308921
308922
308923
308924
308925
308577
308578
308579
308580
308581
308582
308583
308584
308585
308586
308587
308588
308589
308590
308591
308592
308593
308594
308595
308596
308597
308598
308599
308600
308601
308602
308603
308604
308605
308606
308607
308608
308609
308610
308611
308612
308613
308614
308615
308616
308617
308618
308619
308620
308621
308622
308623
308624
308625
308626
308627
308628
308629
308630
308631
308632
308633
308634
308635
308636
308637
308638
308639
308640
308641
308642
308643
308644
308645
308646
308647
308648
308649
308650
308651
308652
308653
308654
308655
308656
308657
308658
308659
308660
308661
308662
308663
308664
308665
307119
307120
307121
307122
307123
307124
307125
307126
307127
307128
307129
307130
307131
307132
307133
307134
307135
307136
307137
307138
307139
307140
307141
307142
307143
307144
307145
307146
307147
307148
307149
307150
307151
307152
307153
307154
307155
307156
307157
307158
307159
307160
307161
307162
307163
307164
307165
307166
307167
307168
307169
307170
307171
307172
307173
307174
307175
307176
307177
307178
307179
307180
307181
307182
307183
307184
307185
307186
307187
307188
307189
307190
307191
307192
307193
307194
307195
307196
307197
307198
307199
307200
307201
307202
307203
307204
307205
307206
307207
307208
307209
307210
307211
307212
307213
307214
307215
307216
307217
307218
307219
307220
307221
307222
307223
307224
307225
307226
307227
307228
307229
307230
307231
307232
307233
307234
307235
307236
307237
307238
307239
307240
307241
307242
307243
307244
307245
307246
307247
307248
307249
307250
307251
307252
307253
307254
307255
307256
307257
307258
307259
307260
307261
307262
307263
307264
307265
307266
307267
307268
307269
307270
307271
307272
307273
307274
307275
307276
307277
307278
307279
307280
307281
307282
307283
307284
307285
307286
307287
307288
307289
307290
307291
307292
307293
307294
307295
307296
307297
307298
307299
307300
307301
307302
307303
307304
307305
307306
307307
307308
307309
307310
307311
307312
307313
307314
307315
307316
307317
307318
307319
307320
307321
307322
307323
307324
307325
307326
307327
307328
307329
307330
307331
307332
307333
307334
307335
307336
307337
307338
307339
307340
307341
307342
307343
307344
307345
307346
307347
307348
307349
307350
307351
307352
307353
307354
307355
307356
307357
307358
307359
307360
307361
307362
307363
307364
307365
307366
307367
307368
307369
307370
307371
307372
307373
307374
307375
307376
307377
307378
307379
307380
307381
307382
307383
307384
307385
307386
307387
307388
307389
307390
307391
307392
307393
307394
307395
307396
307397
307398
307399
307400
307401
307402
307403
307404
307405
307406
307407
307408
307409
307410
307411
307412
307413
307414
307415
307416
307417
307418
307419
307420
307421
307422
307423
307424
307425
307426
307427
307428
307429
307430
307431
307432
307433
307434
307435
307436
307437
307438
307439
307440
307441
307442
307443
307444
307445
307446
307447
307448
307449
307450
307451
307452
307453
307454
307455
307456
307457
307458
307459
307460
307461
307462
307463
307464
307465
307466
307467
307468
307469
307470
307471
307472
307473
307474
307475
307476
307477
307478
307479
307480
307481
307482
307483
307484
307485
307486
307487
307488
307489
307490
307491
307492
307493
307494
307495
307496
307497
307498
307499
307500
307501
307502
307503
307504
307505
307506
307507
307508
307509
307510
307511
307512
307513
307514
307515
307516
307517
307518
307519
307520
307521
307522
307523
307524
307525
307526
307527
307528
307529
307530
307531
307532
307533
307534
307535
307536
306693
306694
306695
306696
306697
306698
306699
306700
306701
306702
306703
306704
306705
306706
306707
306708
306709
306710
306711
375663
375664
375665
375666
375667
375668
375669
375670
375671
375672
375673
375674
375675
375676
375677
375678
375679
375680
375681
375682
375683
375684
375685
375686
375687
375688
375689
375690
375691
375692
375693
375694
375695
375696
375697
375698
375699
375700
375701
375702
375703
375704
375705
375706
375707
375708
375709
375710
375711
375712
375713
375714
375715
375716
375717
375718
375719
375720
375721
375722
375723
375724
375725
375726
375727
375728
375729
375730
375731
375732
375733
375734
375735
375736
375737
375738
375739
375740
375741
375742
375743
375744
375745
375746
375747
375748
375749
375750
375751
375752
375753
375754
375755
375756
375757
375758
375759
375760
375761
375762
375763
375764
375765
375766
375767
375768
375769
375770
375771
375772
375773
375774
375775
375776
375777
375778
375779
375780
375781
375782
375783
375784
375785
375786
375787
375788
375789
375790
375791
375792
375793
375794
375795
375796
375797
375798
375799
375800
375801
375802
375803
375804
375805
375806
375807
375808
375809
375810
375811
375812
375813
375814
375815
375816
375817
375818
375819
375820
375821
375822
375823
375824
375825
375826
375827
375828
375829
375830
375831
375832
375833
375834
375835
375836
375837
375838
375839
375840
375841
375842
375843
375844
375845
375846
375847
375848
375849
375850
375851
375852
375853
375854
375855
375856
375857
375858
375859
375860
375861
375862
375863
375864
375865
375866
375867
375868
375869
375870
375871
375872
375873
375874
375875
375876
375877
375878
375879
375880
375881
375882
375883
375884
375885
375886
375887
375888
375889
375890
375891
375892
375893
375894
375895
375896
375897
375898
375899
375900
375901
375902
375903
375904
375905
375906
375907
375908
375909
375910
375911
375912
375913
375914
375915
375916
375917
375918
375919
375920
375921
375922
375923
375924
375925
375926
375927
375928
375929
375930
375931
375932
375933
375934
375935
375936
375937
375938
375939
375940
375941
375942
375943
375944
375945
375946
375947
375948
375949
375950
375951
375952
375953
375954
375955
375956
375957
375958
375959
375960
375961
375962
375963
375964
375965
375966
375967
375968
375969
375970
374299
374300
374301
374302
374303
374304
374305
374306
374307
374308
374309
374310
374311
374312
374313
374314
374315
374316
374317
374318
374319
374320
374321
374322
374323
374324
374325
374326
374327
374328
374329
374330
374331
374332
374333
374334
374335
374336
374337
374338
374339
374340
374341
374342
374343
374344
374345
374346
374347
374348
374349
374350
374351
374352
374353
374354
374355
374356
374357
374358
374359
374360
374361
374362
374363
374364
374365
374366
374367
374368
374369
374370
374371
374372
374373
374374
374375
374376
374377
374378
374379
374380
374381
374382
374383
374384
374385
374386
374387
374388
374389
374390
374391
374392
374393
374394
374395
374396
374397
374398
374399
374400
374401
374402
374403
374404
374405
374406
374407
374408
374409
374410
374411
374412
374413
374414
374415
374416
374417
374418
374419
374420
374421
373940
373941
373942
373943
373944
373945
373946
373947
373948
373949
373950
373951
373952
373953
373954
373955
373956
373957
373958
373959
373960
373961
373962
373963
373964
373965
373966
373967
373968
373969
373970
373971
373972
373973
373974
373975
373976
373977
373978
373979
373980
373981
373982
373983
373984
373985
373986
373987
373988
373989
373990
373991
373992
373993
373994
373995
373996
373997
373998
373999
374000
374001
374002
374003
374004
374005
374006
374007
374008
374009
374010
374011
373470
373471
373472
373473
373474
373475
373476
373477
373478
373479
373480
373481
373482
373483
373484
373485
373486
373487
373488
373489
373490
373491
373492
373493
373494
373495
373496
373497
373498
373499
373500
373501
373502
373503
373504
373505
373506
373507
373508
373509
373510
373511
373512
373513
373514
373515
373516
373517
373518
373519
373520
373521
373522
373523
373524
373525
373526
373527
373528
373529
373530
373531
372631
372632
372633
372634
372635
372636
372637
372638
372639
372640
372641
372642
372643
372644
372645
372646
372647
372648
372649
372650
372651
372652
372653
372654
372655
372656
372657
372658
372659
372660
372661
372662
372663
372664
372665
372666
372667
372668
372669
372670
372671
372672
372673
372674
372675
372676
372677
372678
372679
372680
372681
372682
372683
372684
372685
372686
372687
372688
372689
372690
372691
372692
372693
372694
372695
372696
372697
372698
372699
372700
371205
371206
371207
371208
371209
371210
371211
371212
371213
371214
371215
371216
371217
371218
371219
371220
371221
371222
371223
371224
371225
371226
371227
371228
371229
371230
371231
371232
371233
371234
371235
371236
371237
371238
371239
371240
371241
371242
371243
371244
371245
371246
371247
371248
371249
371250
371251
371252
371253
371254
371255
371256
371257
371258
371259
371260
371261
371262
371263
371264
371265
371266
371267
371268
371269
371270
371271
371272
371273
371274
371275
371276
371277
371278
371279
371280
371281
371282
371283
371284
371285
371286
371287
371288
371289
371290
371291
371292
371293
371294
371295
371296
371297
371298
371299
371300
371301
371302
371303
371304
371305
371306
371307
371308
371309
371310
371311
371312
371313
371314
371315
371316
371317
371318
371319
371320
371321
371322
367065
367066
367067
367068
367069
367070
367071
367072
367073
367074
367075
367076
367077
367078
367079
367080
367081
367082
367083
367084
367085
367086
367087
367088
367089
367090
367091
367092
367093
367094
367095
367096
367097
367098
367099
367100
367101
367102
367103
367104
367105
367106
367107
367108
367109
367110
367111
367112
367113
367114
367115
367116
367117
367118
367119
367120
367121
367122
367123
367124
367125
367126
367127
367128
367129
367130
367131
367132
367133
367134
367135
367136
367137
367138
367139
367140
367141
367142
367143
367144
367145
367146
367147
367148
367149
367150
367151
367152
367153
367154
367155
367156
367157
367158
367159
367160
367161
367162
367163
367164
367165
367166
367167
367168
367169
367170
367171
367172
367173
367174
367175
367176
367177
367178
367179
367180
367181
367182
367183
367184
367185
367186
367187
367188
367189
367190
367191
367192
367193
367194
367195
367196
367197
367198
367199
367200
367201
367202
367203
367204
367205
367206
367207
367208
367209
367210
367211
367212
367213
367214
367215
367216
367217
367218
367219
367220
367221
367222
367223
367224
362203
362204
362205
362206
362207
362208
362209
362210
362211
362212
362213
362214
362215
362216
362217
362218
362219
362220
362221
362222
362223
362224
362225
362226
362227
362228
362229
362230
362231
362232
362233
362234
362235
362236
362237
362238
362239
362240
362241
362242
362243
362244
362245
362246
362247
362248
362249
362250
362251
362252
362253
362254
362255
362256
362257
362258
362259
362260
362261
362262
362263
362264
362265
362266
362267
362268
362269
362270
362271
362272
362273
362274
362275
362276
362277
362278
362279
362280
362281
362282
362283
362284
362285
362286
362287
362288
362289
362290
362291
362292
362293
362294
362295
362296
362297
362298
362299
362300
362301
362302
362303
362304
362305
362306
362307
362308
362309
362310
362311
362312
362313
362314
362315
362316
362317
362318
362319
362320
362321
362322
362323
362324
362325
362326
362327
362328
362329
362330
362331
362332
362333
362334
362335
362336
362337
362338
362339
362340
362341
362342
362343
362344
362345
362346
362347
362348
362349
362350
362351
362352
362353
362354
362355
362356
362357
362358
362359
362360
362361
362362
362363
362364
362365
362366
362367
362368
362369
362370
362371
362372
362373
362374
362375
362376
362377
362378
362379
362380
362381
362382
362383
362384
362385
362386
362387
362388
362389
362390
362391
362392
362393
362394
362395
362396
362397
362398
362399
362400
362401
362402
362403
362404
362405
362406
362407
362408
362409
362410
362411
362412
362413
362414
362415
362416
362417
362418
362419
362420
362421
362422
362423
362424
362425
362426
407099
407100
407101
407102
407103
407104
407105
407106
407107
407108
407109
407110
407111
407112
407113
407114
407115
407116
407117
407118
407119
407120
407121
407122
407123
407124
407125
407126
407127
407128
407129
407130
407131
407132
407133
407134
407135
407136
407137
407138
407139
407140
407141
407142
407143
407144
407145
407146
407147
407148
407149
407150
407151
407152
407153
407154
407155
407156
407157
407158
407159
407160
407161
407162
407163
407164
407165
407166
407167
407168
407169
407170
407171
407172
407173
407174
407175
407176
407177
407178
407179
407180
407181
407182
407183
407184
407185
407186
407187
407188
407189
407190
407191
407192
407193
407194
407195
407196
407197
407198
407199
407200
407201
407202
407203
407204
407205
407206
407207
407208
407209
407210
407211
407212
407213
407214
407215
407216
407217
407218
407219
407220
407221
407222
407223
407224
407225
407226
407227
407228
407229
407230
407231
407232
407233
407234
407235
407236
407237
407238
407239
407240
407241
407242
407243
407244
407245
407246
407247
407248
407249
407250
407251
407252
407253
407254
407255
407256
407257
407258
407259
407260
407261
407262
407263
407264
407265
407266
407267
407268
407269
407270
407271
407272
407273
407274
407275
407276
407277
407278
407279
407280
407281
407282
407283
407284
407285
407286
407287
407288
407289
407290
407291
407292
407293
407294
407295
407296
407297
407298
407299
407300
407301
407302
407303
407304
407305
407306
407307
407308
407309
407310
407311
407312
407313
407314
407315
407316
407317
407318
407319
407320
407321
407322
407323
407324
407325
407326
407327
407328
407329
407330
407331
407332
407333
407334
407335
407336
407337
407338
407339
407340
407341
407342
407343
407344
407345
407346
407347
407348
407349
407350
407351
407352
407353
407354
407355
407356
407357
407358
407359
407360
407361
407362
407363
407364
407365
407366
407367
407368
407369
407370
407371
407372
407373
407374
407375
407376
407377
407378
407379
407380
407381
407382
407383
407384
407385
407386
407387
407388
407389
407390
407391
407392
407393
407394
407395
407396
407397
407398
407399
407400
407401
407402
407403
407404
407405
407406
407407
407408
407409
407410
407411
407412
407413
407414
407415
407416
407417
407418
407419
407420
407421
407422
407423
407424
407425
407426
407427
407428
407429
407430
407431
407432
407433
407434
407435
407436
407437
407438
407439
407440
407441
407442
407443
407444
407445
407446
407447
407448
407449
407450
407451
407452
407453
407454
407455
407456
407457
407458
407459
407460
407461
407462
407463
407464
407465
407466
407467
407468
407469
407470
407471
407472
407473
407474
407475
407476
407477
407478
407479
407480
407481
407482
407483
407484
407485
407486
407487
407488
407489
407490
407491
407492
407493
407494
407495
407496
407497
407498
407499
407500
407501
407502
407503
407504
407505
407506
407507
407508
407509
407510
407511
407512
407513
407514
407515
407516
407517
407518
407519
407520
407521
407522
407523
407524
407525
407526
407527
407528
407529
407530
407531
407532
407533
407534
407535
407536
407537
407538
407539
407540
407541
407542
407543
407544
407545
407546
407547
407548
407549
407550
407551
407552
407553
407554
407555
407556
407557
407558
407559
407560
407561
407562
407563
407564
407565
407566
407567
407568
407569
407570
407571
407572
407573
407574
407575
407576
407577
407578
407579
407580
407581
407582
407583
407584
407585
407586
407587
407588
407589
407590
407591
407592
407593
407594
407595
407596
407597
407598
407599
407600
407601
407602
407603
407604
407605
407606
407607
407608
407609
407610
407611
407612
407613
407614
407615
407616
407617
407618
407619
407620
407621
407622
407623
407624
407625
407626
407627
407628
407629
407630
407631
407632
407633
407634
407635
407636
407637
407638
407639
407640
407641
407642
407643
407644
407645
407646
407647
407648
407649
407650
407651
407652
407653
407654
407655
407656
407657
407658
407659
407660
407661
407662
407663
407664
407665
407666
407667
407668
407669
407670
407671
407672
407673
407674
407675
407676
407677
407678
407679
407680
407681
407682
407683
407684
407685
407686
407687
407688
407689
407690
407691
407692
407693
407694
407695
407696
407697
407698
407699
407700
407701
407702
407703
407704
407705
407706
407707
407708
407709
407710
407711
407712
407713
407714
407715
407716
407717
407718
407719
407720
407721
407722
407723
407724
407725
407726
407727
407728
407729
407730
407731
407732
407733
407734
407735
407736
407737
407738
407739
407740
407741
407742
407743
407744
407745
407746
407747
407748
407749
407750
407751
407752
407753
407754
407755
407756
407757
407758
407759
407760
407761
407762
407763
407764
407765
407766
407767
407768
407769
407770
407771
407772
407773
407774
407775
407776
407777
407778
407779
407780
407781
407782
407783
407784
407785
407786
407787
407788
407789
407790
407791
407792
407793
407794
407795
407796
407797
407798
407799
407800
407801
407802
407803
407804
407805
407806
407807
407808
407809
407810
407811
407812
407813
407814
407815
407816
407817
407818
407819
407820
407821
407822
407823
407824
407825
407826
407827
407828
407829
407830
407831
407832
407833
407834
407835
407836
407837
407838
407839
407840
407841
407842
407843
407844
407845
407846
407847
407848
407849
407850
407851
407852
407853
407854
407855
407856
407857
407858
407859
407860
407861
407862
407863
407864
407865
407866
407867
407868
407869
407870
407871
407872
407873
407874
407875
407876
407877
407878
407879
407880
407881
407882
407883
407884
407885
407886
407887
407888
407889
407890
407891
407892
407893
407894
407895
407896
407897
407898
407899
407900
407901
407902
407903
407904
407905
407906
407907
407908
407909
407910
407911
407912
407913
407914
407915
407916
407917
407918
407919
407920
407921
407922
407923
407924
407925
407926
407927
407928
407929
407930
407931
407932
407933
407934
407935
407936
407937
407938
407939
407940
407941
407942
407943
407944
407945
407946
407947
407948
407949
407950
407951
407952
407953
407954
407955
407956
407957
407958
407959
407960
407961
407962
407963
407964
407965
407966
407967
407968
407969
407970
407971
407972
407973
407974
407975
407976
407977
407978
407979
407980
407981
407982
407983
407984
407985
407986
407987
407988
407989
407990
407991
407992
407993
407994
407995
407996
407997
407998
407999
408000
408001
408002
408003
408004
408005
408006
408007
408008
408009
408010
408011
408012
408013
408014
408015
408016
408017
408018
408019
408020
408021
408022
408023
408024
408025
408026
408027
408028
408029
408030
408031
408032
408033
408034
408035
408036
408037
408038
408039
408040
408041
408042
408043
408044
408045
408046
408047
408048
408049
408050
408051
408052
408053
408054
408055
408056
408057
408058
408059
408060
408061
408062
408063
408064
408065
408066
408067
408068
408069
408070
408071
408072
408073
408074
408075
408076
408077
408078
408079
408080
408081
408082
408083
408084
408085
408086
408087
408088
408089
408090
408091
408092
408093
408094
408095
408096
408097
408098
408099
408100
408101
408102
408103
408104
408105
408106
408107
408108
408109
408110
408111
408112
408113
408114
408115
408116
408117
408118
408119
408120
408121
408122
408123
408124
408125
408126
408127
408128
408129
408130
408131
408132
408133
408134
408135
408136
408137
408138
408139
408140
408141
408142
408143
408144
408145
408146
408147
408148
408149
408150
408151
408152
408153
408154
408155
408156
408157
408158
408159
408160
408161
408162
408163
408164
408165
408166
408167
408168
408169
408170
408171
408172
408173
408174
408175
408176
408177
408178
408179
408180
408181
408182
408183
408184
408185
408186
408187
408188
408189
408190
408191
408192
408193
408194
408195
408196
408197
408198
408199
408200
408201
408202
408203
408204
408205
408206
408207
408208
408209
408210
408211
408212
408213
408214
408215
408216
408217
408218
408219
408220
408221
408222
408223
408224
408225
408226
408227
408228
408229
408230
408231
408232
408233
408234
408235
408236
408237
408238
408239
408240
408241
408242
408243
408244
408245
408246
408247
408248
408249
408250
408251
408252
408253
408254
408255
408256
408257
408258
408259
408260
408261
408262
408263
408264
408265
408266
408267
408268
408269
408270
408271
408272
408273
408274
408275
408276
408277
408278
408279
408280
408281
408282
408283
408284
408285
408286
408287
408288
408289
408290
408291
408292
408293
408294
408295
408296
408297
408298
408299
408300
408301
408302
408303
408304
408305
408306
408307
408308
408309
408310
408311
408312
408313
408314
408315
408316
408317
408318
408319
408320
408321
408322
408323
408324
408325
408326
408327
408328
408329
408330
408331
408332
408333
408334
408335
408336
408337
408338
408339
408340
408341
408342
408343
408344
408345
408346
408347
408348
408349
408350
408351
408352
408353
408354
408355
408356
408357
408358
408359
408360
408361
460529
460530
460531
460532
460533
460534
460535
460536
460537
460538
460539
460540
460541
460542
460543
460544
460545
460546
460547
460548
460549
460550
460551
460552
460553
460554
460555
460556
460557
460558
460559
460560
460561
460562
460563
460564
460565
460566
460567
460568
460569
460570
460571
460572
460573
460574
460575
460576
460577
460578
460579
460580
460581
460582
460583
460584
460585
460586
460587
460588
460589
460590
460591
460592
460593
460594
460595
460596
460597
460598
460599
460600
460601
460602
460603
460604
460605
460606
460607
460608
460609
460610
460611
460612
460613
460614
460615
460616
460617
460618
460619
460620
460621
460622
460623
460624
460625
460626
460627
460628
460629
460630
460631
460632
460633
460634
460635
460636
460637
460638
460639
460640
460641
460642
460643
460644
460645
460646
460647
460648
460649
460650
460651
460652
460653
460654
460655
460656
460657
460658
460659
460660
460661
460662
460663
460664
460665
460666
460667
460668
460669
460670
460671
460672
460673
460674
460675
460676
460677
460678
460679
460680
460681
460682
460683
460684
460685
460686
460687
460688
460689
460690
460691
460692
460693
460694
460695
460696
460697
460698
460699
460700
460701
460702
460703
460704
460705
460706
460707
460708
460709
460710
460711
460712
460713
460714
460715
460716
460717
460718
460719
460720
460721
460722
460723
460724
460725
460726
460727
460728
460729
460730
460731
460732
460733
460734
460735
460736
460737
460738
460739
460740
460741
460742
460743
460744
460745
460746
460747
460748
460749
460750
460751
460752
460753
460754
460755
460756
460757
460758
460759
460760
460761
460762
460763
460764
460765
460766
460767
460768
460769
460770
460771
460772
460773
460774
460775
460776
460777
460778
460779
460780
460781
460782
460783
460784
460785
460786
460787
460788
460789
460790
460791
460792
460793
460794
460795
460796
460797
460798
460799
460800
460801
460802
460803
460804
460805
460806
460807
460808
460809
460810
460811
460812
460813
460814
460815
460816
460817
460818
460819
460820
460821
460822
460823
460824
460825
460826
460827
460828
460829
460830
460831
460832
460833
460834
460835
460836
460837
460838
460839
460840
460841
460842
460843
460844
460845
460846
460847
460848
460849
460850
460851
460852
460853
460854
460855
460856
460857
460858
460859
460860
460861
460862
460863
460864
460865
460866
460867
460868
460869
460870
460871
460872
460873
460874
460875
460876
460877
460878
460879
460880
460881
460882
460883
460884
460885
460886
460887
460888
460889
460890
460891
460892
460893
460894
460895
460896
460897
460898
460899
460900
460901
460902
460903
460904
460905
460906
460907
460908
460909
460910
460911
460912
460913
460914
460915
460916
460917
460918
460919
460920
460921
460922
460923
460924
460925
460926
460927
460928
460929
460930
460931
460932
460933
460934
460935
460936
460937
460938
460939
460940
460941
460942
460943
460944
460945
460946
460947
460948
460949
460950
460951
460952
460953
460954
460955
460956
460957
460958
460959
460960
460961
460962
460963
460964
460965
460966
460967
460968
460969
460970
460971
460972
460973
460974
460975
460976
460977
460978
460979
460980
460981
460982
460983
460984
460985
460986
460987
460988
460989
460990
460991
460992
460993
460994
460995
460996
440862
440863
440864
440865
440866
440867
440868
440869
440870
440871
440872
440873
440874
440875
440876
440877
440878
440879
440880
440881
440882
440883
440884
440885
440886
440887
440888
440889
440890
440891
440892
440893
440894
440895
440896
440897
440898
440899
440900
440901
440902
440903
440904
440905
440906
440907
440908
440909
440910
440911
440912
440913
440914
440915
440916
440917
440918
440919
440920
440921
440922
440923
440924
440925
440926
440927
440928
440929
440930
440931
440932
438970
438971
438972
438973
438974
438975
438976
438977
438978
438979
438980
438981
438982
438983
438984
438985
438986
438987
438988
438989
438990
438991
438992
438993
438994
438995
438996
438997
438998
438999
439000
439001
439002
439003
439004
439005
439006
439007
439008
439009
439010
439011
439012
439013
439014
439015
439016
439017
439018
439019
439020
439021
439022
439023
439024
439025
439026
439027
439028
439029
439030
438718
438719
438720
438721
438722
438723
438724
438725
438726
438727
438728
438729
438730
438731
438732
438733
438734
438735
438736
438737
438738
438739
438740
438741
438742
438743
438744
438745
438746
438747
438748
438749
438750
438751
438752
438753
438754
438755
438756
438757
438758
438759
438760
438761
438762
438763
438764
438765
438766
438767
438768
438769
438770
438771
438772
438773
438774
438775
438776
438777
438778
438779
438780
438781
438782
438783
438784
438785
438786
438787
438788
438789
438790
438791
438792
438793
438794
438795
438796
438797
438798
438799
438800
438801
438802
438803
438804
438805
438806
438807
438808
438809
438810
438811
438812
438813
438814
438815
438816
438817
438818
438819
438820
438821
438822
438823
438824
438825
438826
438827
438828
438829
438830
438831
438832
438833
438834
438835
438836
438837
436630
436631
436632
436633
436634
436635
436636
436637
436638
436639
436640
436641
436642
436643
436644
436645
436646
436647
436648
436649
436650
436651
436652
436653
436654
436655
436656
436657
436658
436659
436660
436661
436662
436663
436664
436665
436666
436667
436668
436669
436670
436671
436672
436673
436674
436675
436676
436677
436678
436679
436680
436681
436682
436683
436380
436381
436382
436383
436384
436385
436386
436387
436388
436389
436390
436391
436392
436393
436394
436395
436396
436397
436398
436399
436400
436401
436402
436403
436404
436405
436406
436407
436408
436409
436410
436411
436412
436413
436414
436415
436416
436417
436418
436419
436420
436421
436422
436423
436424
436425
436426
436427
436428
436429
436430
436431
436165
436166
436167
436168
436169
436170
436171
436172
436173
436174
436175
436176
436177
436178
436179
436180
436181
436182
436183
436184
436185
436186
436187
436188
436189
436190
436191
436192
436193
436194
436195
436196
436197
436198
436199
436200
436201
436202
436203
436204
436205
436206
436207
436208
436209
436210
436211
436212
436213
436214
436215
436216
436217
436218
436219
436220
436221
436222
436223
436224
436225
436226
436227
436228
436229
436230
436231
436232
436233
436234
436235
436236
436237
436238
436239
436240
436241
436242
436243
436244
436245
436246
436247
436248
436249
436250
436251
436252
436253
436254
436255
436256
436257
436258
436259
436260
436261
436262
436263
436264
436265
436266
436267
436268
436269
436270
436271
436272
436273
436274
436275
436276
436277
436278
436279
436280
436281
436282
436283
436284
436285
436286
436287
436288
436289
436290
436291
434709
434710
434711
434712
434713
434714
434715
434716
434717
434718
434719
434720
434721
434722
434723
434724
434725
434726
434727
434728
434729
434730
434731
434732
434733
434734
434735
434736
434737
434738
434739
434740
434741
434742
434743
434744
434745
434746
434747
434748
434749
434750
434751
434752
434753
434754
434755
434756
434757
434758
434759
434760
434761
434762
434763
434764
434765
434766
434767
434768
434769
434770
434771
434772
434773
434774
434775
434776
434777
434778
434779
434780
434781
434782
434783
434784
434785
434786
434787
434788
434789
434790
434791
434792
434793
434794
434795
434796
434797
434798
434799
434800
434801
434802
434803
434804
434805
434806
434807
434808
434809
434810
434811
434812
434813
434814
434815
434816
434817
434818
434819
434820
434821
434822
434823
434824
434825
434826
434827
434828
434829
434830
434831
434832
434833
434834
434835
434836
434837
434838
434839
434840
434841
434842
434843
434844
434845
434846
434847
434848
434849
434850
434851
434852
434853
434854
434855
434856
434857
434858
434859
434860
434861
434862
434863
434864
434865
430684
430685
430686
430687
430688
430689
430690
430691
430692
430693
430694
430695
430696
430697
430698
430699
430700
430701
430702
430703
430704
430705
430706
430707
430708
430709
430710
430711
430712
430713
430714
430715
430716
430717
430718
430719
430720
430721
430722
430723
430724
430725
430726
430727
430728
430729
430730
430731
430732
430733
430734
430735
430736
430737
430738
430739
430740
430741
430742
430743
430744
430745
430746
430747
425097
425098
425099
425100
425101
425102
425103
425104
425105
425106
425107
425108
425109
425110
425111
425112
425113
425114
425115
425116
425117
425118
425119
425120
425121
425122
425123
425124
425125
425126
425127
425128
425129
425130
425131
425132
425133
425134
425135
425136
425137
425138
425139
425140
425141
425142
425143
425144
425145
425146
425147
425148
425149
425150
425151
425152
425153
425154
425155
425156
425157
425158
425159
425160
425161
425162
425163
425164
425165
425166
425167
425168
425169
425170
425171
425172
425173
425174
425175
425176
425177
425178
425179
425180
425181
425182
425183
425184
425185
425186
425187
425188
425189
425190
425191
425192
425193
425194
425195
425196
425197
425198
425199
425200
425201
425202
425203
425204
425205
425206
425207
425208
425209
425210
425211
425212
425213
425214
425215
425216
425217
425218
425219
425220
425221
425222
425223
425224
425225
425226
425227
425228
425229
425230
425231
422146
422147
422148
422149
422150
422151
422152
422153
422154
422155
422156
422157
422158
422159
422160
422161
422162
422163
422164
422165
422166
422167
422168
422169
422170
422171
422172
422173
422174
422175
422176
422177
422178
422179
422180
422181
422182
422183
422184
422185
422186
422187
422188
422189
422190
422191
422192
422193
422194
422195
422196
422197
422198
422199
422200
422201
422202
422203
422204
422205
422206
422207
422208
422209
422210
422211
422212
422213
422214
422215
422216
422217
422218
422219
422220
422221
422222
422223
422224
422225
422226
422227
422228
422229
422230
422231
422232
422233
422234
422235
422236
422237
422238
422239
422240
422241
422242
422243
422244
422245
422246
422247
422248
422249
422250
422251
422252
422253
422254
422255
422256
422257
422258
422259
422260
422261
422262
422263
422264
422265
422266
422267
422268
422269
422270
422271
422272
422273
422274
422275
422276
422277
422278
422279
422280
422281
422282
422283
422284
422285
422286
422287
422288
422289
422290
422291
422292
422293
422294
422295
422296
422297
422298
422299
422300
422301
422302
422303
422304
422305
422306
422307
422308
422309
422310
422311
422312
422313
422314
422315
422316
422317
422318
422319
422320
422321
422322
422323
422324
422325
422326
422327
422328
422329
422330
422331
422332
422333
422334
422335
422336
422337
422338
422339
422340
422341
422342
422343
422344
422345
422346
422347
422348
422349
422350
422351
422352
422353
422354
422355
422356
422357
422358
422359
422360
422361
422362
422363
422364
422365
422366
422367
422368
422369
422370
422371
422372
422373
422374
422375
422376
422377
422378
422379
422380
422381
422382
422383
422384
422385
422386
422387
422388
422389
422390
422391
422392
422393
422394
422395
422396
422397
422398
422399
422400
422401
422402
422403
422404
422405
422406
422407
422408
422409
422410
422411
422412
422413
422414
422415
422416
422417
422418
422419
422420
422421
422422
422423
422424
422425
422426
422427
422428
422429
422430
422431
422432
422433
422434
422435
422436
422437
422438
422439
422440
422441
422442
422443
422444
422445
422446
422447
422448
422449
422450
422451
422452
422453
422454
422455
422456
418931
418932
418933
418934
418935
418936
418937
418938
418939
418940
418941
418942
418943
418944
418945
418946
418947
418948
418949
418950
418951
418952
418953
418954
418955
418956
418957
418958
418959
418960
418961
418962
418963
418964
418965
418966
418967
418968
418969
418970
418971
418972
418973
418974
418975
418976
418977
418978
418979
418980
418981
418982
418983
418984
418985
418986
418987
418988
418989
418990
418991
418992
418993
418994
418995
418996
418997
418998
418999
419000
419001
419002
419003
419004
419005
419006
419007
419008
419009
419010
419011
419012
419013
419014
419015
419016
419017
419018
419019
419020
419021
419022
419023
419024
419025
419026
419027
419028
419029
419030
419031
419032
419033
419034
419035
419036
419037
419038
419039
419040
419041
419042
419043
419044
419045
419046
419047
419048
419049
419050
419051
419052
419053
419054
419055
419056
474621
474622
474623
474624
474625
474626
474627
474628
474629
474630
474631
474632
474633
474634
474635
474636
474637
474638
474639
474640
474641
474642
474643
474644
474645
474646
474647
474648
474649
474650
474651
474652
474653
474654
474655
474656
474657
474658
474659
474660
474661
474662
474663
474664
474665
474666
474667
474668
474669
474670
474671
474672
474673
474674
474675
474676
474677
474678
474679
474680
474681
474682
474683
474684
474685
474686
474687
474688
474689
474690
474691
474692
474693
474694
474695
474696
474697
474698
474699
474700
474701
474702
474703
474704
474705
474706
474707
474708
474709
474710
474711
474712
474713
474714
474715
474716
474717
474718
474719
474720
474721
474722
474723
474724
474725
474726
474727
474728
474729
474730
474731
474732
474733
474734
474735
474736
474737
474738
474739
474740
474741
474742
474743
474744
474745
474746
474747
472394
472395
472396
472397
472398
472399
472400
472401
472402
472403
472404
472405
472406
472407
472408
472409
472410
472411
472412
472413
472414
472415
472416
472417
472418
472419
472420
472421
472422
472423
472424
472425
472426
472427
472428
472429
472430
472431
472432
472433
472434
472435
472436
472437
472438
472439
472440
472441
472442
472443
472444
472445
472446
472447
472448
472449
472450
472451
472452
472453
472454
472455
472456
472457
472458
472459
472460
472461
472462
472463
472464
472465
472466
472467
472468
472469
472470
472471
472472
472473
472474
472475
472476
472477
472478
472479
472480
472481
472482
472483
472484
472485
472486
472487
472488
472489
472490
472491
472492
472493
472494
472495
472496
472497
472498
472499
472500
472501
467649
467650
467651
467652
467653
467654
467655
467656
467657
467658
467659
467660
467661
467662
467663
467664
467665
467666
467667
467668
467669
467670
467671
467672
467673
467674
467675
467676
467677
467678
467679
467680
467681
467682
467683
467684
467685
467686
467687
467688
467689
467690
467691
467692
467693
467694
467695
467696
467697
467698
467699
467700
467701
467702
467703
467704
467705
467706
467707
467708
467709
467710
467711
467712
467713
467714
467715
467716
467717
467718
467719
467720
467721
467722
467723
467724
467725
467726
467727
467728
467729
467730
467731
467732
467733
467734
467735
467736
467737
467738
467739
467740
467741
467742
467743
467744
467745
467746
467747
467748
467749
467750
467751
467752
467753
467754
467755
467756
467757
467758
467759
467760
467761
467762
463847
463848
463849
463850
463851
463852
463853
463854
463855
463856
463857
463858
463859
463860
463861
463862
463863
463864
463865
463866
463867
463868
463869
463870
463871
463872
463873
463874
463875
463876
463877
463878
463879
463880
463881
463882
463883
463884
463885
463886
463887
463888
463889
463890
463891
463892
463893
463894
463895
463896
463897
463898
463899
463900
463901
463902
463903
463904
463905
463906
463907
463908
463909
463910
463911
463912
463913
463914
463915
463916
463917
463918
463919
463920
463921
463922
463923
463924
463925
463926
463927
463928
463929
463930
463931
463932
463933
463934
463935
463936
463937
463938
463939
463940
463941
463942
463943
463944
463945
463946
463947
463948
463949
463950
463951
463952
463953
463954
463955
463956
463957
463958
463959
463960
463961
463962
463963
463964
463965
463966
463967
463968
463969
463970
463971
463972
463973
463974
463975
463976
463977
463978
463979
463980
463981
463982
463983
463984
463985
463986
463987
463988
463989
463990
463991
463992
463993
463994
463995
463996
463997
463998
463999
464000
464001
464002
464003
464004
464005
464006
464007
464008
464009
464010
464011
464012
464013
464014
464015
464016
464017
464018
464019
464020
464021
464022
464023
464024
464025
464026
464027
464028
464029
464030
464031
464032
464033
464034
464035
464036
464037
464038
464039
464040
464041
464042
464043
464044
464045
464046
464047
464048
464049
464050
464051
464052
464053
464054
464055
464056
464057
464058
464059
464060
464061
464062
464063
464064
464065
464066
464067
464068
464069
464070
464071
464072
464073
464074
464075
464076
464077
464078
464079
464080
464081
464082
464083
464084
464085
464086
464087
464088
464089
464090
464091
464092
464093
464094
464095
464096
464097
464098
464099
464100
464101
464102
464103
464104
464105
464106
464107
464108
464109
464110
464111
464112
464113
464114
464115
464116
464117
464118
464119
464120
464121
464122
464123
464124
464125
464126
464127
464128
464129
464130
464131
464132
464133
464134
464135
464136
464137
464138
464139
464140
464141
464142
464143
464144
464145
464146
464147
464148
464149
464150
464151
464152
464153
464154
464155
464156
464157
464158
464159
464160
464161
464162
464163
464164
464165
464166
464167
464168
464169
464170
464171
464172
464173
464174
464175
464176
464177
464178
464179
464180
464181
464182
464183
464184
464185
464186
464187
464188
464189
464190
464191
464192
464193
464194
464195
464196
464197
464198
464199
464200
464201
464202
464203
464204
464205
464206
464207
464208
464209
464210
464211
464212
464213
464214
464215
464216
464217
464218
464219
464220
464221
464222
464223
464224
464225
464226
464227
464228
464229
464230
464231
464232
464233
464234
464235
464236
464237
464238
464239
464240
464241
464242
464243
464244
464245
464246
464247
464248
464249
464250
464251
464252
464253
464254
464255
464256
464257
464258
464259
464260
464261
464262
464263
464264
464265
464266
464267
464268
464269
464270
464271
464272
464273
464274
464275
464276
464277
464278
464279
464280
464281
464282
464283
464284
464285
464286
464287
464288
464289
464290
464291
464292
464293
464294
464295
464296
464297
464298
464299
464300
464301
464302
464303
464304
464305
464306
464307
464308
464309
464310
464311
464312
464313
464314
464315
464316
464317
464318
464319
464320
464321
464322
464323
464324
464325
464326
464327
464328
464329
464330
464331
464332
464333
464334
464335
464336
464337
464338
464339
464340
464341
464342
464343
464344
464345
464346
464347
464348
464349
464350
464351
464352
464353
464354
464355
464356
464357
464358
464359
464360
464361
464362
464363
464364
