54376784
54376785
54376786
54376787
54376788
54376789
54376790
54376791
54376792
54376793
54376794
54376795
54376796
54376797
54376798
54376799
54376800
54376801
54376802
54376803
54376804
54376805
54376806
54376807
54376808
54376809
54376810
54376811
54376812
54376813
54376814
54376815
54376816
54376817
54376818
54376819
54376820
54376821
54376822
54376823
54376824
54376825
54376826
54376827
54376828
54376829
54376830
54376831
54376832
54376833
54376834
54376835
54376836
54376837
54376838
54376839
54376840
54376841
54376842
54376843
54376844
54376845
54376846
54376847
54376848
54376849
54376850
54376851
54376852
54376853
54376854
54376855
54376856
54376857
54376858
54376859
54376860
54376861
54376862
54376863
54376864
54376865
54376866
54376867
54376868
54376869
54376870
54376871
54376872
54376873
54376874
54376875
54376876
54376877
54376878
54376879
54376880
54376881
54376882
54376883
54376884
54376885
54376886
54376887
54376888
54376889
54376890
54376891
54376892
54376893
54376894
54376895
54376896
54376897
54376898
54376899
54376900
54376901
54376902
54376903
54376904
54376905
54376906
54376907
54376908
54376909
54376910
54376911
54376912
54376913
54376914
54376915
54376916
54376917
54376918
54376919
54376920
54376921
54376922
54376923
54376924
54376925
54376926
54376927
54376928
54376929
54376930
54376931
54376932
54376933
54376934
54376935
54376936
54376937
54376938
54376939
54376940
54376941
54376942
54376943
54376944
54376945
54376946
54376947
54376948
54376949
54376950
54376951
54376952
54376953
54376954
54376955
54376956
54376957
54376958
54376959
54376960
54376961
54376962
54376963
54376964
54376965
54376966
54376967
54376968
54376969
54376970
54376971
54376972
54376973
54376974
54376975
54376976
54376977
54376978
54376979
54376980
54376981
54376982
54376983
54376984
54376985
54376986
54376987
54376988
54376989
54376990
54376991
54376992
54376993
54376994
54376995
54376996
54376997
54376998
54376999
54377000
54377001
54377002
54377003
54377004
54377005
54377006
54377007
54377008
54377009
54377010
54377011
54377012
54377013
54377014
54377015
54377016
54377017
54377018
54377019
54377020
54377021
54377022
54377023
54377024
54377025
54377026
54377027
54377028
54377029
54377030
54377031
54377032
54377033
54377034
54377035
54377036
54377037
54377038
54377039
54377040
54377041
54377042
54377043
54377044
54377045
54377046
54377047
54377048
54377049
54377050
54377051
54377052
54377053
54377054
54377055
54377056
54377057
54377058
54377059
54377060
54377061
54377062
54377063
54377064
54377065
54377066
54377067
54377068
54377069
54377070
54377071
54377072
54377073
54377074
54377075
54377076
54377077
54377078
54377079
54377080
54377081
54377082
54377083
54377084
54377085
54377086
54377087
54377088
54377089
54377090
54377091
54377092
54377093
54377094
54377095
54377096
54377097
54377098
54377099
54377100
54377101
54377102
54377103
54377104
54377105
54377106
54377107
54377108
54377109
54377110
54377111
54377112
54377113
54377114
54377115
54377116
54377117
54377118
54377119
54377120
54377121
54377122
54377123
54377124
54377125
54377126
54377127
54377128
54377129
54377130
54377131
54377132
54377133
54377134
54377135
54377136
54377137
54377138
54377139
54377140
54377141
54377142
54377143
54377144
54377145
54377146
54377147
54377148
54377149
54377150
54377151
54377152
54377153
54377154
54377155
54377156
54377157
54377158
54377159
54377160
54377161
54377162
54377163
54377164
54377165
54377166
54377167
54377168
54377169
54377170
54377171
54377172
54377173
54377174
54377175
54377176
54377177
54377178
54377179
54377180
54377181
54377182
54377183
54377184
54377185
54377186
54377187
54377188
54377189
54377190
54377191
54377192
54377193
54377194
54377195
54377196
54377197
54377198
54377199
54377200
54377201
54377202
54377203
54377204
54377205
54377206
54377207
54377208
54377209
54377210
54377211
54377212
54377213
54377214
54377215
54377216
54377217
54377218
54377219
54377220
54377221
54377222
54377223
54377224
54377225
54377226
54377227
54377228
54377229
54377230
54377231
54377232
54377233
54377234
54377235
54377236
54377237
54377238
54377239
54377240
54377241
54377242
54377243
54377244
54377245
54377246
54377247
54377248
54377249
54377250
54377251
54377252
54377253
54377254
54377255
54377256
54377257
54377258
54377259
54377260
54377261
54377262
54377263
54377264
54377265
54377266
54377267
54377268
54377269
54377270
54377271
54377272
54377273
54377274
54377275
54377276
54377277
54377278
54377279
54377280
54377281
54377282
54377283
54377284
54377285
54377286
54377287
54377288
54377289
54377290
54377291
54377292
54377293
54377294
54377295
54377296
54377297
54377298
54377299
54377300
54377301
54377302
54377303
54377304
54377305
54377306
54377307
54377308
54377309
54377310
54377311
54377312
54377313
54377314
54377315
54377316
54377317
54377318
54377319
54377320
54377321
54377322
54377323
54377324
54377325
54377326
54377327
54377328
54377329
54377330
54377331
54377332
54377333
54377334
54377335
54377336
54377337
54377338
54377339
54377340
54377341
54377342
54377343
54377344
54377345
54377346
54377347
54377348
54377349
54377350
54377351
54377352
54377353
54377354
54377355
54377356
54377357
54377358
54377359
54377360
54377361
54377362
54377363
54377364
54377365
54377366
54377367
54377368
54377369
54377370
54377371
54377372
54377373
54377374
54377375
54377376
54377377
54377378
54377379
54377380
54377381
54377382
54377383
54377384
54377385
54377386
54377387
54377388
54377389
54377390
54377391
54377392
54377393
54377394
54377395
54377396
54377397
54377398
54377399
54377400
54377401
54377402
54377403
54377404
54377405
54377406
54377407
54377408
54377409
54377410
54377411
54377412
54377413
54377414
54377415
54377416
54377417
54377418
54377419
54377420
54377421
54377422
54377423
54377424
54377425
54377426
54377427
54377428
54377429
54377430
54377431
54377432
54377433
54377434
54377435
54377436
54377437
54377438
54377439
54377440
54377441
54377442
54377443
54377444
54377445
54377446
54377447
54377448
54377449
54377450
54377451
54377452
54377453
54377454
54377455
54377456
54377457
54377458
54377459
54377460
54377461
54377462
54377463
54377464
54377465
54377466
54377467
54377468
54377469
54377470
54377471
54377472
54377473
54377474
54377475
54377476
54377477
54377478
54377479
54377480
54377481
54377482
54377483
54377484
54377485
54377486
54377487
54377488
54377489
54377490
54377491
54377492
54377493
54377494
54377495
54377496
54377497
54377498
54377499
54377500
54377501
54377502
54377503
54377504
54377505
54377506
54377507
54377508
54377509
54377510
54377511
54377512
54377513
54377514
54377515
54377516
54377517
54377518
54377519
54377520
54377521
54377522
54377523
54377524
54377525
54377526
54377527
54377528
54377529
54377530
54377531
54377532
54377533
54377534
54377535
54377536
54377537
54377538
54377539
54377540
54377541
54377542
54377543
54377544
54377545
54377546
54377547
54377548
54377549
54377550
54377551
54377552
54377553
54377554
54377555
54377556
54377557
54377558
54377559
54377560
54377561
54377562
54377563
54377564
54377565
54377566
54377567
54377568
54377569
54377570
54377571
54377572
54377573
54377574
54377575
54377576
54377577
54377578
54377579
54377580
54377581
54377582
54377583
54377584
54377585
54377586
54377587
54377588
54377589
54377590
54377591
54377592
54377593
54377594
54377595
54377596
54377597
54377598
54377599
54377600
54377601
54377602
54377603
54377604
54377605
54377606
54377607
54377608
54377609
54377610
54377611
54377612
54377613
54377614
54377615
54377616
54377617
54377618
54377619
54377620
54377621
54377622
54377623
54377624
54377625
54377626
54377627
54377628
54377629
54377630
54377631
54377632
54377633
54377634
54377635
54377636
54377637
54377638
54377639
54377640
54377641
54377642
54377643
54377644
54377645
54377646
54377647
54377648
54377649
54377650
54377651
54377652
54377653
54377654
54377655
54377656
54377657
54377658
54377659
54377660
54377661
54377662
54377663
54377664
54377665
54377666
54377667
54377668
54377669
54377670
54377671
54377672
54377673
54377674
54377675
54377676
54377677
54377678
54377679
54377680
54377681
54377682
54377683
54377684
54377685
54377686
54377687
54377688
54377689
54377690
54377691
54377692
54377693
54377694
54377695
54377696
54377697
54377698
54377699
54377700
54377701
54377702
54377703
54377704
54377705
54377706
54377707
54377708
54377709
54377710
54377711
54377712
54377713
54377714
54377715
54377716
54377717
54377718
54377719
54377720
54377721
54377722
54377723
54377724
54377725
54377726
54377727
54377728
54377729
54377730
54377731
54377732
54377733
54377734
54377735
54377736
54377737
54377738
54377739
54377740
54377741
54377742
54377743
54377744
54377745
54377746
54377747
54377748
54377749
54385749
54385750
54385751
54385752
54385753
54385754
54385755
54385756
54385757
54385758
54385759
54385760
54385761
54385762
54385763
54385764
54385765
54385766
54385767
54385768
54385769
54385770
54385771
54385772
54385773
54385774
54385775
54385776
54385777
54385778
54385779
54385780
54385781
54385782
54385783
54385784
54385785
54385786
54385787
54385788
54385789
54385790
54385791
54385792
54385793
54385794
54385795
54385796
54385797
54385798
54385799
54385800
54385801
54385802
54385803
54385804
54385805
54385806
54385807
54385808
54385809
54385810
54385811
54385812
54385813
54385814
54385815
54385816
54385817
54385818
54385819
54385820
54385821
54385822
54385823
54385824
54385825
54385826
54385827
54385828
54385829
54385830
54385831
54385832
54385833
54385834
54385835
54385836
54385837
54385838
54385839
54385840
54385841
54385842
54385843
54385844
54385845
54385846
54385847
54385848
54385849
54385850
54385851
54385852
54385853
54385854
54385855
54385856
54385857
54385858
54385859
54385860
54385861
54385862
54385863
54385864
54385865
54385866
54385867
54385868
54385869
54385870
54385871
54385872
54385873
54385874
54385875
54385876
54385877
54385878
54385879
54385880
54385881
54385882
54385883
54385884
54385885
54385886
54385887
54385888
54385889
54385890
54385891
54385892
54385893
54385894
54385895
54385896
54385897
54385898
54385899
54385900
54385901
54385902
54385903
54385904
54385905
54385906
54385907
54385908
54385909
54385910
54385911
54385912
54385913
54385914
54385915
54385916
54385917
54385918
54386417
54386418
54386419
54386420
54386421
54386422
54386423
54386424
54386425
54386426
54386427
54386428
54386429
54386430
54386431
54386432
54386433
54386434
54386435
54386436
54386437
54386438
54386439
54386440
54386441
54386442
54386443
54386444
54386445
54386446
54386447
54386448
54387415
54387416
54387417
54387418
54387419
54387420
54387421
54387422
54387423
54387424
54387425
54387426
54387427
54387428
54387429
54387430
54387431
54387432
54387433
54387434
54387435
54387436
54387437
54387438
54387439
54387440
54387441
54387442
54387443
54387444
54387445
54387446
54387447
54387448
54387449
54387450
54387451
54387452
54387453
54387454
54387455
54387456
54387457
54387458
54387459
54387460
54387461
54387462
54387463
54387464
54387465
54387466
54387467
54387468
54387469
54387470
54387471
54387472
54387473
54387474
54387475
54387476
54387477
54387478
54387479
54387480
54387481
54387482
54387483
54387484
54387485
54387486
54387487
54387488
54387489
54387490
54387491
54387492
54387493
54387494
54387495
54387496
54387497
54392892
54392893
54392894
54392895
54392896
54392897
54392898
54392899
54392900
54392901
54392902
54392903
54392904
54392905
54392906
54392907
54392908
54392909
54392910
54392911
54392912
54392913
54392914
54392915
54392916
54392917
54392918
54392919
54392920
54392921
54392922
54392923
54392924
54392925
54392926
54392927
54392928
54392929
54392930
54392931
54392932
54392933
54392934
54392935
54392936
54392937
54392938
54392939
54392940
54392941
54392942
54392943
54392944
54392945
54392946
54392947
54392948
54392949
54392950
54392951
54392952
54392953
54392954
54392955
54392956
54392957
54392958
54392959
54392960
54392961
54392962
54392963
54392964
54392965
54392966
54392967
54392968
54392969
54392970
54392971
54392972
54392973
54392974
54392975
54392976
54392977
54392978
54392979
54392980
54392981
54392982
54392983
54392984
54392985
54392986
54392987
54392988
54392989
54392990
54392991
54392992
54392993
54392994
54392995
54392996
54392997
54392998
54392999
54393000
54393001
54393002
54393003
54393140
54393141
54393142
54393143
54393144
54393145
54393146
54393147
54393148
54393149
54393150
54393151
54393152
54393153
54393154
54393155
54393156
54393157
54393158
54393159
54393160
54393161
54393162
54393163
54393164
54393165
54393166
54393167
54393168
54393169
54393170
54393171
54393172
54393173
54393174
54393175
54393176
54393177
54393178
54393179
54393180
54393181
54393182
54393183
54393184
54393185
54393186
54393187
54393188
54393189
54393190
54393191
54393192
54393193
54393194
54393195
54393196
54393197
54393198
54393199
54393200
54393201
54393202
54393203
54393204
54393205
54393206
54393207
54393208
54393209
54393210
54393211
54393212
54393213
54393214
54393215
54393216
54393217
54393218
54393219
54393220
54393221
54393222
54393223
54393224
54393225
54393226
54393227
54393228
54393229
54393230
54393231
54393232
54393233
54393234
54393235
54393236
54393237
54393238
54393239
54393240
54393241
54393242
54393243
54393244
54393245
54393246
54393247
54393248
54393249
54393250
54393251
54393252
54393253
54393254
54393255
54393256
54393257
54393258
54393259
54393260
54393261
54393262
54393263
54393264
54393265
54393266
54393267
54393268
54393269
54393270
54393271
54394928
54394929
54394930
54394931
54394932
54394933
54394934
54394935
54394936
54394937
54394938
54394939
54394940
54394941
54394942
54394943
54394944
54394945
54394946
54394947
54394948
54394949
54394950
54394951
54394952
54394953
54394954
54394955
54394956
54394957
54394958
54394959
54394960
54394961
54394962
54394963
54394964
54394965
54394966
54394967
54394968
54394969
54394970
54394971
54394972
54394973
54394974
54394975
54394976
54394977
54394978
54394979
54394980
54394981
54394982
54394983
54394984
54394985
54394986
54394987
54394988
54394989
54394990
54394991
54394992
54394993
54394994
54394995
54394996
54394997
54394998
54394999
54395000
54395001
54395002
54395003
54395004
54395005
54395006
54395007
54395008
54395009
54395010
54395011
54395012
54395013
54395014
54395015
54395016
54395017
54395018
54395019
54395020
54395021
54395022
54395023
54395024
54395025
54395026
54395027
54395028
54395029
54395030
54395031
54395032
54395033
54395034
54395035
54395036
54395037
54395038
54395039
54395040
54395041
54395042
54395043
54395044
54395045
54395046
54395047
54395048
54395049
54395050
54395051
54395052
54395053
54395054
54395055
54395056
54395057
54395058
54395059
54395060
54395061
54395062
54395063
54395064
54395065
54395066
54395067
54395068
54395069
54395070
54395071
54395072
54395073
54395074
54395075
54395076
54395077
54395078
54395079
54395080
54395081
54395082
54395083
54395084
54395763
54395764
54395765
54395766
54395767
54395768
54395769
54395770
54395771
54395772
54395773
54395774
54395775
54395776
54395777
54395778
54395779
54395780
54395781
54395782
54395783
54395784
54395785
54395786
54395787
54395788
54395789
54395790
54395791
54395792
54395793
54395794
54395795
54395796
54395797
54395798
54395799
54395800
54395801
54395802
54395803
54395804
54395805
54395806
54395807
54395808
54395809
54395810
54395811
54395812
54395813
54395814
54395815
54395816
54395817
54395818
54395819
54395820
54395821
54395822
54395823
54395824
54395825
54395826
54395827
54395828
54395829
54395830
54395831
54395832
54395833
54395834
54395835
54395836
54395837
54395838
54395839
54395840
54395841
54395842
54395843
54395844
54395845
54395846
54395847
54395848
54395849
54395850
54395851
54395852
54395853
54395854
54395855
54395856
54395857
54395858
54395859
54395860
54395861
54395862
54395863
54395864
54395865
54395866
54395867
54395868
54395869
54395870
54395871
54395872
54395873
54395874
54395875
54395876
54395877
54395878
54395879
54395880
54395881
54395882
54395883
54395884
54395885
54395886
54395887
54395888
54395889
54395890
54395891
54395892
54395893
54395894
54395895
54395896
54395897
54396242
54396243
54396244
54396245
54396246
54396247
54396248
54396249
54396250
54396251
54396252
54396253
54396254
54396255
54396256
54396257
54396258
54396259
54396260
54396261
54396262
54396263
54396264
54396265
54396266
54396267
54396268
54396269
54396270
54396271
54396272
54396273
54396274
54396275
54396276
54396277
54396278
54396279
54396280
54396281
54396282
54396283
54396284
54396285
54396286
54396287
54396288
54396289
54396290
54396291
54396292
54396293
54396294
54396295
54396296
54396297
54396298
54396299
54396300
54396301
54396302
54396303
54396304
54396305
54396306
54396307
54396308
54396309
54396310
54396311
54396312
54396313
54396314
54396315
54396316
54396317
54396318
54396319
54396320
54396321
54396322
54396323
54396324
54396325
54396326
54396327
54396328
54396329
54396616
54396617
54396618
54396619
54396620
54396621
54396622
54396623
54396624
54396625
54396626
54396627
54396628
54396629
54396630
54396631
54396632
54396633
54396634
54396635
54396636
54396637
54396638
54396639
54396640
54396641
54396642
54396643
54396644
54396645
54401213
54401214
54401215
54401216
54401217
54401218
54401219
54401220
54401221
54401222
54401223
54401224
54401225
54401226
54401227
54401228
54401229
54401230
54401231
54401232
54401233
54401234
54401235
54401236
54401237
54401238
54401239
54401240
54401241
54401242
54401243
54401244
54401245
54401246
54401247
54401248
54401249
54401250
54401251
54401252
54401253
54401254
54401255
54401256
54401257
54401258
54401259
54401260
54401261
54401262
54401263
54401264
54401265
54401266
54401267
54401268
54401269
54401270
54401271
54401272
54401273
54401274
54401275
54401276
54401277
54401278
54401279
54401280
54401281
54401282
54401283
54401284
54401285
54401286
54401287
54401288
54401289
54401290
54401291
54401292
54401293
54401294
54401295
54401296
54401297
54401298
54401299
54401300
54401301
54401302
54401303
54401304
54401305
54401306
54401307
54401308
54401309
54401310
54401311
54401312
54401313
54401314
54401315
54401316
54401317
54401318
54401319
54401320
54401321
54401322
54401323
54401324
54401325
54401326
54401327
54401328
54401329
54401330
54401331
54401332
54401333
54401334
54401335
54401336
54401337
54401338
54401339
54401340
54401341
54401342
54401343
54401344
54401345
54401346
54401347
54401348
54401349
54401350
54401351
54401352
54401353
54401354
54401355
54401356
54401357
54401358
54401359
54401360
54401361
54401362
54401363
54401364
54401365
54401694
54401695
54401696
54401697
54401698
54401699
54401700
54401701
54401702
54401703
54401704
54401705
54401706
54401707
54401708
54401709
54401710
54401711
54401712
54401713
54401714
54401715
54401716
54401717
54401718
54401719
54401720
54401721
54401722
54401723
54401724
54401725
54401726
54401727
54401728
54401729
54401730
54401731
54401732
54401733
54401734
54401735
54401736
54401737
54401738
54401739
54401740
54401741
54401742
54401743
54401744
54401745
54401746
54401747
54401748
54401749
54401750
54401751
54401752
54401753
54401754
54401755
54401756
54401757
54401758
54401759
54401760
54401761
54401762
54401763
54401764
54401765
54401766
54401767
54401768
54401769
54401770
54401771
54401772
54401773
54401774
54401775
54401776
54401777
54401778
54401779
54401780
54401781
54401782
54401783
54401784
54401785
54401786
54401787
54401788
54401789
54401790
54401791
54401792
54401793
54401794
54401795
54401796
54401797
54401798
54401799
54401800
54401801
54401802
54401803
54401804
54401805
54401806
54401807
54401808
54401809
54401810
54401811
54401812
54401813
54401814
54401815
54401816
54401817
54401818
54401819
54401820
54401821
54401822
54401823
54401824
54401825
54401826
54401827
54401828
54401829
54401830
54401831
54401832
54401833
54401834
54401835
54401836
54401837
54401838
54401839
54401840
54401841
54401842
54401843
54401844
54401845
54401846
54401847
54401848
54401849
54401850
54401851
54401852
54401853
54401854
54401855
54401856
54401857
54401858
54401859
54401860
54401861
54401862
54401863
54401864
54401865
54401866
54401867
54401868
54401869
54401870
54401871
54401872
54401873
54401874
54401875
54401876
54401877
54401878
54401879
54401880
54401881
54401882
54403487
54403488
54403489
54403490
54403491
54403492
54403493
54403494
54403495
54403496
54403497
54403498
54403499
54403500
54403501
54403502
54403503
54403504
54403505
54403506
54403507
54403508
54403509
54403510
54403511
54403512
54403513
54403514
54403515
54403516
54403517
54403518
54403519
54403520
54403521
54403522
54403523
54403524
54403525
54403526
54403527
54403528
54403529
54403530
54403531
54403532
54403533
54403534
54403535
54403536
54403537
54403538
54403539
54403540
54403541
54403542
54403543
54403544
54403545
54403546
54403547
54403548
54403549
54403550
54403551
54403552
54403553
54403554
54403555
54403556
54403557
54403558
54403559
54403560
54403561
54403562
54403563
54403564
54403565
54403566
54403567
54403568
54403569
54403570
54403571
54403572
54403573
54403574
54403575
54403576
54403577
54403578
54403673
54403674
54403675
54403676
54403677
54403678
54403679
54403680
54403681
54403682
54403683
54403684
54403685
54403686
54403687
54403688
54403689
54403690
54403691
54403692
54403693
54403694
54403695
54403696
54403697
54403698
54403699
54403700
54403701
54403702
54403703
54403704
54403705
54403706
54403707
54403708
54403709
54403710
54403711
54403712
54403713
54403714
54403715
54403716
54403717
54403718
54403719
54403720
54403721
54403722
54403723
54403724
54403725
54403726
54403727
54403728
54403729
54403730
54403731
54403732
54403733
54403734
54403735
54403865
54403866
54403867
54403868
54403869
54403870
54403871
54403872
54403873
54403874
54403875
54403876
54403877
54403878
54403879
54403880
54403881
54403882
54403883
54403884
54403885
54403886
54403887
54403888
54403889
54403890
54403891
54403892
54403893
54403894
54403895
54403896
54403897
54403898
54403899
54403900
54403901
54403902
54403903
54403904
54403905
54403906
54403907
54403908
54403909
54403910
54403911
54403912
54403913
54403914
54403915
54403916
54403917
54403918
54403919
54403920
54403921
54403922
54403923
54403924
54403925
54403926
54403927
54403928
54403929
54403930
54403931
54403932
54403933
54403934
54403935
54403936
54403937
54403938
54403939
54403940
54403941
54403942
54403943
54403944
54403945
54403946
54403947
54403948
54403949
54403950
54403951
54403952
54403953
54403954
54403955
54403956
54403957
54403958
54403959
54403960
54403961
54403962
54403963
54403964
54403965
54403966
54403967
54403968
54403969
54403970
54403971
54403972
54403973
54403974
54403975
54403976
54403977
54403978
54403979
54403980
54403981
54403982
54403983
54403984
54403985
54403986
54403987
54403988
54403989
54403990
54403991
54403992
54403993
54403994
54403995
54403996
54403997
54403998
54403999
54404000
54404001
54404002
54404003
54406327
54406328
54406329
54406330
54406331
54406332
54406333
54406334
54406335
54406336
54406337
54406338
54406339
54406340
54406341
54406342
54406343
54406344
54406345
54406346
54406347
54406348
54406349
54406350
54406351
54406352
54406353
54406354
54406355
54406356
54406357
54406358
54406359
54406360
54406361
54406362
54406363
54406364
54406365
54406366
54406367
54406368
54406369
54406370
54406371
54406372
54406373
54406374
54406375
54406376
54406377
54406378
54406379
54406380
54406381
54406382
54406383
54406384
54406385
54406386
54406387
54406388
54406389
54406390
54406391
54406392
54406393
54406394
54406395
54406396
54406397
54406398
54406399
54406400
54406401
54406402
54406403
54406404
54406405
54406406
54406407
54407889
54407890
54407891
54407892
54407893
54407894
54407895
54407896
54407897
54407898
54407899
54407900
54407901
54407902
54407903
54407904
54407905
54407906
54407907
54407908
54407909
54407910
54407911
54407912
54407913
54407914
54407915
54407916
54407917
54407918
54407919
54407920
54407921
54407922
54407923
54407924
54407925
54407926
54407927
54407928
54407929
54407930
54407931
54407932
54407933
54407934
54407935
54407936
54407937
54407938
54407939
54407940
54407941
54407942
54407943
54407944
54407945
54407946
54407947
54407948
54407949
54407950
54407951
54407952
54407953
54407954
54407955
54407956
54407957
54407958
54407959
54407960
54407961
54407962
54407963
54407964
54407965
54407966
54407967
54407968
54407969
54407970
54407971
54407972
54407973
54407974
54407975
54407976
54407977
54407978
54407979
54407980
54407981
54407982
54407983
54407984
54407985
54407986
54407987
54407988
54407989
54407990
54407991
54407992
54407993
54407994
54407995
54407996
54409571
54409572
54409573
54409574
54409575
54409576
54409577
54409578
54409579
54409580
54409581
54409582
54409583
54409584
54409585
54409586
54409587
54409588
54409589
54409590
54409591
54409592
54409593
54409594
54409595
54409596
54409597
54409598
54409599
54409600
54409601
54409602
54409603
54409604
54409605
54409606
54409607
54409608
54409609
54409610
54409611
54409612
54409613
54409614
54409615
54409616
54409617
54409618
54409619
54409620
54409621
54409622
54409623
54409624
54409625
54409626
54409627
54409628
54409629
54409630
54409631
54409632
54409633
54409634
54409635
54409636
54409637
54409638
54409639
54409640
54409641
54409642
54409643
54409644
54409645
54409646
54409647
54409648
54409649
54409650
54409651
54409652
54409653
54409654
54409655
54409656
54409657
54409658
54409659
54409660
54409661
54409662
54409663
54409664
54409665
54409666
54409667
54409668
54409669
54409670
54409671
54409672
54409673
54409674
54409675
54409676
54409677
54409678
54409679
54409680
54409681
54409682
54409683
54409684
54409685
54409686
54409687
54409688
54409689
54409690
54409691
54409692
54409693
54409694
54409695
54409696
54409697
54409698
54409699
54409700
54409701
54409702
54409703
54409704
54409705
54409706
54409707
54409708
54409709
54409710
54409711
54409961
54409962
54409963
54409964
54409965
54409966
54409967
54409968
54409969
54409970
54409971
54409972
54409973
54409974
54409975
54409976
54409977
54409978
54409979
54409980
54409981
54409982
54409983
54409984
54409985
54409986
54409987
54409988
54409989
54409990
54409991
54409992
54409993
54409994
54409995
54409996
54409997
54409998
54409999
54410000
54410001
54410002
54410003
54410004
54410005
54410006
54410007
54410008
54410009
54410010
54410011
54410012
54410013
54410014
54410015
54410016
54410017
54410018
54410019
54410020
54410021
54410022
54410023
54410024
54410025
54410026
54410027
54410028
54410029
54410030
54410031
54410032
54410033
54410034
54410035
54410036
54410037
54410038
54410039
54410040
54410041
54410042
54410043
54410044
54410045
54410046
54410047
54410048
54410049
54410050
54410051
54410052
54410053
54410054
54410055
54410056
54410057
54410058
54410059
54410060
54410061
54410062
54410063
54410064
54410065
54410066
54410067
54410068
54410069
54410070
54410071
54410072
54410073
54410074
54410075
54410076
54410077
54410078
54410079
54410080
54410081
54410082
54410083
54410084
54410085
54410086
54410087
54410088
54410089
54410090
54410091
54410092
54410093
54410094
54410095
54410096
54410097
54410098
54410099
54410100
54410101
54410102
54410103
54410104
54410105
54410106
54410107
54410108
54410109
54410110
54410111
54410112
54410113
54410114
54410115
54410116
54410117
54410118
54410119
54410120
54410121
54410122
54410123
54410124
54410125
54410126
54410127
54410128
54410129
54410130
54410131
54410132
54410133
54410134
54410135
54410136
54410137
54410138
54410139
54410140
54410141
54410142
54410143
54410144
54410145
54410146
54416086
54416087
54416088
54416089
54416090
54416091
54416092
54416093
54416094
54416095
54416096
54416097
54416098
54416099
54416100
54416101
54416102
54416103
54416104
54416105
54416106
54416107
54416108
54416109
54416110
54416111
54416112
54416113
54416114
54416115
54416116
54416117
54416118
54416119
54416120
54416121
54416122
54416123
54416124
54416125
54416126
54416127
54416128
54416129
54416130
54416131
54416132
54416133
54416134
54416135
54416136
54416137
54416138
54416139
54416140
54416141
54416142
54416143
54416144
54416145
54416146
54416147
54416148
54416149
54416150
54416151
54416152
54416153
54416154
54416155
54416156
54416157
54416158
54416159
54416160
54416161
54416162
54416163
54416164
54416165
54416166
54416167
54416168
54416169
54416170
54416171
54416172
54416173
54416174
54416175
54416176
54416177
54416178
54416179
54416180
54416181
54416182
54416183
54416184
54416185
54416186
54416187
54416188
54416189
54416190
54416191
54416192
54416193
54416194
54416195
54416196
54416197
54416198
54416199
54416200
54416201
54416202
54416203
54416204
54416205
54416206
54416207
54416208
54416209
54416210
54416211
54416212
54416213
54416214
54416215
54416216
54416217
54416218
54416219
54416220
54416221
54416222
54416223
54416224
54416225
54416226
54416227
54416228
54416229
54416230
54416231
54416232
54416233
54416234
54416235
54416236
54416237
54416238
54416239
54416240
54416241
54416242
54416243
54416244
54416245
54416246
54416247
54416248
54416249
54416250
54416251
54416252
54416253
54416254
54416255
54416256
54416257
54416258
54416259
54416260
54416261
54416262
54416263
54416264
54416265
54416266
54416267
54416268
54416269
54416270
54416271
54416272
54416273
54416274
54416275
54416276
54416277
54416278
54416279
54416280
54416281
54417754
54417755
54417756
54417757
54417758
54417759
54417760
54417761
54417762
54417763
54417764
54417765
54417766
54417767
54417768
54417769
54417770
54417771
54417772
54417773
54417774
54417775
54417776
54417777
54417778
54417779
54417780
54417781
54417782
54417783
54417784
54417785
54417786
54417787
54417788
54417789
54417790
54417791
54417792
54417793
54417794
54417795
54417796
54417797
54417798
54417799
54417800
54417801
54417802
54417803
54417804
54417805
54417806
54417807
54417808
54417809
54417810
54417811
54417812
54417813
54417814
54417815
54417816
54417817
54417818
54417819
54417820
54417821
54417822
54417823
54417824
54417825
54417826
54417827
54417828
54417829
54417830
54417831
54417832
54417833
54417834
54417835
54417836
54417837
54417838
54417839
54417840
54418619
54418620
54418621
54418622
54418623
54418624
54418625
54418626
54418627
54418628
54418629
54418630
54418631
54418632
54418633
54418634
54418635
54418636
54418637
54418638
54418639
54418640
54418641
54418642
54418643
54418644
54418645
54418646
54418647
54418648
54418649
54418650
54418651
54418652
54418653
54418654
54418655
54418656
54418657
54418658
54418659
54418660
54418661
54418662
54418663
54418664
54418665
54418666
54418667
54418668
54418669
54418670
54418671
54418672
54418673
54418674
54418675
54418676
54418677
54418678
54418679
54418680
54418681
54418682
54418683
54418684
54418685
54418686
54418687
54418688
54418689
54418690
54418691
54418692
54418693
54418694
54418695
54418696
54418697
54418698
54418699
54418700
54418701
54418702
54418703
54418704
54418705
54418706
54418707
54418708
54418709
54418710
54418711
54418712
54418713
54418714
54418715
54418716
54418717
54418718
54418719
54418720
54418721
54418722
54418723
54418724
54418725
54418726
54418727
54418728
54418729
54418730
54418731
54418732
54418733
54418734
54418735
54418736
54418737
54418738
54418739
54418740
54418741
54418742
54418743
54418744
54418745
54418746
54418747
54418748
54418749
54418750
54418751
54418752
54418753
54418754
54418755
54418756
54418757
54418758
54418759
54444724
54444725
54444726
54444727
54444728
54444729
54444730
54444731
54444732
54444733
54444734
54444735
54444736
54444737
54444738
54444739
54444740
54444741
54444742
54444743
54444744
54444745
54444746
54444747
54444748
54444749
54444750
54444751
54444752
54444753
54444754
54444755
54444756
54444757
54444758
54444759
54444760
54444761
54444762
54444763
54444764
54444765
54444766
54444767
54444768
54444769
54444770
54444771
54444772
54444773
54444774
54444775
54444776
54444777
54444778
54444779
54444780
54444781
54444782
54444783
54444784
54444785
54444786
54444787
54444788
54444789
54444790
54444791
54444792
54444793
54444794
54444795
54444796
54444797
54444798
54444799
54444800
54444801
54444802
54444803
54444804
54444805
54444806
54444807
54444808
54444809
54444810
54444811
54444812
54444813
54444814
54444815
54444816
54444817
54444818
54444819
54444820
54444821
54444822
54444823
54444824
54444825
54444826
54444827
54444828
54444829
54444830
54444831
54444832
54444833
54444834
54444835
54444836
54444837
54444838
54444839
54444840
54444841
54444842
54444843
54444844
54444845
54444846
54444847
54444848
54444849
54444850
54444851
54444852
54444853
54444854
54444855
54444856
54444857
54444858
54444859
54444860
54444861
54444862
54444863
54444864
54444865
54444866
54444867
54444868
54444869
54445290
54445291
54445292
54445293
54445294
54445295
54445296
54445297
54445298
54445299
54445300
54445301
54445302
54445303
54445304
54445305
54445306
54445307
54445308
54445309
54445310
54445311
54445312
54445313
54445314
54445315
54445316
54445317
54445318
54445319
54445320
54445321
54445322
54445323
54445324
54445325
54445326
54445327
54445328
54445329
54445330
54445331
54445332
54445333
54445334
54445335
54445336
54445337
54445338
54445339
54445340
54445341
54445342
54445343
54445344
54445345
54445346
54445347
54445348
54445349
54445350
54445351
54445352
54445353
54445354
54445355
54445356
54445357
54445358
54445359
54445360
54445361
54445362
54445363
54445364
54445365
54445366
54445367
54445368
54445369
54445370
54445371
54445372
54445373
54445374
54445375
54445376
54445377
54445378
54445379
54445380
54445381
54445382
54445383
54445384
54445385
54445386
54445387
54445388
54445389
54445390
54445391
54445392
54445393
54445394
54445395
54445396
54445397
54445398
54445399
54445400
54445401
54445402
54445403
54445404
54445405
54445406
54445407
54445408
54445409
54445410
54445411
54445412
54445413
54445414
54445415
54445416
54445417
54445418
54445419
54445420
54445421
54445422
54445423
54445424
54445425
54445426
54445427
54445428
54445429
54445430
54445431
54445432
54445433
54445434
54445435
54445436
54445437
54445438
54445439
54445440
54445441
54445442
54445443
54445444
54445445
54445446
54445447
54445448
54445449
54445450
54445451
54445452
54445453
54445454
54445455
54445456
54445457
54445458
54445459
54445460
54445461
54445462
54445463
54445464
54445465
54445466
54445467
54445468
54445469
54445470
54445471
54445472
54445473
54445474
54445475
54445476
54445477
54445478
54445479
54445480
54445481
54445482
54445483
54445484
54445485
54445486
54445487
54445488
54445489
54445490
54445491
54445492
54445493
54445494
54445495
54445496
54445497
54445498
54445499
54445500
54445501
54445502
54445503
54445504
54445505
54445506
54445507
54445508
54445509
54445510
54445511
54445512
54445513
54445514
54445515
54445516
54445517
54445518
54445519
54445520
54445521
54445522
54445523
54445524
54445525
54445526
54445527
54445528
54445529
54445530
54445531
54445532
54445533
54445534
54445535
54445536
54445537
54445538
54445539
54445540
54445541
54445542
54445543
54445544
54466397
54466398
54466399
54466400
54466401
54466402
54466403
54466404
54466405
54466406
54466407
54466408
54466409
54466410
54466411
54466412
54466413
54466414
54466415
54466416
54466417
54466418
54466419
54466420
54466421
54466422
54466423
54466424
54466425
54466426
54466427
54466428
54466429
54466430
54466431
54466432
54466433
54466434
54466435
54466436
54466437
54466438
54466439
54466440
54466441
54466442
54466443
54466444
54466445
54466446
54466447
54466448
54466449
54466450
54466451
54466452
54466453
54466454
54466455
54466456
54466457
54466458
54466459
54466460
54466461
54466462
54466463
54466464
54466465
54466466
54466467
54466468
54466469
54466470
54466471
54466472
54466473
54466474
54466475
54466476
54466477
54466478
54466479
54466480
54466481
54466482
54466483
54466484
54466485
54466486
54466487
54466488
54466489
54466490
54466491
54466492
54466493
54466494
54466495
54466496
54466497
54466498
54466499
54466500
54466501
54466502
54466503
54466504
54466505
54466506
54466507
54466508
54466509
54466510
54466511
54466512
54466513
54466514
54466515
54466516
54466517
54466518
54466519
54466520
54466521
54466522
54466523
54466524
54466525
54466526
54466527
54466528
54466529
54466530
54466531
54466532
54466533
54466534
54466535
54466536
54466537
54466538
54466539
54466540
54466541
54466542
54466543
54466544
54466545
54466546
54466547
54466548
54466549
54466550
54466551
54466552
54466553
54466554
54466555
54466556
54466557
54466558
54466559
54466560
54466561
54466562
54466563
54466564
54466565
54466566
54466567
54466568
54466569
54466570
54466571
54466572
54466573
54466574
54466575
54466576
54466577
54466578
54466579
54466580
54466581
54466582
54466583
54466584
54466585
54466586
54466587
54466588
54466589
54466590
54466591
54466592
54466593
54466594
54466595
54466596
54466597
54466598
54466599
54466600
54466601
54466602
54466603
54466604
54466605
54466606
54466607
54466608
54466609
54466610
54466611
54466612
54466613
54466614
54466615
54466616
54466617
54466618
54466619
54466620
54466621
54466622
54466623
54466624
54466625
54466626
54466627
54466628
54466629
54466630
54466631
54466632
54466633
54466634
54466635
54466636
54466637
54466638
54466639
54466640
54466641
54466642
54466643
54466644
54466645
54466646
54466647
54466648
54466649
54466650
54466651
54466652
54466653
54466654
54466655
54466656
54466657
54466658
54466659
54466660
54466661
54466662
54466663
54466664
54466665
54466666
54466667
54466668
54466669
54466670
54466671
54466672
54466673
54466674
54466675
54466676
54466677
54466678
54466679
54481400
54481401
54481402
54481403
54481404
54481405
54481406
54481407
54481408
54481409
54481410
54481411
54481412
54481413
54481414
54481415
54481416
54481417
54481418
54481419
54481420
54481421
54481422
54481423
54481424
54481425
54481426
54481427
54481428
54481429
54481430
54481431
54481432
54481433
54481434
54481435
54481436
54481437
54481438
54481439
54481440
54481441
54481442
54481443
54481444
54481445
54481446
54481447
54481448
54481449
54481450
54481451
54481452
54481453
54481454
54481455
54481456
54481457
54481458
54481459
54481460
54481461
54481462
54481463
54481464
54481465
54481466
54481467
54481468
54481469
54481470
54481471
54481472
54481473
54481474
54481475
54481476
54481477
54481478
54481479
54481480
54481481
54481482
54481483
54483121
54483122
54483123
54483124
54483125
54483126
54483127
54483128
54483129
54483130
54483131
54483132
54483133
54483134
54483135
54483136
54483137
54483138
54483139
54483140
54483141
54483142
54483143
54483144
54483145
54483146
54483147
54483148
54483149
54483150
54483151
54483152
54483153
54483154
54483155
54483156
54483157
54483158
54483159
54483160
54483161
54483162
54483163
54483164
54483165
54483166
54483167
54483168
54483169
54483170
54483171
54483172
54483173
54483174
54483175
54483176
54483177
54483178
54483179
54483180
54483181
54483182
54483183
54483184
54483185
54483186
54483187
54483188
54483189
54483190
54483191
54483192
54483193
54483194
54483195
54483196
54483197
54483198
54483199
54483200
54483201
54483202
54483203
54483204
54483205
54483206
54483207
54483208
54483209
54483210
54483211
54483212
54483213
54483214
54483215
54483216
54483217
54483218
54483219
54483220
54483221
54483222
54483223
54483224
54483225
54483226
54483227
54483228
54483229
54483230
54483231
54483232
54483233
54483234
54483235
54483236
54483237
54483238
54483239
54483240
54483241
54483242
54483243
54483244
54483245
54483246
54483247
54483248
54483249
54483250
54483251
54483252
54483253
54483254
54483255
54483256
54483257
54483258
54483259
54483260
54483261
54485334
54485335
54485336
54485337
54485338
54485339
54485340
54485341
54485342
54485343
54485344
54485345
54485346
54485347
54485348
54485349
54485350
54485351
54485352
54485353
54485354
54485355
54485356
54485357
54485358
54485359
54485360
54485361
54485362
54485363
54485364
54485365
54485366
54485367
54485368
54485369
54485370
54485371
54485372
54485373
54485374
54485375
54485376
54485377
54485378
54485379
54485380
54485381
54485382
54485383
54485384
54485385
54485386
54485387
54485388
54485389
54485390
54485391
54485392
54485393
54485394
54485395
54485396
54485397
54485398
54485399
54485400
54485401
54485402
54485403
54485404
54485405
54485406
54485407
54485408
54485409
54485410
54485411
54485412
54485413
54485414
54485415
54485416
54485417
54485418
54485419
54485420
54485421
54485422
54485423
54485424
54485425
54485426
54485427
54485428
54485429
54485430
54485431
54485432
54485433
54485434
54485435
54485436
54485437
54485438
54485439
54485440
54485441
54485442
54485443
54485444
54485445
54485446
54485447
54485448
54485449
54485450
54485451
54485452
54485453
54485454
54485455
54485456
54485457
54485458
54485459
54485460
54485461
54485462
54485463
54485464
54485465
54485466
54485467
54485468
54485469
54485470
54485471
54485472
54485473
54485474
54485475
54485476
54485477
54485478
54485479
54485480
54485481
54485482
54485483
54485484
54485485
54485486
54485487
54485488
54485489
54485490
54485491
54485492
54485493
54485494
54485495
54485496
54485497
54485498
54485499
54485500
54485501
54485502
54485503
54485504
54485505
54485506
54485507
54485508
54485509
54485510
54485511
54485512
54485513
54485514
54485515
54485516
54485517
54485518
54485519
54485520
54485521
54485522
54485523
54485524
54485525
54485526
54485527
54485528
54485529
54485530
54485531
54485532
54485533
54485534
54485535
54485536
54485537
54485538
54485539
54485540
54485541
54485542
54485543
54485544
54485545
54485546
54485547
54485548
54485549
54485550
54485551
54485552
54485553
54485554
54485555
54485556
54485557
54485558
54485559
54485560
54485561
54485562
54485563
54485564
54485565
54485566
54485567
54485568
54485569
54485570
54485571
54485572
54485573
54485574
54485575
54485576
54485577
54485578
54485579
54485580
54485581
54485582
54485583
54485584
54485585
54485586
54485587
54485588
54485589
54485590
54485591
54485592
54485593
54485594
54485595
54485596
54485597
54485598
54485599
54485600
54485601
54485602
54485603
54485604
54485605
54485606
54485607
54485608
54485609
54485610
54485611
54485612
54485613
54485614
54485615
54485616
54485617
54485618
54485619
54485620
54485621
54485622
54485623
54485624
54485625
54485626
54485627
54485628
54485629
54485630
54485631
54485632
54485633
54485634
54485635
54485636
54485637
54485638
54485639
54485640
54485641
54485642
54485643
54485644
54485645
54485646
54485647
54485648
54485649
54485650
54485651
54485652
54485653
54485654
54485655
54485656
54485657
54485658
54485659
54485660
54485661
54485662
54485663
54485664
54485665
54485666
54485667
54485668
54485669
54485670
54485671
54485672
54485673
54485674
54485675
54485676
54485677
54485678
54485679
54485680
54485681
54485682
54485683
54485684
54485685
54485686
54485687
54485688
54485689
54485690
54485691
54485692
54485693
54485694
54485695
54485696
54485697
54485698
54485699
54485700
54485701
54485702
54485703
54485704
54485705
54485706
54485707
54485708
54485709
54485710
54485711
54485712
54485713
54485714
54485715
54485716
54485717
54485718
54485719
54485720
54485721
54485722
54485723
54485724
54485725
54485726
54485727
54485728
54485729
54485730
54485731
54485732
54485733
54485734
54485735
54485736
54485737
54485738
54485739
54485740
54485741
54485742
54485743
54485744
54485745
54485746
54485747
54485748
54485749
54485750
54485751
54485752
54485753
54485754
54485755
54485756
54485757
54485758
54485759
54485760
54485761
54485762
54485763
54485764
54485765
54485766
54485767
54485768
54485769
54485770
54485771
54485772
54485773
54485774
54485775
54485776
54485777
54485778
54485779
54485780
54485781
54485782
54485783
54485784
54485785
54485786
54485787
54485788
54485789
54485790
54485791
54485792
54485793
54485794
54485795
54485796
54485797
54485798
54485799
54485800
54485801
54485802
54485803
54485804
54485805
54485806
54485807
54485808
54485809
54485810
54485811
54485812
54485813
54485814
54485815
54485816
54485817
54485818
54485819
54485820
54485821
54485822
54485823
54485824
54485825
54485826
54485827
54485828
54485829
54485830
54485831
54485832
54485833
54485834
54485835
54485836
54485837
54485838
54485839
54485840
54485841
54485842
54485843
54485844
54485845
54485846
54485847
54485848
54485849
54485850
54485851
54485852
54485853
54485854
54485855
54485856
54485857
54485858
54485859
54485860
54485861
54485862
54485863
54485864
54485865
54485866
54485867
54485868
54485869
54485870
54485871
54485872
54485873
54485874
54485875
54485876
54485877
54485878
54485879
54485880
54485881
54485882
54485883
54485884
54485885
54485886
54485887
54485888
54485889
54485890
54485891
54485892
54485893
54485894
54485895
54485896
54485897
54485898
54485899
54485900
54485901
54485902
54485903
54485904
54485905
54485906
54485907
54485908
54485909
54485910
54485911
54485912
54485913
54485914
54485915
54485916
54485917
54485918
54485919
54485920
54485921
54485922
54485923
54485924
54485925
54485926
54485927
54485928
54485929
54485930
54485931
54485932
54485933
54485934
54485935
54485936
54485937
54485938
54485939
54485940
54485941
54485942
54485943
54485944
54485945
54485946
54485947
54485948
54485949
54485950
54485951
54485952
54485953
54485954
54485955
54485956
54485957
54485958
54485959
54485960
54485961
54485962
54485963
54485964
54485965
54485966
54485967
54485968
54485969
54485970
54485971
54485972
54485973
54485974
54485975
54485976
54485977
54485978
54485979
54485980
54485981
54485982
54485983
54485984
54485985
54485986
54485987
54485988
54485989
54485990
54485991
54485992
54485993
54485994
54485995
54485996
54485997
54485998
54485999
54486000
54486001
54486002
54486003
54486004
54486005
54486006
54486007
54486008
54486009
54486010
54486011
54486012
54486013
54486014
54486015
54486016
54486017
54486018
54486019
54486020
54486021
54486022
54486023
54486024
54486025
54486026
54486027
54486028
54486029
54486030
54486031
54486032
54486033
54486034
54486035
54486036
54486037
54486038
54486039
54486040
54486041
54486042
54486043
54486044
54486045
54486046
54486047
54486048
54486049
54486050
54486051
54486052
54486053
54486054
54486055
54486056
54486057
54486058
54486059
54486060
54486061
54486062
54486063
54486064
54486065
54486066
54486067
54486068
54486069
54486070
54486071
54486072
54486073
54486074
54486075
54486076
54486077
54486078
54486079
54486080
54486081
54486082
54486083
54486084
54486085
54486086
54486087
54486088
54486089
54486090
54486091
54486092
54486093
54486094
54486095
54486096
54486097
54486098
54486099
54486100
54496132
54496133
54496134
54496135
54496136
54496137
54496138
54496139
54496140
54496141
54496142
54496143
54496144
54496145
54496146
54496147
54496148
54496149
54496150
54496151
54496152
54496153
54496154
54496155
54496156
54496157
54496158
54496159
54496160
54496161
54496162
54496163
54496164
54496165
54496166
54496167
54496168
54496169
54496170
54496171
54496172
54496173
54496174
54496175
54496176
54496177
54496178
54496179
54496180
54496181
54496182
54496183
54496184
54496185
54496186
54496187
54496188
54496189
54496190
54496191
54496192
54496193
54496194
54496195
54496196
54496197
54496198
54496199
54496200
54496201
54496202
54496203
54496204
54496205
54496206
54496207
54496208
54496209
54496210
54496211
54496212
54496213
54496214
54496215
54496216
54496217
54496218
54496219
54496220
54496221
54496222
54496223
54496224
54496225
54496226
54496227
54496228
54496229
54496230
54496231
54496232
54496233
54496234
54496235
54496236
54496237
54496238
54496239
54496240
54496241
54496242
54496243
54496244
54496245
54496246
54496247
54496248
54496249
54496250
54496251
54496252
54496253
54496254
54496255
54496256
54496257
54496258
54496259
54496260
54496261
54496262
54496263
54496264
54496265
54496266
54496267
54496268
54496269
54496270
54496271
54496272
54496273
54496274
54496275
54496276
54496277
54496278
54496279
54496280
54496281
54496282
54496283
54496284
54496285
54496286
54496287
54496288
54496289
54496290
54496291
54496292
54496293
54496294
54496295
54496296
54496297
54496298
54496299
54496300
54496301
54496302
54496303
54496304
54496305
54496306
54496307
54496308
54496309
54496310
54496311
54496312
54496313
54496314
54496315
54496316
54496317
54496318
54496319
54496320
54496321
54496322
54496323
54496324
54496325
54496326
54496327
54496328
54496329
54496330
54496331
54496332
54496333
54496334
54496335
54496336
54496337
54496338
54496339
54496340
54496341
54496342
54496343
54496344
54496345
54496346
54496347
54496348
54496349
54496350
54496351
54496352
54496353
54496354
54496355
54496356
54496357
54496358
54496359
54496360
54496361
54496362
54496363
54496364
54496365
54496366
54496367
54496368
54496369
54496370
54496371
54496372
54496373
54496374
54496375
54496376
54496377
54496378
54496379
54496380
54496381
54496382
54496383
54496384
54496385
54496386
54496387
54496388
54496389
54496390
54496391
54496392
54496393
54496394
54496395
54496396
54496397
54496398
54496399
54496400
54496401
54496402
54496403
54496404
54496405
54496406
54496407
54496408
54496409
54496410
54496411
54496412
54496413
54496414
54496415
54496416
54496417
54496418
54496419
54496420
54496421
54496422
54496423
54496424
54496425
54496426
54496427
54496428
54496429
54496430
54496431
54496432
54496433
54496434
54496435
54496436
54496437
54496438
54496439
54496440
54496441
54496442
54496443
54496444
54496445
54496446
54496447
54496448
54496449
54496450
54496451
54496452
54496453
54496454
54496455
54496456
54496457
54496458
54496459
54496460
54496461
54496462
54501493
54501494
54501495
54501496
54501497
54501498
54501499
54501500
54501501
54501502
54501503
54501504
54501505
54501506
54501507
54501508
54501509
54501510
54501511
54501512
54501513
54501514
54501515
54501516
54501517
54501518
54501519
54501520
54501521
54501522
54501523
54501524
54501525
54501526
54501527
54501528
54501529
54501530
54501531
54501532
54501533
54501534
54501535
54501536
54501537
54501538
54501539
54501540
54501541
54501542
54501543
54501544
54501545
54501546
54501547
54501548
54501549
54501550
54501551
54501552
54501553
54501554
54501555
54501556
54501557
54501558
54501559
54501560
54501561
54501562
54501563
54501564
54501565
54501566
54501567
54502888
54502889
54502890
54502891
54502892
54502893
54502894
54502895
54502896
54502897
54502898
54502899
54502900
54502901
54502902
54502903
54502904
54502905
54502906
54502907
54502908
54502909
54502910
54502911
54502912
54502913
54502914
54502915
54502916
54502917
54502918
54502919
54502920
54502921
54502922
54502923
54502924
54502925
54502926
54502927
54502928
54502929
54502930
54502931
54502932
54502933
54502934
54502935
54502936
54502937
54502938
54502939
54502940
54502941
54502942
54502943
54502944
54502945
54502946
54502947
54502948
54502949
54502950
54502951
54502952
54502953
54502954
54502955
54502956
54502957
54502958
54502959
54502960
54502961
54502962
54502963
54502964
54502965
54502966
54502967
54502968
54502969
54502970
54502971
54502972
54502973
54502974
54502975
54502976
54502977
54502978
54502979
54502980
54502981
54502982
54502983
54502984
54502985
54502986
54502987
54502988
54502989
54502990
54502991
54502992
54502993
54502994
54502995
54502996
54502997
54502998
54502999
54503000
54503001
54503002
54503003
54503004
54503005
54503006
54503007
54503008
54503009
54503010
54503011
54503012
54503013
54503014
54503015
54503016
54503017
54503018
54503019
54503020
54503021
54503022
54503023
54503024
54503025
54515205
54515206
54515207
54515208
54515209
54515210
54515211
54515212
54515213
54515214
54515215
54515216
54515217
54515218
54515219
54515220
54515221
54515222
54515223
54515224
54515225
54515226
54515227
54515228
54515229
54515230
54515231
54515232
54515233
54515234
54515235
54515236
54515237
54515238
54515239
54515240
54515241
54515242
54515243
54515244
54515245
54515246
54515247
54515248
54515249
54515250
54515251
54515252
54515253
54515254
54515255
54515256
54515257
54515258
54515259
54515260
54515261
54515262
54515263
54515264
54515265
54515266
54515267
54515268
54515269
54515270
54515271
54515272
54515273
54515274
54515275
54515276
54515277
54515278
54515279
54515280
54515281
54515282
54515283
54515284
54515285
54515286
54515287
54515288
54515289
54515290
54515291
54515292
54515293
54515294
54515295
54515296
54515297
54515298
54515299
54515300
54515301
54515302
54515303
54515304
54515305
54515306
54515307
54515308
54515309
54515310
54515311
54515312
54515313
54515314
54515315
54515316
54515317
54515318
54515319
54515320
54515321
54515322
54515323
54515324
54515325
54515326
54515327
54515328
54515329
54515330
54515331
54515332
54515333
54515334
54515335
54515336
54515337
54515338
54515339
54515340
54515341
54515342
54515343
54515344
54515345
54515346
54515347
54515348
54515349
54515350
54515351
54515352
54515353
54515354
54515355
54515356
54515357
54515358
54515359
54515360
54515361
54515362
54515363
54515364
54515365
54515366
54515367
54515368
54515369
54515370
54515371
54515372
54515373
54515374
54515375
54515376
54515377
54515378
54515379
54515380
54515381
54515382
54515383
54515384
54515385
54515386
54515387
54515388
54515389
54515390
54515391
54515392
54515393
54515394
54515395
54515396
54515397
54515398
54515399
54515400
54515401
54515402
54515403
54515404
54515405
54515406
54515407
54515408
54515409
54515410
54515411
54515412
54515413
54515414
54515415
54515416
54515417
54515418
54515419
54515420
54515421
54515422
54515423
54515424
54515425
54515426
54515427
54515428
54515429
54515430
54515431
54515432
54515433
54515434
54515435
54515436
54515437
54515438
54515439
54515440
54566998
54566999
54567000
54567001
54567002
54567003
54567004
54567005
54567006
54567007
54567008
54567009
54567010
54567011
54567012
54567013
54567014
54567015
54567016
54567017
54567018
54567019
54567020
54567021
54567022
54567023
54567024
54567025
54567026
54567027
54567028
54567029
54567030
54567031
54561951
54561952
54561953
54561954
54561955
54561956
54561957
54561958
54561959
54561960
54561961
54561962
54561963
54561964
54561965
54561966
54561967
54561968
54561969
54561970
54561971
54561972
54561973
54561974
54561975
54561976
54561977
54561978
54561979
54561980
54561981
54561982
54561983
54561984
54561985
54561986
54561560
54561561
54561562
54561563
54561564
54561565
54561566
54561567
54561568
54561569
54561570
54561571
54561572
54561573
54561574
54561575
54561576
54561577
54561578
54561579
54561580
54561581
54561582
54561583
54561584
54561585
54561586
54561587
54561588
54561589
54561590
54561591
54561592
54561593
54561594
54561595
54561596
54561597
54561598
54561599
54561600
54561601
54561602
54561603
54561604
54561605
54561606
54561607
54561608
54561609
54561610
54561611
54561612
54561613
54561614
54561615
54561616
54561617
54561618
54561619
54561620
54561621
54561622
54561623
54561624
54561625
54561626
54561627
54561628
54561629
54561630
54561631
54561632
54561633
54561634
54561635
54561636
54561637
54561638
54561639
54561640
54561641
54561642
54561643
54561644
54561645
54561646
54561647
54561648
54561649
54561650
54561651
54561652
54561653
54561654
54561655
54561656
54561657
54561658
54561659
54561660
54561661
54561662
54561663
54561664
54561665
54561666
54561667
54561668
54561669
54561670
54561671
54561672
54561673
54561674
54561675
54561676
54561677
54561678
54561679
54561680
54561681
54561682
54561683
54561684
54561685
54561686
54561687
54561688
54561689
54561690
54561691
54561692
54561693
54561694
54561695
54561696
54561697
54561698
54561699
54561700
54561701
54561702
54561703
54561704
54561705
54561706
54561707
54561708
54561709
54561710
54561711
54561712
54561713
54561714
54561715
54561716
54561717
54561718
54561719
54561720
54561721
54561722
54561723
54561724
54561725
54561726
54561727
54561728
54561729
54561730
54561731
54561732
54561733
54561734
54561735
54561736
54561737
54561738
54561739
54561740
54561741
54561742
54561743
54561744
54561745
54561746
54561747
54561748
54561749
54561750
54561751
54561752
54561753
54561754
54561755
54561756
54561757
54561758
54561759
54561760
54561761
54561762
54561763
54561764
54561765
54561766
54561767
54561768
54561769
54561770
54561771
54561772
54561773
54561774
54561775
54561776
54561777
54561778
54561779
54561780
54561781
54561782
54561783
54561784
54561785
54561786
54561787
54561788
54561789
54561790
54561791
54561792
54561793
54561794
54561795
54561796
54561797
54561798
54561799
54561800
54561801
54561802
54561803
54561804
54561805
54561806
54561807
54561808
54561809
54561810
54561811
54561812
54561813
54561814
54561815
54561816
54561817
54561818
54561819
54561820
54561821
54561822
54561823
54561824
54561825
54561826
54561827
54561828
54561829
54561830
54561831
54561832
54561833
54561834
54561835
54561836
54561837
54561838
54561839
54561840
54561841
54561842
54561843
54561844
54554664
54554665
54554666
54554667
54554668
54554669
54554670
54554671
54554672
54554673
54554674
54554675
54554676
54554677
54554678
54554679
54554680
54554681
54554682
54554683
54554684
54554685
54554686
54554687
54554688
54554689
54554690
54554691
54554692
54554693
54554694
54554695
54554696
54554697
54554698
54554699
54554700
54554701
54554702
54545531
54545532
54545533
54545534
54545535
54545536
54545537
54545538
54545539
54545540
54545541
54545542
54545543
54545544
54545545
54545546
54545547
54545548
54545549
54545550
54545551
54545552
54545553
54545554
54545555
54545556
54545557
54545558
54545559
54545560
54545561
54545562
54545563
54545564
54545565
54545566
54545567
54545568
54545569
54545570
54545571
54545572
54545573
54545574
54545575
54545576
54545577
54545578
54545579
54545580
54545581
54545582
54545583
54545584
54545585
54545586
54545587
54545588
54545589
54545590
54545591
54545592
54545593
54545594
54545595
54545596
54545597
54545598
54545599
54545600
54545601
54545602
54545603
54545604
54545605
54545606
54545607
54545608
54545609
54545610
54545611
54545612
54545613
54545614
54545615
54545616
54545617
54545618
54545619
54545620
54545621
54545622
54545623
54545423
54545424
54545425
54545426
54545427
54545428
54545429
54545430
54545431
54545432
54545433
54545434
54545435
54545436
54545437
54545438
54545439
54545440
54545441
54545442
54545443
54545444
54545445
54545446
54545447
54545448
54545449
54545450
54545170
54545171
54545172
54545173
54545174
54545175
54545176
54545177
54545178
54545179
54545180
54545181
54545182
54545183
54545184
54545185
54545186
54545187
54545188
54545189
54545190
54545191
54545192
54545193
54545194
54545195
54545196
54545197
54545198
54545199
54545200
54545201
54545202
54545203
54545204
54545205
54545206
54545207
54545033
54545034
54545035
54545036
54545037
54545038
54545039
54545040
54545041
54545042
54545043
54545044
54545045
54545046
54545047
54545048
54545049
54545050
54545051
54545052
54545053
54545054
54545055
54545056
54545057
54545058
54545059
54545060
54545061
54545062
54545063
54545064
54545065
54545066
54545067
54545068
54545069
54545070
54544218
54544219
54544220
54544221
54544222
54544223
54544224
54544225
54544226
54544227
54544228
54544229
54544230
54544231
54544232
54544233
54544234
54544235
54544236
54544237
54544238
54544239
54544240
54544241
54544242
54544243
54544244
54544245
54544246
54544247
54544248
54544249
54544250
54544251
54544252
54544253
54544254
54544255
54544256
54544257
54544258
54544259
54544260
54544261
54544262
54544263
54544264
54544265
54544266
54544267
54544268
54544269
54544270
54544271
54544272
54544273
54544274
54544275
54544276
54544277
54544278
54544279
54544280
54544281
54544282
54544283
54544284
54544285
54544286
54544287
54544288
54544289
54544290
54544291
54544292
54544293
54544294
54544295
54544296
54544297
54544298
54544299
54544300
54544301
54544302
54544303
54544304
54544305
54544306
54544307
54544308
54544309
54544310
54544311
54544312
54544313
54544314
54544315
54544316
54544317
54544318
54544319
54544320
54544321
54544322
54544323
54544324
54544325
54544326
54544327
54544328
54544329
54544330
54544331
54544332
54544333
54544334
54584576
54584577
54584578
54584579
54584580
54584581
54584582
54584583
54584584
54584585
54584586
54584587
54584588
54584589
54584590
54584591
54584592
54584593
54584594
54584595
54584596
54584597
54584598
54584599
54584600
54584601
54584602
54584603
54584604
54584605
54584606
54584607
54584608
54584609
54579135
54579136
54579137
54579138
54579139
54579140
54579141
54579142
54579143
54579144
54579145
54579146
54579147
54579148
54579149
54579150
54579151
54579152
54579153
54579154
54579155
54579156
54579157
54579158
54579159
54579160
54579161
54579162
54579163
54579164
54579165
54579166
54579167
54579168
54579169
54579170
54578076
54578077
54578078
54578079
54578080
54578081
54578082
54578083
54578084
54578085
54578086
54578087
54578088
54578089
54578090
54578091
54578092
54578093
54578094
54578095
54578096
54578097
54578098
54578099
54578100
54578101
54578102
54578103
54578104
54578105
54578106
54578107
54578108
54578109
54578110
54578111
54578112
54578113
54578114
54578115
54578116
54578117
54578118
54578119
54578120
54578121
54578122
54578123
54578124
54578125
54578126
54578127
54578128
54578129
54578130
54578131
54578132
54578133
54578134
54578135
54578136
54578137
54578138
54578139
54578140
54578141
54578142
54578143
54578144
54578145
54578146
54578147
54578148
54578149
54578150
54578151
54578152
54578153
54578154
54578155
54578156
54578157
54578158
54578159
54578160
54578161
54578162
54578163
54578164
54578165
54578166
54578167
54578168
54578169
54578170
54578171
54578172
54578173
54578174
54578175
54578176
54578177
54578178
54578179
54578180
54578181
54578182
54578183
54578184
54578185
54578186
54578187
54578188
54578189
54578190
54578191
54578192
54578193
54578194
54578195
54578196
54578197
54578198
54578199
54578200
54578201
54578202
54578203
54578204
54578205
54578206
54578207
54578208
54578209
54578210
54578211
54578212
54578213
54578214
54578215
54578216
54578217
54578218
54578219
54578220
54578221
54578222
54578223
54578224
54578225
54578226
54578227
54578228
54578229
54578230
54578231
54578232
54578233
54578234
54578235
54578236
54578237
54578238
54578239
54578240
54578241
54578242
54578243
54578244
54578245
54578246
54578247
54578248
54578249
54578250
54578251
54578252
54578253
54578254
54578255
54578256
54578257
54578258
54578259
54578260
54578261
54578262
54578263
54578264
54578265
54578266
54578267
54578268
54578269
54578270
54578271
54578272
54578273
54578274
54578275
54578276
54578277
54578278
54578279
54578280
54578281
54578282
54578283
54578284
54578285
54578286
54578287
54578288
54578289
54578290
54578291
54578292
54578293
54578294
54578295
54578296
54578297
54578298
54578299
54578300
54578301
54578302
54578303
54578304
54578305
54578306
54578307
54578308
54578309
54578310
54578311
54578312
54578313
54578314
54578315
54578316
54578317
54578318
54578319
54578320
54578321
54578322
54578323
54578324
54578325
54578326
54578327
54578328
54578329
54578330
54578331
54578332
54578333
54578334
54578335
54578336
54578337
54578338
54578339
54578340
54578341
54578342
54578343
54578344
54578345
54578346
54578347
54578348
54578349
54578350
54578351
54578352
54578353
54578354
54578355
54578356
54578357
54578358
54578359
54578360
54578361
54578362
54578363
54578364
54578365
54578366
54577172
54577173
54577174
54577175
54577176
54577177
54577178
54577179
54577180
54577181
54577182
54577183
54577184
54577185
54577186
54577187
54577188
54577189
54577190
54577191
54577192
54577193
54577194
54577195
54577196
54577197
54577198
54577199
54577200
54577201
54577202
54577203
54577204
54577205
54577206
54577207
54577208
54577209
54577210
54577211
54577212
54577213
54577214
54577215
54577216
54577217
54577218
54577219
54577220
54577221
54577222
54577223
54577224
54577225
54577226
54577227
54577228
54577229
54577230
54577231
54577232
54577233
54577234
54577235
54577236
54577237
54577238
54577239
54577240
54577241
54577242
54577243
54577244
54577245
54577246
54577247
54577248
54577249
54577250
54577251
54577252
54577253
54577254
54577255
54577256
54577257
54577258
54577259
54577260
54577261
54577262
54577263
54577264
54577265
54577266
54577267
54577268
54577269
54577270
54577271
54577272
54577273
54577274
54577275
54577276
54577277
54577278
54577279
54577280
54577281
54577282
54577283
54577284
54577285
54577286
54577287
54577288
54577289
54577290
54577291
54577292
54577293
54577294
54577295
54577296
54577297
54577298
54577299
54577300
54577301
54577302
54577303
54577304
54577305
54577306
54577307
54577308
54577309
54577310
54577311
54577312
54577313
54577314
54577315
54577316
54577317
54577318
54577319
54577320
54577321
54577322
54577323
54577324
54577325
54577326
54577327
54577328
54577329
54577330
54577331
54577332
54577333
54577334
54577335
54577336
54577337
54577338
54577339
54577340
54577341
54577342
54577343
54577344
54577345
54577346
54577347
54577348
54577349
54577350
54577351
54577352
54577353
54577354
54577355
54577356
54577357
54577358
54577359
54577360
54577361
54577362
54577363
54577364
54577365
54577366
54577367
54577368
54577369
54577370
54577371
54577372
54577373
54577374
54577375
54577376
54577377
54577378
54577379
54577380
54577381
54577382
54577383
54577384
54577385
54577386
54577387
54577388
54577389
54577390
54577391
54577392
54577393
54577394
54577395
54577396
54577397
54577398
54577399
54577400
54577401
54577402
54577403
54577404
54577405
54577406
54577407
54577408
54577409
54577410
54577411
54577412
54577413
54577414
54577415
54577416
54577417
54577418
54577419
54577420
54577421
54577422
54577423
54577424
54577425
54577426
54577427
54577428
54577429
54577430
54577431
54577432
54577433
54577434
54577435
54577436
54577437
54577438
54577439
54577440
54577441
54577442
54577443
54577444
54577445
54577446
54577447
54577448
54577449
54577450
54577451
54577452
54577453
54577454
54577455
54577456
54577457
54577458
54577459
54577460
54577461
54577462
54577463
54577464
54577465
54577466
54577467
54577468
54573260
54573261
54573262
54573263
54573264
54573265
54573266
54573267
54573268
54573269
54573270
54573271
54573272
54573273
54573274
54573275
54573276
54573277
54573278
54573279
54573280
54573281
54573282
54573283
54573284
54573285
54573286
54573287
54573288
54573289
54573290
54573291
54573292
54573293
54573294
54573295
54573296
54573297
54573298
54573299
54573300
54573301
54573302
54573303
54573304
54573305
54573306
54573307
54573308
54573309
54573310
54573311
54573312
54573313
54573314
54573315
54573316
54573317
54573318
54573319
54573320
54573321
54573322
54573323
54573324
54573325
54573326
54573327
54573328
54573329
54573330
54573331
54573332
54573333
54573334
54573335
54573336
54573337
54573338
54573339
54573340
54573341
54573342
54573343
54573344
54573345
54573346
54573347
54573348
54573349
54573350
54573351
54573352
54573353
54573354
54573355
54573356
54573357
54573358
54573359
54573360
54573361
54573362
54573363
54573364
54573365
54573366
54573367
54573368
54573369
54573370
54573371
54573372
54573373
54573374
54573375
54573376
54573377
54573378
54573379
54573380
54573381
54573382
54573383
54573384
54573385
54573386
54573387
54573388
54573389
54573390
54573391
54573392
54573393
54573394
54573395
54573396
54573397
54573398
54573399
54573400
54573401
54573402
54573403
54573404
54573405
54573406
54573407
54573408
54573409
54573410
54573411
54573412
54573413
54573414
54604047
54604048
54604049
54604050
54604051
54604052
54604053
54604054
54604055
54604056
54604057
54604058
54604059
54604060
54604061
54604062
54604063
54604064
54604065
54604066
54604067
54604068
54604069
54604070
54604071
54604072
54604073
54604074
54604075
54604076
54604077
54604078
54604079
54604080
54604081
54604082
54604083
54603039
54603040
54603041
54603042
54603043
54603044
54603045
54603046
54603047
54603048
54603049
54603050
54603051
54603052
54603053
54603054
54603055
54603056
54603057
54603058
54603059
54603060
54603061
54603062
54603063
54603064
54603065
54603066
54603067
54603068
54603069
54603070
54603071
54602881
54602882
54602883
54602884
54602885
54602886
54602887
54602888
54602889
54602890
54602891
54602892
54600149
54600150
54600151
54600152
54600153
54600154
54600155
54600156
54600157
54600158
54600159
54600160
54600161
54600162
54600163
54600164
54600165
54600166
54600167
54600168
54600169
54600170
54600171
54600172
54600173
54600174
54600175
54600176
54600177
54600178
54600179
54600180
54600181
54600182
54600183
54600184
54600185
54600186
54600187
54600188
54600189
54600190
54600191
54600192
54600193
54600194
54600195
54600196
54600197
54600198
54600199
54600200
54600201
54600202
54600203
54600204
54600205
54600206
54600207
54600208
54600209
54600210
54600211
54600212
54600213
54600214
54600215
54600216
54600217
54600218
54600219
54600220
54600221
54600222
54600223
54600224
54600225
54600226
54600227
54600228
54600229
54600230
54600231
54600232
54600233
54600234
54600235
54600236
54600237
54600238
54600239
54600240
54600241
54600242
54600243
54600244
54600245
54600246
54600247
54600248
54600249
54600250
54600251
54600252
54600253
54600254
54600255
54600256
54600257
54600258
54600259
54600260
54600261
54600262
54600263
54600264
54600265
54600266
54600267
54600268
54600269
54600270
54600271
54600272
54600273
54600274
54600275
54600276
54600277
54600278
54600279
54600280
54600281
54600282
54600283
54600284
54600285
54600286
54600287
54600288
54600289
54600290
54600291
54600292
54600293
54600294
54600295
54600296
54600297
54600298
54600299
54600300
54600301
54600302
54600303
54600304
54600305
54600306
54600307
54600308
54600309
54600310
54600311
54600312
54600313
54600314
54600315
54600316
54600317
54600318
54600319
54600320
54600321
54600322
54600323
54600324
54600325
54600326
54600327
54600328
54600329
54600330
54600331
54600332
54600333
54600334
54600335
54600336
54600337
54600338
54600339
54600340
54600341
54600342
54600343
54600344
54600345
54600346
54600347
54600348
54600349
54600350
54600351
54600352
54600353
54600354
54600355
54600356
54600357
54600358
54600359
54600360
54600361
54600362
54600363
54600364
54600365
54600366
54600367
54600368
54600369
54600370
54600371
54600372
54600373
54600374
54600375
54600376
54600377
54600378
54600379
54600380
54600381
54600382
54600383
54600384
54600385
54600386
54600387
54600388
54600389
54600390
54600391
54600392
54600393
54600394
54600395
54600396
54600397
54600398
54600399
54600400
54600401
54600402
54600403
54600404
54600405
54600406
54600407
54600408
54600409
54600410
54600411
54600412
54600413
54600414
54600415
54600416
54600417
54600418
54600419
54600420
54600421
54600422
54600423
54600424
54600425
54600426
54600427
54600428
54600429
54600430
54600431
54600432
54600433
54600434
54600435
54600436
54600437
54600438
54600439
54600440
54600441
54600442
54600443
54600444
54600445
54600446
54600447
54600448
54600449
54600450
54600451
54598946
54598947
54598948
54598949
54598950
54598951
54598952
54598953
54598954
54598955
54598956
54598957
54598958
54598959
54598960
54598961
54598962
54598963
54598964
54598965
54598966
54598967
54598968
54598969
54598970
54598971
54598972
54598973
54598974
54598975
54598976
54598977
54598978
54598979
54598980
54598981
54598982
54598983
54598984
54598985
54598986
54598987
54598988
54598989
54598990
54598991
54598992
54598993
54598994
54598995
54598996
54598997
54598998
54598999
54599000
54599001
54599002
54599003
54599004
54599005
54599006
54599007
54599008
54599009
54599010
54599011
54599012
54599013
54599014
54599015
54599016
54599017
54599018
54599019
54599020
54599021
54599022
54599023
54599024
54599025
54599026
54599027
54599028
54599029
54599030
54599031
54599032
54599033
54599034
54599035
54599036
54599037
54599038
54599039
54599040
54599041
54599042
54599043
54599044
54599045
54599046
54599047
54599048
54599049
54599050
54599051
54599052
54599053
54599054
54599055
54599056
54599057
54599058
54599059
54599060
54599061
54599062
54599063
54599064
54599065
54599066
54599067
54599068
54599069
54599070
54599071
54599072
54599073
54599074
54599075
54599076
54599077
54599078
54599079
54599080
54599081
54599082
54599083
54599084
54599085
54599086
54599087
54599088
54599089
54599090
54599091
54599092
54599093
54599094
54599095
54599096
54599097
54599098
54599099
54599100
54599101
54599102
54599103
54599104
54599105
54599106
54599107
54599108
54599109
54599110
54599111
54599112
54599113
54599114
54599115
54599116
54599117
54599118
54599119
54599120
54599121
54599122
54599123
54599124
54599125
54599126
54599127
54599128
54599129
54599130
54599131
54599132
54599133
54599134
54599135
54599136
54599137
54599138
54599139
54599140
54599141
54599142
54599143
54599144
54599145
54599146
54599147
54599148
54599149
54599150
54599151
54599152
54599153
54599154
54599155
54599156
54599157
54599158
54599159
54599160
54599161
54599162
54599163
54599164
54599165
54599166
54599167
54599168
54599169
54599170
54599171
54599172
54599173
54599174
54599175
54599176
54599177
54599178
54599179
54599180
54599181
54599182
54599183
54599184
54599185
54599186
54599187
54599188
54599189
54599190
54599191
54599192
54599193
54599194
54599195
54599196
54599197
54599198
54599199
54599200
54599201
54599202
54599203
54599204
54599205
54599206
54599207
54599208
54599209
54599210
54599211
54599212
54599213
54599214
54599215
54599216
54599217
54599218
54599219
54599220
54599221
54599222
54599223
54599224
54599225
54599226
54599227
54599228
54599229
54599230
54599231
54599232
54599233
54599234
54599235
54599236
54599237
54599238
54599239
54599240
54599241
54599242
54599243
54599244
54599245
54599246
54599247
54599248
54599249
54599250
54599251
54599252
54599253
54599254
54599255
54599256
54599257
54599258
54599259
54599260
54599261
54599262
54599263
54599264
54599265
54599266
54599267
54599268
54599269
54599270
54599271
54599272
54599273
54599274
54599275
54599276
54599277
54599278
54599279
54599280
54599281
54599282
54599283
54599284
54599285
54599286
54599287
54599288
54599289
54599290
54599291
54599292
54599293
54599294
54599295
54599296
54599297
54599298
54599299
54599300
54599301
54599302
54599303
54599304
54599305
54599306
54599307
54599308
54599309
54599310
54599311
54599312
54599313
54599314
54599315
54599316
54599317
54599318
54599319
54599320
54599321
54599322
54599323
54599324
54599325
54599326
54599327
54599328
54599329
54599330
54599331
54599332
54599333
54599334
54599335
54599336
54599337
54599338
54599339
54599340
54599341
54599342
54599343
54599344
54599345
54599346
54599347
54599348
54599349
54599350
54599351
54599352
54599353
54599354
54599355
54599356
54599357
54599358
54599359
54599360
54599361
54599362
54599363
54599364
54599365
54599366
54599367
54599368
54599369
54599370
54599371
54599372
54599373
54599374
54599375
54599376
54599377
54599378
54599379
54599380
54599381
54599382
54599383
54599384
54599385
54599386
54599387
54599388
54599389
54599390
54599391
54599392
54599393
54599394
54599395
54599396
54599397
54599398
54599399
54599400
54599401
54599402
54599403
54599404
54599405
54599406
54599407
54599408
54599409
54599410
54599411
54599412
54599413
54599414
54599415
54599416
54599417
54599418
