6763691
6763692
6763693
6763694
6763695
6763696
6763697
6763698
6763699
6763700
6763701
6763702
6763703
6763704
6763705
6763706
6763707
6763708
6763709
6763710
6763711
6763712
6763713
6763714
6763715
6763716
6763717
6763718
6763719
6763720
6763721
6763722
6763723
6763724
6763725
6763726
6763727
6763728
6763729
6763730
6763731
6763732
6763733
6763734
6763735
6763736
6763737
6763738
6763739
6763740
6763741
6763742
6763743
6763744
6763745
6763746
6763747
6763748
6763749
6763750
6763751
6763752
6763753
6763754
6763755
6763756
6763757
6763758
6763759
6760649
6760650
6760651
6760652
6760653
6760654
6760655
6760656
6760657
6760658
6760659
6760660
6760661
6760662
6760663
6760664
6760665
6760666
6760667
6760668
6760669
6760670
6760671
6760672
6760673
6760674
6760675
6760676
6760677
6760678
6760679
6760680
6760681
6760682
6760683
6760684
6760685
6760686
6760687
6760688
6760689
6760690
6760691
6760692
6760693
6760694
6760695
6760696
6760697
6760698
6760699
6760700
6760701
6760702
6760703
6760704
6760705
6760706
6760707
6760708
6760709
6760710
6760711
6760712
6760713
6760714
6760715
6760716
6760717
6760718
6760719
6760720
6760721
6760722
6760723
6760724
6760725
6760726
6760727
6760728
6760729
6760730
6760731
6760732
6760733
6760734
6760735
6760736
6760737
6760738
6760739
6760740
6760741
6760742
6760743
6760744
6760745
6760746
6760747
6760748
6760749
6760750
6760751
6760752
6760753
6760754
6760755
6760756
6760757
6760758
6760759
6760760
6760761
6760762
6760763
6760764
6760765
6760766
6760767
6760768
6760769
6760770
6760771
6760772
6760773
6760774
6760775
6760776
6760777
6760778
6760779
6760780
6760781
6760782
6760783
6760784
6760785
6760786
6760787
6760788
6760789
6760790
6760791
6760792
6760793
6760794
6760795
6760796
6760797
6760798
6760799
6760800
6760801
6760802
6760803
6760804
6760805
6760806
6760807
6760808
6760809
6760810
6760811
6760812
6760813
6760814
6760815
6760816
6760817
6760818
6760819
6760820
6760821
6760822
6760823
6760824
6760825
6760826
6760827
6760828
6760829
6760830
6760831
6760832
6760833
6760834
6760835
6760836
6760837
6760838
6760839
6760840
6760841
6760842
6760843
6760844
6760845
6760846
6760847
6760848
6760849
6760850
6760851
6760852
6760853
6760854
6760855
6760856
6760857
6760858
6760859
6760860
6760861
6760862
6760863
6760864
6760865
6760866
6760867
6760868
6760869
6760870
6760871
6760872
6760873
6760874
6760875
6760876
6760877
6760878
6760879
6760880
6760881
6760882
6760883
6760884
6760885
6760886
6760887
6760888
6760889
6760890
6760891
6760892
6760893
6760894
6760895
6760896
6760897
6760898
6760899
6760900
6760901
6760902
6760903
6760904
6760905
6760906
6760907
6760908
6760909
6760910
6760911
6760912
6760913
6760914
6760915
6760916
6760917
6760918
6760919
6760920
6760921
6760922
6760923
6760924
6760925
6760926
6760927
6760928
6760929
6760930
6760931
6760932
6760933
6760934
6760935
6760936
6760937
6760938
6760939
6760940
6760941
6760942
6760943
6760944
6760945
6760946
6760947
6760948
6760949
6760950
6760951
6760952
6760953
6760954
6760955
6760956
6760957
6760958
6760959
6760960
6760961
6760962
6760963
6760964
6760965
6760966
6760967
6760968
6760969
6760970
6760971
6760972
6760973
6760974
6760975
6760976
6760977
6760978
6760979
6760980
6760981
6760982
6760983
6760984
6760985
6760986
6760987
6760988
6760989
6760990
6760991
6760992
6760993
6760994
6760995
6760996
6760997
6760998
6759605
6759606
6759607
6759608
6759609
6759610
6759611
6759612
6759613
6759614
6759615
6759616
6759617
6759618
6759619
6759620
6759621
6759622
6759623
6759624
6759625
6759626
6759627
6759628
6759629
6759630
6759631
6759632
6759633
6759634
6759635
6759636
6759637
6759638
6759639
6759640
6759641
6759642
6759643
6759644
6759645
6759646
6759647
6759648
6759649
6759650
6759651
6759652
6759653
6759654
6759655
6759656
6759657
6759658
6759659
6759660
6759661
6759662
6759663
6759664
6759665
6759666
6759667
6759668
6759669
6759670
6759671
6759672
6759673
6759674
6759675
6759676
6759677
6759678
6759679
6759680
6759681
6754842
6754843
6754844
6754845
6754846
6754847
6754848
6754849
6754850
6754851
6754852
6754853
6754854
6754855
6754856
6754857
6754858
6754859
6754860
6754861
6754862
6754863
6754864
6754865
6754866
6754867
6754868
6754869
6754870
6754871
6754872
6754873
6754874
6754875
6754876
6754877
6754878
6754879
6754880
6754881
6754882
6754883
6754884
6754885
6754886
6754887
6754888
6754889
6754890
6754891
6754892
6754893
6754894
6754895
6754896
6754897
6754898
6754899
6754900
6754901
6754902
6754903
6754904
6754905
6754906
6754907
6754908
6754909
6754910
6754911
6754912
6754913
6754914
6754915
6754916
6754917
6754918
6754919
6754920
6754921
6754922
6754923
6754924
6754925
6754926
6754927
6754928
6754929
6754930
6754931
6754932
6754933
6754934
6754935
6754936
6754937
6754938
6754939
6754940
6754941
6754942
6754943
6754944
6754945
6754946
6754947
6754948
6754949
6754950
6754951
6754952
6754953
6754954
6754955
6754956
6754957
6754958
6754959
6754960
6754961
6754962
6754963
6754964
6754965
6754966
6754967
6754968
6754969
6754970
6754971
6754972
6754973
6754974
6754975
6754976
6754977
6754978
6754979
6754980
6754981
6754982
6754983
6754984
6754985
6754986
6754987
6754988
6754989
6754990
6754991
6754992
6754993
6754994
6754995
6754996
6754997
6754998
6754999
6755000
6755001
6755002
6755003
6755004
6755005
6755006
6755007
6755008
6755009
6755010
6755011
6755012
6755013
6755014
6755015
6755016
6755017
6755018
6755019
6755020
6755021
6755022
6755023
6755024
6755025
6755026
6755027
6755028
6755029
6755030
6755031
6755032
6755033
6755034
6755035
6755036
6755037
6755038
6755039
6755040
6755041
6755042
6755043
6755044
6755045
6755046
6755047
6755048
6755049
6755050
6755051
6755052
6755053
6755054
6755055
6755056
6755057
6755058
6755059
6755060
6755061
6755062
6755063
6755064
6755065
6755066
6755067
6755068
6755069
6755070
6755071
6755072
6755073
6755074
6755075
6755076
6755077
6755078
6755079
6755080
6755081
6755082
6755083
6755084
6755085
6755086
6755087
6755088
6755089
6755090
6755091
6755092
6755093
6755094
6755095
6755096
6755097
6755098
6755099
6755100
6755101
6755102
6755103
6755104
6755105
6755106
6755107
6755108
6755109
6755110
6755111
6755112
6755113
6755114
6755115
6755116
6755117
6755118
6755119
6755120
6755121
6755122
6755123
6755124
6755125
6755126
6755127
6755128
6755129
6755130
6755131
6755132
6755133
6755134
6755135
6755136
6755137
6755138
6755139
6755140
6755141
6755142
6755143
6755144
6755145
6755146
6755147
6755148
6755149
6755150
6755151
6755152
6755153
6755154
6755155
6755156
6755157
6755158
6755159
6755160
6755161
6755162
6755163
6755164
6755165
6755166
6755167
6755168
6755169
6755170
6755171
6755172
6755173
6755174
6755175
6755176
6755177
6755178
6755179
6755180
6755181
6755182
6755183
6755184
6755185
6755186
6755187
6755188
6755189
6755190
6755191
6755192
6755193
6755194
6755195
6755196
6755197
6755198
6755199
6755200
6755201
6755202
6755203
6755204
6755205
6755206
6755207
6755208
6755209
6755210
6755211
6755212
6755213
6755214
6755215
6755216
6755217
6755218
6755219
6755220
6755221
6755222
6755223
6755224
6755225
6755226
6755227
6755228
6755229
6755230
6755231
6755232
6755233
6755234
6755235
6755236
6755237
6755238
6755239
6755240
6755241
6755242
6755243
6755244
6755245
6755246
6755247
6755248
6755249
6755250
6755251
6755252
6755253
6755254
6755255
6755256
6755257
6755258
6755259
6755260
6755261
6755262
6755263
6755264
6755265
6755266
6755267
6755268
6755269
6755270
6755271
6755272
6755273
6755274
6755275
6755276
6755277
6755278
6755279
6755280
6755281
6755282
6755283
6755284
6755285
6755286
6755287
6755288
6755289
6755290
6755291
6755292
6755293
6755294
6755295
6755296
6755297
6755298
6755299
6755300
6755301
6755302
6755303
6755304
6755305
6755306
6755307
6755308
6755309
6755310
6755311
6755312
6755313
6755314
6755315
6755316
6755317
6755318
6755319
6755320
6755321
6755322
6755323
6755324
6755325
6755326
6754627
6754628
6754629
6754630
6754631
6754632
6754633
6754634
6754635
6754636
6754637
6754638
6754639
6754640
6754641
6754642
6754643
6754644
6754645
6754646
6754647
6754648
6754649
6754650
6754651
6754652
6754653
6754654
6754655
6754656
6754657
6754658
6754659
6754660
6754661
6754662
6754663
6754664
6754665
6754666
6754667
6754668
6754669
6754670
6754671
6754672
6754673
6754674
6754675
6754676
6754677
6754678
6754679
6754680
6754681
6754682
6754683
6754684
6754685
6754686
6754687
6754688
6754689
6754690
6754691
6754692
6754693
6754694
6754695
6754696
6754697
6754698
6754699
6754700
6754701
6754702
6754703
6754704
6754705
6754706
6754707
6754708
6754709
6754710
6754711
6754712
6754713
6754714
6754715
6754716
6754717
6754718
6754719
6754720
6754721
6754722
6754723
6754724
6754725
6754726
6754727
6754728
6754729
6754730
6754731
6754732
6754733
6754734
6754735
6754736
6754737
6754738
6754739
6754740
6754741
6754742
6754262
6754263
6754264
6754265
6754266
6754267
6754268
6754269
6754270
6754271
6754272
6754273
6754274
6754275
6754276
6754277
6754278
6754279
6754280
6754281
6754282
6754283
6754284
6754285
6754286
6754287
6754288
6754289
6754290
6754291
6754292
6754293
6754294
6754295
6754296
6754297
6754298
6754299
6754300
6754301
6754302
6754303
6754304
6754305
6754306
6754307
6754308
6754309
6754310
6754311
6754312
6754313
6754314
6754315
6754316
6754317
6754318
6754319
6754320
6754321
6754322
6754323
6754324
6754325
6754326
6754327
6754328
6754329
6754330
6754331
6754332
6754333
6754334
6754335
6754336
6754337
6754338
6754339
6754340
6754341
6754342
6754343
6754344
6754345
6754346
6754347
6754348
6754349
6754350
6754351
6754352
6754353
6754354
6754355
6754356
6754357
6754358
6754359
6754360
6754361
6754362
6754363
6754364
6754365
6754366
6754367
6754368
6754369
6754370
6754371
6754372
6754373
6754374
6754375
6754376
6754377
6754378
6754379
6754380
6754381
6754382
6754383
6754384
6754385
6754386
6754387
6754388
6754389
6754390
6754391
6754392
6754393
6754394
6754395
6754396
6754397
6754398
6754399
6754400
6754401
6754402
6754403
6754404
6754405
6754406
6754407
6754408
6754409
6754410
6754411
6754412
6754413
6754414
6754415
6754416
6754417
6754418
6754419
6754420
6754421
6754422
6754423
6754424
6754425
6754426
6754427
6754428
6754429
6754430
6754431
6754432
6754433
6754434
6754435
6754436
6754063
6754064
6754065
6754066
6754067
6754068
6754069
6754070
6754071
6754072
6754073
6754074
6754075
6754076
6754077
6754078
6754079
6754080
6754081
6754082
6754083
6754084
6754085
6754086
6754087
6754088
6754089
6754090
6754091
6754092
6754093
6754094
6754095
6754096
6754097
6754098
6754099
6754100
6754101
6754102
6754103
6754104
6754105
6754106
6754107
6754108
6754109
6754110
6754111
6754112
6754113
6754114
6754115
6754116
6754117
6754118
6754119
6754120
6754121
6754122
6754123
6754124
6754125
6754126
6754127
6754128
6754129
6754130
6754131
6754132
6754133
6754134
6754135
6754136
6754137
6754138
6754139
6754140
6754141
6754142
6754143
6754144
6754145
6754146
6754147
6754148
6754149
6754150
6754151
6754152
6754153
6754154
6754155
6754156
6754157
6754158
6754159
6754160
6754161
6754162
6754163
6754164
6754165
6754166
6754167
6754168
6754169
6754170
6754171
6754172
6754173
6754174
6753467
6753468
6753469
6753470
6753471
6753472
6753473
6753474
6753475
6753476
6753477
6753478
6753479
6753480
6753481
6753482
6753483
6753484
6753485
6753486
6753487
6753488
6753489
6753490
6753491
6753492
6753493
6753494
6753495
6753496
6753497
6753498
6753499
6753500
6753501
6753502
6753503
6753504
6753505
6753506
6753507
6753508
6753509
6753510
6753511
6753512
6753513
6753514
6753515
6753516
6753517
6753518
6753519
6753520
6753521
6753522
6753523
6753524
6753525
6753526
6753527
6753528
6753529
6753530
6753531
6753532
6753533
6753534
6753535
6753536
6753537
6753538
6753539
6753540
6753541
6753542
6753543
6753544
6753545
6753546
6753547
6753548
6753549
6753550
6753551
6753552
6753553
6753554
6753555
6753556
6753557
6753558
6753559
6753560
6753561
6753562
6753563
6753564
6753565
6753566
6753567
6753568
6753569
6753570
6753571
6753572
6753573
6753574
6753575
6753576
6753577
6753578
6753579
6753580
6753581
6753582
6753583
6753584
6753585
6753586
6753587
6753588
6753589
6753590
6753591
6753592
6753593
6753594
6753595
6753596
6753597
6753598
6753599
6753600
6753601
6753602
6753603
6753604
6753605
6753606
6753607
6753608
6753609
6753610
6753611
6753612
6753613
6753614
6753615
6753616
6753617
6753618
6753619
6753620
6753621
6753622
6753623
6753624
6753625
6753626
6753627
6753628
6753629
6753630
6753631
6753632
6753633
6753634
6753635
6753636
6753637
6753638
6753639
6753640
6753641
6753642
6753643
6753644
6753645
6753646
6753647
6753648
6753649
6753650
6753651
6753652
6752607
6752608
6752609
6752610
6752611
6752612
6752613
6752614
6752615
6752616
6752617
6752618
6752619
6752620
6752621
6752622
6752623
6752624
6752625
6752626
6752627
6752628
6752629
6752630
6752631
6752632
6752633
6752634
6752635
6752636
6752637
6752638
6752639
6752640
6752641
6752642
6752643
6752644
6752645
6752646
6752647
6752648
6752649
6752650
6752651
6752652
6752653
6752654
6752655
6752656
6752657
6752658
6752659
6752660
6752661
6752662
6752663
6752664
6752665
6752666
6752667
6752668
6752669
6752670
6752671
6752672
6752673
6752674
6752675
6752676
6752677
6752678
6752679
6752680
6752681
6752682
6752683
6752684
6752685
6752686
6752687
6752688
6752689
6752690
6752691
6752692
6752693
6752694
6752695
6752696
6752697
6752698
6752699
6752700
6752701
6752702
6752703
6752704
6752705
6752706
6752707
6752708
6752709
6752710
6752711
6752712
6752713
6752714
6752715
6752716
6752717
6752718
6752719
6752720
6752721
6752722
6752723
6752724
6752725
6752726
6752727
6752728
6752729
6752730
6752731
6752732
6752733
6752734
6752735
6752736
6752737
6752738
6752739
6752740
6752741
6752742
6752743
6752744
6752745
6752746
6752747
6752748
6752749
6752750
6752751
6752752
6752753
6752754
6752755
6752756
6752757
6752758
6752759
6752760
6752761
6752762
6752763
6752764
6772819
6772820
6772821
6772822
6772823
6772824
6772825
6772826
6772827
6772828
6772829
6772830
6772831
6772832
6772833
6772834
6772835
6772836
6772837
6772838
6772839
6772840
6772841
6772842
6772843
6772844
6772845
6772846
6772847
6772848
6772849
6772850
6772851
6772852
6772853
6772854
6772855
6772856
6772857
6772858
6772859
6772860
6772861
6772862
6772863
6772864
6772865
6772866
6772867
6772868
6772869
6772870
6772871
6772872
6772873
6772874
6772875
6772876
6772877
6772878
6772879
6772880
6772881
6772882
6772883
6772884
6772885
6772886
6772887
6772888
6772889
6772890
6772891
6772892
6772893
6772894
6772895
6772896
6772897
6772898
6772899
6772900
6772901
6772902
6772903
6772904
6772905
6772906
6772907
6772908
6772909
6772910
6772911
6772912
6772913
6772914
6772915
6772916
6772917
6772918
6772919
6772920
6772921
6772922
6772923
6772924
6772925
6772926
6772927
6772928
6772929
6772930
6772931
6772932
6772933
6772934
6772935
6772936
6772937
6772938
6772939
6772940
6772941
6772942
6772943
6772944
6772945
6772946
6772947
6772948
6772949
6772950
6772951
6772952
6772953
6772954
6772955
6772956
6772957
6772958
6772959
6772960
6772961
6772962
6772963
6772964
6772965
6772966
6772967
6772968
6772969
6772970
6772971
6772972
6772973
6772974
6772975
6772976
6772977
6772978
6772979
6772980
6772981
6772982
6772983
6772984
6772985
6772986
6772987
6772988
6772989
6772990
6772991
6772992
6772993
6772994
6772995
6772996
6772997
6772998
6772999
6773000
6773001
6773002
6773003
6773004
6773005
6773006
6773007
6773008
6773009
6773010
6773011
6773012
6773013
6773014
6773015
6773016
6773017
6773018
6773019
6773020
6773021
6773022
6820713
6820714
6820715
6820716
6820717
6820718
6820719
6820720
6820721
6820722
6820723
6820724
6820725
6820726
6820727
6820728
6820729
6820730
6820731
6820732
6820733
6820734
6820735
6820736
6820737
6820738
6820739
6820740
6820741
6820742
6820743
6820744
6820745
6820746
6820747
6820748
6820749
6820750
6820751
6820752
6820753
6820754
6820755
6820756
6820757
6820758
6820759
6820760
6820761
6820762
6820763
6820764
6820765
6820766
6820767
6820768
6820769
6820770
6820771
6820772
6820773
6820774
6820775
6820776
6820777
6820778
6820779
6820780
6820781
6820782
6820783
6820784
6820785
6820786
6820787
6820788
6820789
6820790
6820791
6820792
6820793
6820794
6820795
6820796
6820797
6820798
6820799
6820800
6820801
6820802
6820803
6820804
6820805
6820806
6820807
6820808
6820809
6820810
6820811
6820812
6820813
6820814
6820815
6820816
6820817
6820818
6820819
6820820
6820821
6820822
6820823
6820824
6820825
6820826
6820827
6820828
6820829
6821633
6821634
6821635
6821636
6821637
6821638
6821639
6821640
6821641
6821642
6821643
6821644
6821645
6821646
6821647
6821648
6821649
6821650
6821651
6821652
6821653
6821654
6821655
6821656
6821657
6821658
6821659
6821660
6821661
6821662
6821663
6821664
6821665
6821666
6821667
6821668
6821669
6821670
6821671
6821672
6821673
6821674
6821675
6821676
6821677
6821678
6821679
6821680
6821681
6821682
6821683
6821684
6821685
6821686
6821687
6821688
6821689
6821690
6821691
6821802
6821803
6821804
6821805
6821806
6821807
6821808
6821809
6821810
6821811
6821812
6821813
6821814
6821815
6821816
6821817
6821818
6821819
6821820
6821821
6821822
6821823
6821824
6821825
6821826
6821827
6821828
6821829
6821830
6821831
6821832
6821833
6821834
6821835
6821836
6821837
6821838
6821839
6821840
6821841
6821842
6821843
6821844
6821845
6821846
6821847
6821848
6821849
6821850
6821851
6821852
6821853
6821854
6821855
6821856
6821857
6821858
6821859
6821860
6821861
6821862
6821863
6821864
6821865
6821866
6821867
6821868
6821869
6821870
6822232
6822233
6822234
6822235
6822236
6822237
6822238
6822239
6822240
6822241
6822242
6822243
6822244
6822245
6822246
6822247
6822248
6822249
6822250
6822251
6822252
6822253
6822254
6822255
6822256
6822257
6822258
6822259
6822260
6822261
6822262
6822263
6822264
6822265
6822266
6822267
6822268
6822269
6822270
6822271
6822272
6822273
6822274
6822275
6822276
6822277
6822278
6822279
6822280
6822281
6822282
6822283
6822284
6822285
6822286
6822287
6822288
6822289
6822290
6822291
6822292
6822293
6822294
6822295
6822296
6822297
6822298
6822299
6822300
6822301
6822302
6822303
6822304
6822305
6822306
6822307
6822308
6822309
6822310
6822311
6822312
6822313
6822314
6822315
6822316
6822317
6822318
6822319
6822320
6822321
6822322
6822323
6822324
6822325
6822326
6822327
6822328
6822329
6822330
6822331
6822332
6822333
6822334
6822335
6822336
6822337
6822338
6822339
6822340
6822430
6822431
6822432
6822433
6822434
6822435
6822436
6822437
6822438
6822439
6822440
6822441
6822442
6822443
6822444
6822445
6822446
6822447
6822448
6822449
6822450
6822451
6822452
6822453
6822454
6822455
6822456
6822457
6822458
6822459
6822460
6822461
6822462
6822463
6822464
6822465
6822466
6822467
6822468
6822469
6822470
6822471
6822472
6822473
6822474
6822475
6822476
6822477
6822478
6822479
6822480
6822481
6822482
6822483
6822484
6822485
6822486
6822487
6822488
6822489
6822490
6822491
6822492
6822493
6822494
6822495
6822496
6822497
6822498
6822499
6822500
6822501
6822502
6822503
6822504
6822505
6822506
6822507
6822508
6822509
6822510
6822511
6822512
6822513
6822514
6822515
6822516
6822517
6822518
6822519
6822520
6822521
6822522
6822523
6822524
6822525
6825064
6825065
6825066
6825067
6825068
6825069
6825070
6825071
6825072
6825073
6825074
6825075
6825076
6825077
6825078
6825079
6825080
6825081
6825082
6825083
6825084
6825085
6825086
6825087
6825088
6825089
6825090
6825091
6825092
6825093
6825094
6825095
6825096
6825097
6825098
6825099
6825100
6825101
6825102
6825103
6825104
6825105
6825106
6825107
6825108
6825109
6825110
6825111
6825112
6825113
6825114
6825115
6825116
6825117
6825118
6825119
6825120
6825121
6825122
6825123
6825124
6825125
6825126
6825127
6825128
6825129
6825130
6825131
6825132
6825314
6825315
6825316
6825317
6825318
6825319
6825320
6825321
6825322
6825323
6825324
6825325
6825326
6825327
6825328
6825329
6825330
6825331
6825332
6825333
6825334
6825335
6825336
6825337
6825338
6825339
6825340
6825341
6825342
6825343
6825344
6825345
6825346
6825347
6825348
6825349
6825350
6825351
6825352
6825353
6825354
6825355
6825356
6825357
6825358
6825359
6825360
6825361
6825362
6825363
6825364
6825365
6825366
6825367
6825368
6825369
6825370
6825371
6825372
6825373
6825374
6825375
6825376
6825377
6825378
6825379
6825380
6825381
6825382
6825383
6825384
6825385
6825386
6825387
6825388
6825389
6825390
6825391
6825392
6825393
6825394
6825395
6825396
6825397
6825398
6825399
6825400
6825401
6825402
6825403
6825404
6825405
6825406
6825407
6825408
6825409
6825410
6825411
6825412
6825413
6825414
6825415
6825416
6825417
6826623
6826624
6826625
6826626
6826627
6826628
6826629
6826630
6826631
6826632
6826633
6826634
6826635
6826636
6826637
6826638
6826639
6826640
6826641
6826642
6826643
6826644
6826645
6826646
6826647
6826648
6826649
6826650
6826651
6826652
6826653
6826654
6826655
6826656
6826657
6826658
6826659
6826660
6826661
6826662
6826663
6826664
6826665
6826666
6826667
6826668
6826669
6826670
6826671
6826672
6826673
6826674
6826675
6826676
6826677
6826678
6826679
6826680
6826681
6826682
6826683
6826684
6826685
6826686
6826687
6826688
6826689
6826690
6826691
6826692
6826693
6826694
6826695
6826696
6826697
6826698
6826699
6826700
6826701
6826702
6826703
6826704
6826705
6826706
6826707
6826708
6826709
6826710
6826711
6826712
6826713
6826714
6826715
6826716
6826717
6826718
6826719
6826720
6826721
6826722
6828087
6828088
6828089
6828090
6828091
6828092
6828093
6828094
6828095
6828096
6828097
6828098
6828099
6828100
6828101
6828102
6828103
6828104
6828105
6828106
6828107
6828108
6828109
6828110
6828111
6828112
6828113
6828114
6828115
6828116
6828117
6828118
6828119
6828120
6828121
6828122
6828123
6828124
6828125
6828126
6828127
6828128
6828129
6828130
6828131
6828132
6828133
6828134
6828135
6828136
6828137
6828138
6828139
6828140
6828141
6828142
6828143
6828144
6828145
6828146
6828147
6828148
6828149
6828150
6828151
6828152
6828153
6828154
6828155
6828156
6828157
6828158
6828159
6828160
6828161
6828162
6828163
6828164
6828165
6828166
6828167
6828168
6828169
6828170
6828171
6828172
6828173
6828174
6828175
6828176
6828177
6828178
6828179
6828180
6828181
6828182
6828430
6828431
6828432
6828433
6828434
6828435
6828436
6828437
6828438
6828439
6828440
6828441
6828442
6828443
6828444
6828445
6828446
6828447
6828448
6828449
6828450
6828451
6828452
6828453
6828454
6828455
6828456
6828457
6828458
6828459
6828460
6828461
6828462
6828463
6828464
6828465
6828466
6828467
6828468
6828469
6828470
6828471
6828472
6828473
6828474
6828475
6828476
6828477
6828478
6828479
6828480
6828481
6828482
6828483
6828484
6828485
6828486
6828487
6828488
6828489
6828490
6828491
6828492
6828493
6828494
6828495
6828496
6828497
6828498
6828633
6828634
6828635
6828636
6828637
6828638
6828639
6828640
6828641
6828642
6828643
6828644
6828645
6828646
6828647
6828648
6828649
6828650
6828651
6828652
6828653
6828654
6828655
6828656
6828657
6828658
6828659
6828660
6828661
6828662
6828663
6828664
6828665
6828666
6828667
6828668
6828669
6828670
6828671
6828672
6828673
6828674
6828675
6828676
6828677
6828678
6828679
6828680
6828681
6828682
6828683
6828684
6828685
6828686
6828687
6828688
6828689
6828690
6828691
6828692
6828693
6828694
6828695
6828696
6828697
6828698
6828699
6828700
6828701
6828702
6828703
6828704
6828705
6828706
6828707
6828708
6828709
6828710
6828711
6828712
6828713
6828714
6828715
6828716
6828717
6828718
6828719
6828826
6828827
6828828
6828829
6828830
6828831
6828832
6828833
6828834
6828835
6828836
6828837
6828838
6828839
6828840
6828841
6828842
6828843
6828844
6828845
6828846
6828847
6828848
6828849
6828850
6828851
6828852
6828853
6828854
6828855
6828856
6828857
6828858
6828859
6828860
6828861
6828862
6828863
6828864
6828865
6828866
6828867
6828868
6828869
6828870
6828871
6828872
6828873
6828874
6828875
6828876
6828877
6828878
6828879
6828880
6828881
6828882
6828883
6828884
6828885
6828886
6828887
6828888
6828889
6828890
6828891
6828892
6828893
6828894
6828895
6828896
6828897
6828898
6828899
6828900
6828901
6828902
6828903
6828904
6828905
6828906
6828907
6828908
6828909
6828910
6828911
6829797
6829798
6829799
6829800
6829801
6829802
6829803
6829804
6829805
6829806
6829807
6829808
6829809
6829810
6829811
6829812
6829813
6829814
6829815
6829816
6829817
6829818
6829819
6829820
6829821
6829822
6829823
6829824
6829825
6829826
6829827
6829828
6829829
6829830
6829831
6829832
6829833
6829834
6829835
6829836
6829837
6829838
6829839
6829840
6829841
6829842
6829843
6829844
6829845
6829846
6829847
6829848
6829849
6829850
6829851
6829852
6829853
6829854
6829855
6829856
6829857
6829858
6829859
6829860
6829861
6829862
6829863
6829864
6829865
6829866
6829867
6829868
6829869
6829870
6829871
6829872
6829873
6829874
6829875
6829876
6829877
6829878
6829879
6829880
6829881
6829882
6829883
6829884
6829885
6829886
6829887
6829888
6829889
6829890
6829891
6829892
6829893
6829894
6829895
6829896
6829897
6829898
6829899
6829900
6829901
6829902
6829903
6829904
6829905
6829906
6829907
6829908
6829909
6829910
6829911
6829912
6829913
6829914
6829915
6829916
6829917
6829918
6829919
6829920
6829921
6829922
6829923
6829924
6829925
6829926
6829927
6829928
6829929
6832102
6832103
6832104
6832105
6832106
6832107
6832108
6832109
6832110
6832111
6832112
6832113
6832114
6832115
6832116
6832117
6832118
6832119
6832120
6832121
6832122
6832123
6832124
6832125
6832126
6832127
6832128
6832129
6832130
6832131
6832132
6832133
6832134
6832135
6832136
6832137
6832138
6832139
6832140
6832141
6832142
6832143
6832144
6832145
6832146
6832147
6832148
6832149
6832150
6832151
6832152
6832153
6832154
6832155
6832156
6832157
6832158
6832159
6832160
6832161
6832162
6832163
6832164
6832165
6832166
6832167
6832168
6832169
6832170
6832171
6832172
6832173
6832174
6832175
6832176
6832177
6832178
6832179
6832180
6832181
6832182
6832183
6832184
6832185
6832186
6832187
6832188
6832189
6832190
6832191
6832192
6832193
6832194
6832195
6832196
6832197
6832198
6832199
6832200
6832201
6832202
6832203
6832204
6832205
6832206
6832207
6832208
6832209
6832210
6832211
6833195
6833196
6833197
6833198
6833199
6833200
6833201
6833202
6833203
6833204
6833205
6833206
6833207
6833208
6833209
6833210
6833211
6833212
6833213
6833214
6833215
6833216
6833217
6833218
6833219
6833220
6833221
6833222
6833223
6833224
6833225
6833226
6833227
6833228
6833229
6833230
6833231
6833232
6833233
6833234
6833235
6833236
6833237
6833238
6833239
6833240
6833241
6833242
6833243
6833244
6833245
6833246
6833247
6833248
6833249
6833250
6833251
6833252
6833253
6833254
6833255
6833256
6833257
6833258
6833259
6833260
6833261
6833262
6833263
6833264
6833265
6833266
6833267
6833268
6833269
6833270
6833271
6833272
6833273
6833274
6833275
6833276
6833277
6833278
6833279
6833280
6833281
6833282
6833283
6833284
6833285
6833286
6833287
6833288
6833289
6833290
6833291
6833292
6833293
6833294
6833295
6833296
6833539
6833540
6833541
6833542
6833543
6833544
6833545
6833546
6833547
6833548
6833549
6833550
6833551
6833552
6833553
6833554
6833555
6833556
6833557
6833558
6833559
6833560
6833561
6833562
6833563
6833564
6833565
6833566
6833567
6833568
6833569
6833570
6833571
6833572
6833573
6833574
6833575
6833576
6833577
6833578
6833579
6833580
6833581
6833582
6833583
6833584
6833585
6833586
6833587
6833588
6833589
6833590
6833591
6833592
6833593
6833594
6833595
6833596
6833597
6833598
6833599
6833600
6833601
6833602
6833603
6833604
6833605
6833606
6833607
6833608
6833609
6833610
6833611
6833612
6833613
6833614
6833615
6833616
6833617
6833618
6833619
6833620
6833621
6833622
6833623
6833624
6833625
6833626
6833627
6833628
6833629
6833630
6833631
6833632
6833633
6833634
6833635
6833636
6833722
6833723
6833724
6833725
6833726
6833727
6833728
6833729
6833730
6833731
6833732
6833733
6833734
6833735
6833736
6833737
6833738
6833739
6833740
6833741
6833742
6833743
6833744
6833919
6833920
6833921
6833922
6833923
6833924
6833925
6833926
6833927
6833928
6833929
6833930
6833931
6833932
6833933
6833934
6833935
6833936
6833937
6833938
6833939
6833940
6833941
6833942
6833943
6833944
6833945
6833946
6833947
6833948
6833949
6833950
6833951
6833952
6833953
6833954
6833955
6833956
6833957
6833958
6833959
6833960
6833961
6833962
6833963
6833964
6836443
6836444
6836445
6836446
6836447
6836448
6836449
6836450
6836451
6836452
6836453
6836454
6836455
6836456
6836457
6836458
6836459
6836460
6836461
6836462
6836463
6836464
6836465
6836466
6836467
6836468
6836469
6836470
6836471
6836472
6836473
6836474
6836475
6836476
6836477
6836478
6836479
6836480
6836481
6836482
6836483
6836484
6836485
6836486
6836487
6836488
6836489
6836490
6836491
6836492
6836493
6836494
6836495
6836496
6836497
6836498
6836499
6836500
6836501
6836502
6836503
6836504
6836505
6836506
6836507
6836508
6836509
6836510
6836511
6836512
6836513
6836514
6836515
6836516
6836517
6836518
6836519
6836520
6836521
6836522
6836523
6836524
6836525
6836526
6836527
6836528
6836529
6836530
6836531
6836532
6836533
6836534
6836535
6836536
6836537
6836538
6836539
6836540
6836541
6836542
6836543
6836544
6836545
6836546
6836547
6836548
6836549
6836550
6836551
6836552
6836553
6836554
6836555
6836556
6836557
6836558
6836559
6836560
6836561
6836562
6836563
6836564
6836565
6836566
6836567
6836568
6836569
6836570
6836571
6836572
6836573
6836574
6836575
6836576
6836577
6836578
6836579
6836996
6836997
6836998
6836999
6837000
6837001
6837002
6837003
6837004
6837005
6837006
6837007
6837008
6837009
6837010
6837011
6837012
6837013
6837014
6837015
6837016
6837017
6837018
6837019
6837020
6837021
6837022
6837023
6837024
6837025
6837026
6837027
6837028
6837029
6837030
6837031
6837032
6837033
6837034
6837035
6837036
6837037
6837038
6837039
6837040
6837041
6837042
6837043
6837044
6837045
6837046
6837047
6837048
6837049
6837050
6837051
6837052
6837053
6837054
6837055
6837056
6837057
6837058
6837059
6837060
6837061
6843146
6843147
6843148
6843149
6843150
6843151
6843152
6843153
6843154
6843155
6843156
6843157
6843158
6843159
6843160
6843161
6843162
6843163
6843164
6843165
6843166
6843167
6843168
6843169
6843170
6843171
6843172
6843173
6843174
6843175
6843176
6843177
6848009
6848010
6848011
6848012
6848013
6848014
6848015
6848016
6848017
6848018
6848019
6848020
6848021
6848022
6848023
6848024
6848025
6848026
6848027
6848028
6848029
6848030
6848031
6848032
6848033
6848034
6848035
6848036
6848037
6848038
6848039
6848040
6848041
6848042
6848043
6848044
6848045
6848046
6848047
6848048
6848049
6848050
6848051
6848052
6848053
6848054
6848055
6848056
6848057
6848058
6848059
6848060
6848061
6848062
6848063
6848064
6848065
6848066
6848067
6848068
6848069
6848070
6848071
6848072
6848073
6848074
6848075
6848076
6848077
6848078
6848079
6848080
6848081
6848082
6848083
6848084
6848085
6848086
6848087
6848088
6848089
6848090
6848091
6848092
6848093
6848094
6848095
6848096
6848097
6848098
6848099
6848100
6848101
6848102
6848103
6848104
6848105
6848106
6848107
6848108
6848109
6848110
6848111
6848112
6848113
6848114
6848115
6848116
6848117
6848118
6848119
6848120
6848121
6848122
6848123
6848124
6848125
6850681
6850682
6850683
6850684
6850685
6850686
6850687
6850688
6850689
6850690
6850691
6850692
6850693
6850694
6850695
6850696
6850697
6850698
6850699
6850700
6850701
6850702
6850703
6850704
6850705
6850706
6850707
6850708
6850709
6850710
6850711
6850712
6850713
6850714
6850715
6850716
6850717
6850718
6850719
6850720
6850721
6850722
6850723
6850724
6850725
6850726
6850727
6850728
6850729
6850730
6850731
6850732
6850733
6850734
6850735
6850736
6850737
6850738
6850739
6850740
6850741
6850742
6850743
6850744
6850745
6850746
6850747
6850748
6850749
6850750
6850751
6850752
6850753
6850754
6850755
6850756
6850757
6850758
6850759
6850760
6850761
6850762
6850763
6850764
6850765
6850766
6850767
6850768
6852976
6852977
6852978
6852979
6852980
6852981
6852982
6852983
6852984
6852985
6852986
6852987
6852988
6852989
6852990
6852991
6852992
6852993
6852994
6852995
6852996
6852997
6852998
6852999
6853000
6853001
6853002
6853003
6853004
6853005
6853006
6853007
6853008
6853009
6853010
6853011
6853012
6853013
6853014
6853015
6853016
6853017
6853018
6853019
6853020
6853021
6853022
6853023
6853024
6853025
6853026
6853027
6853028
6853029
6853030
6853031
6853032
6853033
6853034
6853035
6853036
6853037
6853038
6853039
6853040
6853041
6853042
6853043
6853044
6853045
6853046
6853047
6853048
6853049
6853050
6853051
6853052
6853053
6853054
6853055
6853056
6853057
6853058
6853059
6853060
6853061
6853062
6853063
6853064
6853065
6853066
6853067
6853068
6853069
6853070
6853071
6853072
6853073
6853074
6853075
6853076
6853077
6853078
6853079
6853080
6853081
6853082
6853083
6853084
6853085
6853086
6853087
6853088
6853089
6853090
6853958
6853959
6853960
6853961
6853962
6853963
6853964
6853965
6853966
6853967
6853968
6853969
6853970
6853971
6853972
6853973
6853974
6853975
6853976
6853977
6853978
6853979
6853980
6853981
6853982
6853983
6853984
6853985
6853986
6853987
6853988
6853989
6853990
6853991
6853992
6853993
6853994
6853995
6853996
6853997
6853998
6853999
6854000
6854001
6854002
6854003
6854004
6854005
6854006
6854007
6854008
6854009
6854010
6854011
6854012
6854013
6854014
6854015
6854016
6854017
6854018
6854019
6854020
6854021
6854022
6854023
6854024
6854025
6854026
6854027
6854028
6854029
6854030
6854031
6854032
6854033
6854034
6854035
6854036
6854037
6854038
6854039
6854040
6854041
6854042
6854043
6854044
6854045
6854046
6854047
6854048
6854049
6854050
6854051
6854052
6854053
6854054
6854055
6854056
6854057
6854058
6854059
6854060
6854061
6854062
6854063
6854064
6854065
6854066
6854067
6854068
6854069
6854070
6854071
6854072
6854073
6854074
6854075
6854076
6854077
6854078
6854079
6854080
6854081
6854082
6854083
6854084
6854085
6854086
6854087
6854088
6854089
6854090
6854091
6854092
6854093
6854094
6854095
6854096
6854097
6854098
6854099
6854100
6854101
6854102
6854103
6854104
6854105
6854106
6854107
6854108
6854109
6857065
6857066
6857067
6857068
6857069
6857070
6857071
6857072
6857073
6857074
6857075
6857076
6857077
6857078
6857079
6857080
6857081
6857082
6857083
6857084
6857085
6857086
6857087
6857088
6857089
6857090
6857091
6857092
6857093
6857094
6857095
6857096
6857097
6857098
6857099
6857100
6857101
6857102
6857103
6857104
6857105
6857106
6857107
6857108
6857109
6857110
6857111
6857112
6857113
6857114
6857115
6887620
6887621
6887622
6887623
6887624
6887625
6887626
6887627
6887628
6887629
6887630
6887631
6887632
6887633
6887634
6887635
6887636
6887637
6887638
6887639
6887640
6887641
6887642
6887643
6887644
6887645
6887646
6887647
6887648
6887649
6887650
6890492
6890493
6890494
6890495
6890496
6890497
6890498
6890499
6890500
6890501
6890502
6890503
6890504
6890505
6890506
6890507
6890508
6890509
6890510
6890511
6890512
6890513
6890514
6890515
6890516
6890517
6890518
6890519
6890520
6890521
6890522
6890523
6890524
6890525
6890526
6890527
6890528
6890529
6890530
6890531
6890532
6890533
6890534
6890535
6890536
6890537
6890538
6890539
6890540
6890541
6890542
6890543
6890544
6890545
6890546
6890547
6890548
6890549
6890550
6890551
6890552
6890553
6890554
6896409
6896410
6896411
6896412
6896413
6896414
6896415
6896416
6896417
6896418
6896419
6896420
6896421
6896422
6896423
6896424
6896425
6896426
6896427
6896428
6896429
6896430
6896431
6896432
6896433
6896434
6896435
6896436
6896437
6896438
6896439
6896440
6896441
6896442
6896443
6896444
6896445
6896446
6896447
6896448
6896449
6896450
6896451
6896452
6896453
6896454
6896455
6896456
6896457
6896458
6896459
6896460
6896461
6896462
6896463
6896464
6896465
6896466
6896467
6896468
6896469
6896470
6896471
6896472
6896473
6896474
6896475
6896476
6896477
6896478
6896479
6896480
6896481
6896482
6896483
6896484
6896485
6896486
6896487
6896488
6896489
6896490
6896491
6896492
6896493
6896494
6896495
6896496
6896497
6896498
6896499
6896500
6896501
6896502
6896503
6896504
6896505
6896506
6896507
6896508
6896509
6896510
6896511
6896512
6896513
6896514
6896515
6896516
6896517
6896518
6896519
6896520
6896521
6896522
6896523
6896524
6896525
6896526
6896527
6896528
6896529
6896530
6896531
6896532
6896533
6896534
6896535
6896536
6896537
6896538
6896539
6896540
6896541
6896542
6896543
6896544
6896545
6896546
6896547
6896548
6896549
6896550
6896551
6896552
6897160
6897161
6897162
6897163
6897164
6897165
6897166
6897167
6897168
6897169
6897170
6897171
6897172
6897173
6897174
6897175
6897176
6897177
6897178
6897179
6897180
6897181
6897182
6897183
6897184
6897185
6897186
6897187
6897188
6897189
6897190
6897191
6897192
6897193
6897194
6897195
6897196
6897197
6897198
6897199
6897200
6897201
6897202
6897203
6897204
6897205
6897206
6897207
6897208
6897209
6897210
6897211
6897212
6897213
6897214
6897215
6897216
6897217
6897218
6897219
6897220
6897221
6897222
6897223
6897224
6897225
6897226
6897227
6897228
6897229
6897230
6897231
6897232
6897233
6897234
6897235
6897236
6897237
6897238
6897239
6897240
6897241
6897242
6897243
6897244
6897245
6897246
6897247
6897248
6897249
6897250
6897251
6897252
6897253
6897254
6897255
6897256
6897257
6897258
6897259
6897260
6897261
6897262
6897263
6897264
6897265
6897266
6897267
6897268
6897269
6897270
6897271
6897272
6897273
6897274
6897275
6897276
6897277
6897278
6897279
6897280
6897281
6897282
6897283
6897284
6897285
6897286
6897287
6897288
6897289
6897290
6897291
6897292
6897293
6897294
6897295
6897296
6897297
6897298
6897299
6897300
6897301
6897302
6897303
6897304
6897305
6897306
6897307
6897308
6897309
6897310
6897311
6897312
6897313
6897314
6897315
6897439
6897440
6897441
6897442
6897443
6897444
6897445
6897446
6897447
6897448
6897449
6897450
6897451
6897452
6897453
6897454
6897455
6897456
6897457
6897458
6897459
6897460
6897461
6897462
6897463
6897464
6897465
6897466
6897467
6897468
6897469
6897470
6897471
6897472
6897473
6897474
6897475
6897476
6897477
6897478
6897479
6897480
6897481
6897482
6897483
6897484
6897485
6897486
6897487
6897488
6897489
6897490
6897491
6897492
6897493
6897494
6897495
6897496
6897497
6897498
6897499
6897500
6897501
6897502
6897503
6897504
6897505
6897506
6897507
6897508
6897509
6897510
6897511
6897512
6897513
6897514
6897515
6897516
6897517
6897518
6897519
6897520
6897521
6897522
6897523
6897524
6897525
6897526
6897527
6897528
6897529
6897530
6897531
6897532
6897533
6897534
6897535
6897536
6897537
6897538
6897539
6897540
6897541
6897542
6897543
6897544
6897545
6897546
6897547
6897548
6897549
6897550
6897551
6897552
6897553
6897554
6897555
6897556
6897557
6897558
6901886
6901887
6901888
6901889
6901890
6901891
6901892
6901893
6901894
6901895
6901896
6901897
6901898
6901899
6901900
6901901
6901902
6901903
6901904
6901905
6901906
6901907
6901908
6901909
6901910
6901911
6901912
6901913
6901914
6901915
6901916
6901917
6901918
6901919
6901920
6901921
6901922
6901923
6901924
6901925
6901926
6901927
6901928
6901929
6901930
6901931
6901932
6901933
6901934
6901935
6901936
6901937
6901938
6901939
6901940
6901941
6901942
6901943
6901944
6901945
6901946
6901947
6901948
6901949
6901950
6901951
6901952
6901953
6901954
6901955
6901956
6901957
6901958
6901959
6901960
6901961
6901962
6901963
6901964
6901965
6901966
6901967
6901968
6901969
6901970
6901971
6901972
6901973
6901974
6901975
6901976
6901977
6901978
6901979
6901980
6901981
6901982
6901983
6901984
6901985
6901986
6901987
6901988
6901989
6901990
6901991
6901992
6901993
6901994
6901995
6901996
6901997
6901998
6901999
6902000
6902001
6902002
6902003
6902004
6902005
6902006
6902007
6902008
6902009
6902010
6902011
6902012
6902013
6902014
6902015
6902016
6902017
6902018
6902019
6902020
6902021
6902022
6902023
6902024
6902025
6902026
6902027
6902028
6902029
6902030
6902031
6902032
6903821
6903822
6903823
6903824
6903825
6903826
6903827
6903828
6903829
6903830
6903831
6903832
6903833
6903834
6903835
6903836
6903837
6903838
6903839
6903840
6903841
6903842
6903843
6903844
6903845
6903846
6903847
6903848
6903849
6903850
6903851
6903852
6903853
6903854
6903855
6903856
6903857
6903858
6903859
6903860
6903861
6903862
6903863
6903864
6903865
6903866
6903867
6903868
6903869
6903870
6903871
6903872
6903873
6903874
6903875
6903876
6903877
6903878
6903879
6903880
6903881
6903882
6903883
6903884
6903885
6903886
6903887
6903888
6903889
6903890
6903891
6903892
6903893
6903894
6903895
6903896
6903897
6903898
6903899
6903900
6903901
6903902
6903903
6903904
6903905
6903906
6903907
6903908
6903909
6903910
6903911
6903912
6903913
6903914
6903915
6903916
6903917
6903918
6903919
6903920
6903921
6903922
6903923
6903924
6903925
6903926
6903927
6903928
6903929
6903930
6903931
6903932
6903933
6903934
6903935
6903936
6903937
6903938
6903939
6903940
6903941
6903942
6903943
6903944
6903945
6903946
6903947
6903948
6903949
6903950
6903951
6903952
6903953
6903954
6903955
6903956
6903957
6903958
6903959
6903960
6903961
6904047
6904048
6904049
6904050
6904051
6904052
6904053
6904054
6904055
6904056
6904057
6904058
6904059
6904060
6904061
6904062
6904063
6904064
6904065
6904066
6904067
6904068
6904069
6904070
6904071
6904072
6904073
6904074
6904075
6904076
6904077
6904078
6904079
6904080
6904081
6904082
6904083
6904084
6904085
6904086
6904087
6904088
6904089
6904090
6904091
6904092
6904093
6904094
6904095
6904096
6904097
6904098
6904099
6904100
6904101
6904102
6904103
6904104
6904105
6904106
6904107
6904108
6904109
6904110
6904111
6904112
6904113
6904114
6904115
6904116
6904117
6904118
6904119
6904120
6904121
6904122
6904123
6904124
6904125
6904126
6904127
6904128
6904129
6904130
6904131
6904132
6904133
6904134
6904135
6904136
6904137
6904138
6904139
6904140
6904141
6904142
6904143
6904144
6904145
6904146
6904147
6904148
6904149
6904150
6904151
6904152
6904153
6904154
6904155
6904156
6904157
6904158
6904159
6904160
6904161
6904162
6904163
6904164
6904165
6904166
6904167
6904168
6904169
6904170
6904171
6904172
6904173
6904174
6904175
6904176
6904177
6904178
6904179
6904180
6904181
6904182
6904183
6904184
6904185
6904186
6904187
6904188
6904189
6904190
6904191
6904192
6904193
6906444
6906445
6906446
6906447
6906448
6906449
6906450
6906451
6906452
6906453
6906454
6906455
6906456
6906457
6906458
6906459
6906460
6906461
6906462
6906463
6906464
6906465
6906466
6906467
6906468
6906469
6906470
6906471
6906472
6906473
6906474
6906475
6906476
6906477
6906478
6906479
6906480
6906481
6906482
6906483
6906484
6906485
6906486
6906487
6906488
6906489
6906490
6906491
6906492
6906493
6906494
6906495
6906496
6906497
6906498
6906499
6906500
6906501
6906502
6906503
6906504
6906505
6906506
6906507
6906508
6906509
6906510
6906511
6906512
6906513
6906514
6906515
6906516
6906517
6906518
6906519
6906520
6906521
6906522
6906523
6906524
6906525
6906526
6906527
6906528
6906529
6906530
6906531
6906532
6908700
6908701
6908702
6908703
6908704
6908705
6908706
6908707
6908708
6908709
6908710
6908711
6908712
6908713
6908714
6908715
6908716
6908717
6908718
6908719
6908720
6908721
6908722
6908723
6908724
6908725
6908726
6908727
6908728
6908729
6908730
6908731
6908732
6908733
6908734
6908735
6908736
6908737
6908738
6908739
6908740
6908741
6908742
6908743
6908744
6908745
6908746
6908747
6908748
6908749
6908750
6908751
6908752
6908753
6908754
6908755
6908756
6908757
6908758
6908759
6908760
6908761
6908762
6908763
6908764
6908765
6908766
6908767
6908768
6908769
6908770
6908771
6908772
6908773
6908774
6908775
6908776
6908777
6908778
6908779
6908780
6908781
6908782
6908783
6913664
6913665
6913666
6913667
6913668
6913669
6913670
6913671
6913672
6913673
6913674
6913675
6913676
6913677
6913678
6913679
6913680
6913681
6913682
6913683
6913684
6913685
6913686
6913687
6913688
6913689
6913690
6913691
6913692
6913693
6913694
6913695
6913696
6913697
6913698
6913699
6913700
6913701
6913702
6913703
6913704
6913705
6913706
6913707
6913708
6913709
6913710
6913711
6913712
6913713
6913714
6913715
6913716
6913717
6913718
6913719
6913720
6913721
6913722
6913723
6913724
6913725
6913726
6913727
6913728
6913729
6913730
6913731
6913732
6913733
6913734
6913735
6913736
6913737
6913738
6913739
6913740
6913741
6913742
6913743
6913744
6913745
6913746
6913747
6913748
6913749
6913750
6913751
6913752
6913753
6913754
6913755
6913756
6913757
6913758
6913759
6913760
6913761
6913762
6913763
6913764
6913765
6913766
6913767
6913768
6913769
6913770
6913771
6913772
6913773
6913774
6913775
6913776
6913777
6913778
6913779
6913780
6913781
6913782
6913783
6913784
6913785
6913786
6913787
6913788
6913789
6913790
6913791
6913792
6913793
6913794
6913795
6913796
6913797
6913798
6913799
6913800
6913801
6913802
6913803
6913804
6913805
6913806
6913807
6913808
6913809
6913810
6913811
6913812
6913813
6913814
6913815
6913816
6913817
6913818
6913819
6913820
6913821
6913822
6913823
6913824
6913825
6913826
6913827
6913828
6913829
6913830
6913831
6913832
6913833
6913834
6913835
6913836
6913837
6913838
6913839
6913840
6913841
6916260
6916261
6916262
6916263
6916264
6916265
6916266
6916267
6916268
6916269
6916270
6916271
6916272
6916273
6916274
6916275
6916276
6916277
6916278
6916279
6916280
6916281
6916282
6916283
6916284
6916285
6916286
6916287
6916288
6916289
6916290
6916291
6916292
6916293
6916294
6916295
6916296
6916297
6916298
6916299
6916300
6916301
6916302
6916303
6916304
6916305
6916306
6916307
6916308
6916309
6916310
6916311
6916312
6916313
6916314
6916315
6916316
6916317
6916318
6916319
6916320
6916321
6916322
6916323
6916324
6916325
6916326
6916327
6916328
6916329
6916330
6916331
6916332
6916333
6916334
6916335
6916336
6916337
6916338
6916339
6916340
6916341
6916342
6916343
6916344
6916345
6916346
6916347
6916348
6916349
6916350
6916351
6916352
6916353
6916354
6916355
6916356
6916357
6916358
6916359
6916360
6916361
6916362
6916363
6916364
6916365
6916366
6916367
6916368
6916369
6916370
6916371
6916372
6916373
6916374
6916375
6916376
6916377
6916378
6916379
6919559
6919560
6919561
6919562
6919563
6919564
6919565
6919566
6919567
6919568
6919569
6919570
6919571
6919572
6919573
6919574
6919575
6919576
6919577
6919578
6919579
6919580
6919581
6919582
6919583
6919584
6919585
6919586
6919587
6919588
6919589
6919590
6919591
6919592
6919593
6919594
6919595
6919596
6919597
6919598
6919599
6919600
6919601
6919602
6919603
6919604
6919605
6919606
6919607
6919608
6919609
6919610
6919611
6919612
6919613
6919614
6919615
6919616
6919617
6919618
6919619
6919620
6919621
6919622
6919623
6919624
6919625
6919626
6919627
6919628
6919629
6919630
6919631
6919632
6919633
6919634
6919635
6919636
6919637
6919638
6919639
6919640
6919641
6919642
6919643
6919644
6919645
6919646
6919647
6919648
6919649
6919650
6919651
6919652
6919653
6919654
6919655
6919656
6919657
6919658
6919659
6919660
6919661
6919662
6919663
6919664
6919665
6919666
6919667
6919668
6919669
6919670
6919671
6919672
6919673
6919674
6919675
6919676
6919677
6919678
6919679
6919680
6919681
6919682
6919683
6919684
6919685
6919686
6919687
6919688
6919689
6919690
6919691
6919692
6919693
6919694
6919695
6919696
6919697
6919698
6919699
6919700
6919701
6919702
6919703
6919704
6919705
6919706
6919707
6919708
6919709
6919710
6919711
6919712
6919713
6919714
6919715
6919716
6919717
6919718
6919719
6919720
6919721
6919722
6919723
6919724
6919725
6919726
6919727
6919728
6919729
6919730
6919731
6919732
6919733
6919734
6919735
6919736
6919737
6919738
6919739
6919740
6919741
6919742
6919743
6919744
6919745
6919746
6919747
6919748
6919749
6919750
6919751
6919752
6919753
6919754
6919755
6919756
6919757
6919758
6921724
6921725
6921726
6921727
6921728
6921729
6921730
6921731
6921732
6921733
6921734
6921735
6921736
6921737
6921738
6921739
6921740
6921741
6921742
6921743
6921744
6921745
6921746
6921747
6921748
6921749
6921750
6921751
6921752
6921753
6921754
6921755
6921756
6921757
6921758
6921759
6921760
6921761
6921762
6921763
6921764
6921765
6921766
6921767
6921768
6921769
6921770
6921771
6921772
6921773
6921774
6921775
6921776
6921777
6921778
6921779
6921780
6921781
6921782
6921783
6921784
6921785
6921786
6921787
6921788
6921789
6921790
6921791
6921792
6921793
6921794
6921795
6921796
6921797
6921798
6921799
6921800
6921801
6921802
6921803
6921804
6921805
6921806
6921807
6921808
6921809
6921810
6921811
6921812
6921813
6921814
6921815
6921816
6921817
6921818
6921819
6921820
6921821
6921822
6921823
6921824
6921825
6921826
6921827
6921828
6921829
6921830
6921831
6921832
6921833
6921834
6921835
6921836
6921837
6921838
6921839
6921840
6921841
6921842
6921843
6921844
6921845
6921846
6921847
6921848
6921849
6921850
6921851
6921852
6921853
6921854
6921855
6921856
6921857
6921858
6921859
6921860
6921861
6921862
6921863
6921864
6921865
6921866
6921867
6921868
6921869
6921870
6921871
6921872
6921873
6921874
6921875
6921876
6921877
6921878
6921879
6921880
6921881
6921882
6921883
6921884
6921885
6921886
6921887
6921888
6921889
6921890
6921891
6921892
6921893
6921894
6924689
6924690
6924691
6924692
6924693
6924694
6924695
6924696
6924697
6924698
6924699
6924700
6924701
6924702
6924703
6924704
6924705
6924706
6924707
6924708
6924709
6924710
6924711
6924712
6924713
6924714
6924715
6924716
6924717
6924718
6924719
6924720
6924721
6924722
6924723
6924724
6924725
6924726
6924727
6924728
6924729
6924730
6924731
6924732
6924733
6924734
6924735
6924736
6924737
6924738
6924739
6924740
6924741
6924742
6924743
6924744
6924745
6924746
6924747
6924748
6924749
6924750
6924751
6924752
6924753
6924754
6924755
6924756
6924757
6924758
6924759
6924760
6924761
6924762
6924763
6924764
6924765
6924766
6924767
6924768
6924769
6924770
6924771
6924772
6924773
6924774
6924775
6924776
6924777
6924778
6924779
6924780
6924781
6924782
6924783
6924784
6924785
6924786
6924787
6924788
6924789
6924790
6924791
6924792
6924793
6924794
6924795
6924796
6924797
6924798
6924799
6924800
6924801
6924802
6924803
6924804
6924805
6924806
6924807
6924808
6924809
6924810
6924811
6924812
6924813
6924814
6924815
6924816
6924817
6924818
6924819
6924820
6924821
6924822
6924823
6924824
6924825
6924826
6924827
6924828
6924829
6924830
6924831
6924832
6924833
6924834
6924835
6924836
6924837
6924838
6924839
6924840
6924841
6924842
6924843
6924844
6924845
6924846
6924847
6924848
6924849
6924850
6924851
6924852
6924853
6924854
6924855
6924856
6924857
6924858
6924859
6924860
6924861
6924862
6924863
6924864
6924865
6924866
6924867
6924868
6924869
6924870
6924871
6924872
6924873
6924874
6924875
6924876
6924877
6924878
6924879
6924880
6924881
6924882
6924883
6926377
6926378
6926379
6926380
6926381
6926382
6926383
6926384
6926385
6926386
6926387
6926388
6926389
6926390
6926391
6926392
6926393
6926394
6926395
6926396
6926397
6926398
6926399
6926400
6926401
6926402
6926403
6926404
6926405
6926406
6926407
6926408
6926409
6926410
6926411
6926412
6926413
6926414
6926415
6926416
6926417
6926418
6926419
6926420
6926421
6926422
6926423
6926424
6926425
6926426
6926427
6926428
6926429
6926430
6926431
6926432
6926433
6926434
6926435
6926436
6926437
6926438
6926439
6926440
6926441
6926442
6926443
6926444
6926445
6926446
6926447
6926448
6926449
6926450
6926451
6926452
6926453
6926454
6926455
6926456
6926457
6926458
6926459
6926460
6926461
6926462
6926463
6926464
6926465
6926466
6926467
6926468
6926469
6926470
6926471
6926472
6926473
6926474
6926475
6926476
6926477
6926478
6926479
6926480
6926481
6926482
6926483
6926484
6926485
6926486
6926487
6926488
6926489
6926490
6926491
6926492
6926493
6926494
6926495
6926496
6926497
6926498
6926499
6926500
6926501
6926502
6926503
6926504
6926505
6926506
6926507
6926508
6926509
6926510
6926511
6926512
6926513
6926514
6926515
6926516
6926517
6926518
6926519
6926520
6926521
6926522
6926523
6926524
6926525
6926526
6926527
6926528
6926529
6926530
6926531
6926532
6926533
6926534
6926535
6926536
6926537
6926538
6926539
6926540
6926541
6926542
6926543
6926544
6926545
6926546
6926547
6926548
6926549
6926550
6926551
6926552
6926553
6926554
6926555
6926556
6926557
6926558
6926559
6926560
6926561
6926562
6926563
6926564
6926565
6926566
6926567
6926568
6926569
6926570
6926571
6926572
6926573
6926574
6926575
6926576
6926577
6926578
6926579
6926580
6926581
6926582
6926583
6926584
6926585
6926586
6926587
6926588
6926589
6926590
6926591
6926592
6926593
6926594
6926595
6926596
6926597
6926598
6926599
6926600
6926601
6926602
6926603
6926604
6926605
6926606
6926607
6926608
6926609
6926610
6926611
6926612
6928156
6928157
6928158
6928159
6928160
6928161
6928162
6928163
6928164
6928165
6928166
6928167
6928168
6928169
6928170
6928171
6928172
6928173
6928174
6928175
6928176
6928177
6928178
6928179
6928180
6928181
6928182
6928183
6928184
6928185
6928186
6928187
6928188
6928189
6928190
6928191
6928192
6928193
6928194
6928195
6928196
6928197
6928198
6928199
6928200
6928201
6928202
6928203
6928204
6928205
6928206
6928207
6928208
6928209
6928210
6928211
6928212
6928213
6928214
6928215
6928216
6928217
6928218
6928219
6928220
6928221
6928222
6934998
6934999
6935000
6935001
6935002
6935003
6935004
6935005
6935006
6935007
6935008
6935009
6935010
6935011
6935012
6935013
6935014
6935015
6935016
6935017
6935018
6935019
6935020
6935021
6935022
6935023
6935024
6935025
6935026
6935027
6935028
6935029
6935030
6935031
6935032
6935033
6935034
6935035
6935036
6935037
6935038
6935039
6935040
6935041
6935042
6935043
6935044
6935045
6935046
6935047
6935048
6935049
6935050
6935051
6935052
6935053
6935054
6935055
6935056
6935057
6935058
6935059
6935060
6935061
6935062
6935063
6935064
6935065
6935066
6935067
6935068
6935069
6935070
6935071
6935072
6935073
6935074
6935075
6935076
6935077
6935078
6935079
6935080
6935081
6935082
6935083
6935084
6935085
6935086
6935087
6935088
6935089
6937254
6937255
6937256
6937257
6937258
6937259
6937260
6937261
6937262
6937263
6937264
6937265
6937266
6937267
6937268
6937269
6937270
6937271
6937272
6937273
6937274
6937275
6937276
6937277
6937278
6937279
6937280
6937281
6937282
6937283
6937284
6937285
6937286
6937287
6937288
6937289
6937290
6937291
6937292
6937293
6937294
6937295
6937296
6937297
6937298
6937299
6937300
6937301
6937302
6937303
6937304
6937305
6937306
6937307
6937308
6937309
6937310
6937311
6937312
6937313
6937314
6937315
6937316
6937317
6937318
6937319
6937320
6937321
6937322
6937323
6937324
6937325
6937326
6937327
6937328
6937329
6937330
6937331
6937332
6937333
6937334
6937335
6937336
6937337
6937338
6937339
6937340
6937341
6937342
6937343
6937344
6937345
6937346
6937347
6937348
6937349
6937350
6937351
6937352
6937353
6937354
6937355
6937356
6937357
6937358
6937359
6937360
6937361
6937362
6937363
6937364
6937365
6937366
6937367
6937368
6937369
6937370
6937371
6937372
6937373
6937374
6937375
6937376
6937377
6937378
6937379
6937380
6937381
6937382
6937383
6937384
6937385
6937386
6937387
6937388
6937389
6937390
6937391
6937392
6937393
6937394
6937395
6937396
6937397
6937398
6937399
6937400
6937401
6937402
6937403
6937404
6937405
6937406
6937407
6937408
6937409
6937410
6937411
6937412
6937413
6937414
6937415
6937416
6937417
6937418
6937419
6937420
6937421
6937422
6937555
6937556
6937557
6937558
6937559
6937560
6937561
6937562
6937563
6937564
6937565
6937566
6937567
6937568
6937569
6937570
6937571
6937572
6937573
6937574
6937575
6937576
6937577
6937578
6937579
6937580
6937581
6937582
6937583
6937584
6937585
6937586
6937587
6937588
6937589
6937590
6937591
6937592
6937593
6937594
6937595
6937596
6937597
6937598
6937599
6937600
6937601
6937602
6937603
6937604
6937605
6937606
6937607
6937608
6937609
6937610
6937611
6937612
6937613
6937614
6937615
6937616
6937617
6937618
6937619
6937620
6937621
6937622
6937623
6937624
6937625
6937626
6937627
6937628
6937629
6937630
6937631
6937632
6937633
6937634
6937635
6937636
6937637
6937638
6937639
6937640
6937641
6937642
6937643
6937644
6937645
6937646
6937647
6937648
6937649
6937650
6937651
6937652
6937653
6937654
6937655
6937656
6937657
6937658
6937659
6940035
6940036
6940037
