33792247
33792248
33792249
33792250
33792251
33792252
33792253
33792254
33792255
33792256
33792257
33792258
33792259
33792260
33792261
33792262
33792263
33792264
33792265
33792266
33792267
33792268
33792269
33792270
33792271
33792272
33792273
33792274
33792275
33792276
33792277
33792278
33792279
33792280
33792281
33792282
33792283
33792284
33792285
33792286
33792287
33792288
33792289
33792290
33792291
33792292
33792293
33792294
33792295
33792296
33792297
33792298
33792299
33792300
33792301
33792302
33792303
33792304
33792305
33792306
33792307
33792308
33792309
33792310
33792311
33792312
33792313
33792314
33792315
33792316
33792317
33792318
33792319
33792320
33792321
33792322
33792323
33792324
33792325
33792326
33792327
33792328
33792329
33792330
33792331
33792332
33792333
33792334
33792335
33792336
33792337
33792338
33792339
33792340
33792341
33792342
33792343
33792344
33792345
33792346
33792347
33792348
33792349
33792350
33792351
33792352
33792353
33792354
33792355
33792356
33792357
33792358
33792359
33792360
33792361
33792362
33792363
33792364
33792365
33792366
33792367
33792368
33792369
33792370
33792371
33792372
33792373
33792374
33792375
33792376
33792377
33792378
33792379
33792380
33792381
33792382
33792383
33792384
33792385
33792386
33792387
33792388
33792389
33792390
33792391
33792392
33792393
33792394
33792395
33792396
33792397
33792398
33792399
33792400
33792401
33792402
33792403
33792404
33792405
33792406
33792407
33792408
33792409
33792410
33792411
33792412
33792413
33792414
33792415
33792416
33792417
33792418
33792419
33792420
33792421
33792422
33792423
33792424
33792425
33792426
33792427
33792428
33792429
33792430
33792431
33792432
33792433
33792434
33792435
33792436
33792437
33792438
33792439
33792440
33792441
33792442
33792443
33792444
33792445
33792446
33792447
33792448
33792449
33792450
33792451
33792452
33792453
33792454
33792455
33792456
33792457
33792458
33792459
33792460
33792461
33792462
33792463
33792464
33792465
33792466
33792467
33792468
33792469
33792470
33792471
33792472
33792473
33792474
33792475
33792476
33792477
33792478
33792479
33792480
33792481
33792482
33792483
33792484
33792485
33792486
33792487
33792488
33792489
33792490
33792491
33792492
33792493
33792494
33792495
33792496
33792497
33792498
33792499
33792500
33792501
33792502
33792503
33792504
33792505
33792506
33792507
33792508
33792509
33792510
33792511
33792512
33792513
33792514
33792515
33792516
33792517
33792518
33792519
33792520
33792521
33792522
33792523
33792524
33792525
33792526
33792527
33792528
33792529
33792530
33792531
33792532
33792533
33792534
33792535
33792536
33792537
33792538
33792539
33792540
33792541
33792542
33792543
33792544
33792545
33792546
33792547
33792548
33792549
33792550
33792551
33792552
33792553
33792554
33792555
33792556
33792557
33792558
33792559
33792560
33792561
33792562
33792563
33792564
33792565
33792566
33792567
33792568
33792569
33792570
33792571
33792572
33792573
33792574
33792575
33792576
33792577
33792578
33792579
33792580
33792581
33792582
33792583
33792584
33792585
33792586
33792587
33792588
33792589
33792590
33792591
33792592
33792593
33792594
33792595
33792596
33792597
33792598
33792599
33792600
33792601
33792602
33792603
33792604
33792605
33792606
33792607
33792608
33792609
33792610
33792611
33792612
33792613
33792614
33792615
33792616
33792617
33792618
33792619
33792620
33792621
33792622
33792623
33792624
33792625
33792626
33792627
33792628
33792629
33792630
33792631
33792632
33792633
33792634
33792635
33792636
33792637
33792638
33792639
33792640
33792641
33792642
33792643
33792644
33792645
33792646
33792647
33792648
33792649
33792650
33792651
33792652
33792653
33792654
33792655
33792656
33792657
33792658
33792659
33792660
33792661
33792662
33792663
33792664
33792665
33792666
33792667
33792668
33792669
33792670
33792671
33792672
33792673
33792674
33792675
33792676
33792677
33792678
33792679
33792680
33792681
33792682
33792683
33792684
33792685
33792686
33792687
33792688
33792689
33792690
33792691
33792692
33792693
33792694
33792695
33792696
33792697
33792698
33792699
33792700
33792701
33792702
33792703
33792704
33792705
33792706
33792707
33792708
33792709
33792710
33792711
33792712
33792713
33792714
33792715
33792716
33792717
33792718
33792719
33792720
33792721
33792722
33792723
33792724
33792725
33792726
33792727
33792728
33792729
33792730
33792731
33792732
33792733
33792734
33792735
33792736
33792737
33792738
33792739
33792740
33792741
33792742
33792743
33792744
33792745
33792746
33792747
33792748
33792749
33792750
33792751
33792752
33792753
33792754
33792755
33792756
33792757
33792758
33792759
33792760
33792761
33792762
33792763
33792764
33792765
33792766
33792767
33792768
33792769
33792770
33792771
33792772
33792773
33792774
33792775
33792776
33792777
33792778
33792779
33792780
33792781
33792782
33792783
33792784
33792785
33792786
33792787
33792788
33792789
33792790
33792791
33792792
33792793
33792794
33792795
33792796
33792797
33792798
33792799
33792800
33792801
33792802
33792803
33792804
33792805
33792806
33792807
33792808
33792809
33792810
33792811
33792812
33792813
33792814
33792815
33792816
33792817
33792818
33792819
33792820
33792821
33792822
33792823
33792824
33792825
33792826
33792827
33792828
33792829
33792830
33792831
33792832
33792833
33792834
33792835
33792836
33792837
33792838
33792839
33792840
33792841
33792842
33792843
33792844
33792845
33792846
33792847
33792848
33792849
33792850
33792851
33792852
33792853
33792854
33792855
33792856
33792857
33792858
33792859
33792860
33792861
33792862
33792863
33792864
33792865
33792866
33792867
33792868
33792869
33792870
33792871
33792872
33792873
33792874
33792875
33792876
33792877
33792878
33792879
33792880
33792881
33792882
33792883
33792884
33792885
33792886
33792887
33792888
33792889
33792890
33792891
33792892
33792893
33792894
33792895
33792896
33792897
33792898
33792899
33792900
33792901
33792902
33792903
33792904
33792905
33792906
33792907
33792908
33792909
33792910
33792911
33792912
33792913
33792914
33792915
33792916
33792917
33792918
33792919
33792920
33792921
33792922
33792923
33792924
33792925
33792926
33792927
33792928
33792929
33792930
33792931
33792932
33792933
33792934
33792935
33792936
33792937
33792938
33792939
33792940
33792941
33792942
33792943
33792944
33792945
33792946
33792947
33792948
33792949
33792950
33792951
33792952
33792953
33792954
33792955
33792956
33792957
33792958
33792959
33792960
33792961
33792962
33792963
33792964
33792965
33792966
33792967
33792968
33792969
33792970
33792971
33792972
33792973
33792974
33792975
33792976
33792977
33792978
33792979
33792980
33792981
33792982
33792983
33792984
33792985
33792986
33792987
33792988
33792989
33792990
33792991
33792992
33792993
33792994
33792995
33792996
33792997
33792998
33792999
33793000
33793001
33793002
33793003
33793004
33793005
33793006
33793007
33793008
33793009
33793010
33793011
33793012
33793013
33793014
33793015
33793016
33793017
33793018
33793019
33793020
33793021
33793022
33793023
33793024
33793025
33793026
33793027
33793028
33793029
33793030
33793031
33793032
33793033
33793034
33793035
33793036
33793037
33793038
33793039
33793040
33793041
33793042
33793043
33793044
33793045
33793046
33793047
33793048
33793049
33793050
33793051
33793052
33793053
33793054
33793055
33793056
33793057
33793058
33793059
33793060
33793061
33793062
33793063
33793064
33793065
33793066
33793067
33793068
33793069
33793070
33793071
33793072
33793073
33793074
33793075
33793076
33793077
33793078
33793079
33793080
33793081
33793082
33793083
33793084
33793085
33793086
33793087
33793088
33793089
33793090
33793091
33793092
33793093
33793094
33793095
33793096
33793097
33793098
33793099
33793100
33793101
33793102
33793103
33793104
33793105
33793106
33793107
33793108
33793109
33793110
33793111
33793112
33793113
33793114
33793115
33793116
33793117
33793118
33793119
33793120
33793121
33793122
33793123
33793124
33793125
33793126
33793127
33793128
33793129
33793130
33793131
33793132
33793133
33793134
33793135
33793136
33793137
33793138
33793139
33793140
33793141
33793142
33793143
33793144
33793145
33793146
33793147
33793148
33793149
33793150
33793151
33793152
33793153
33793154
33793155
33793156
33793157
33793158
33793159
33793160
33793161
33793162
33793163
33793164
33793165
33793166
33793167
33793168
33793169
33793170
33793171
33793172
33793173
33793174
33793175
33793176
33793177
33793178
33793179
33793180
33793181
33793182
33793183
33793184
33793185
33793186
33793187
33793188
33793189
33793190
33793191
33793192
33793193
33793194
33793195
33793196
33793197
33793198
33793199
33793200
33793201
33793202
33793203
33793204
33793205
33793206
33793207
33793208
33793209
33793210
33793211
33793212
33793213
33793214
33793215
33793216
33793217
33793218
33793219
33793220
33793221
33793222
33793223
33793224
33793225
33793226
33793227
33793228
33793229
33793230
33793231
33793232
33793233
33793234
33793235
33793236
33793237
33793238
33793239
33793240
33793241
33793242
33793243
33793244
33793245
33793246
33793247
33793248
33793249
33793250
33793251
33793252
33793253
33793254
33793255
33793256
33793257
33793258
33793259
33793260
33793261
33793262
33793263
33793264
33793265
33793266
33793267
33793268
33793269
33793270
33793271
33793272
33793273
33793274
33793275
33793276
33793277
33793278
33793279
33793280
33793281
33793282
33793283
33793284
33793285
33793286
33793287
33793288
33793289
33793290
33793291
33793292
33793293
33793294
33793295
33793296
33793297
33793298
33793299
33793300
33793301
33793302
33793303
33793304
33793305
33793306
33793307
33793308
33793309
33793310
33793311
33793312
33793313
33793314
33793315
33793316
33793317
33793318
33793319
33793320
33870146
33870147
33870148
33870149
33870150
33870151
33870152
33870153
33870154
33870155
33870156
33870157
33870158
33870159
33870160
33870161
33870162
33870163
33870164
33870165
33870166
33870167
33870168
33870169
33870170
33870171
33870172
33870173
33870174
33870175
33870176
33870177
33870178
33870179
33870180
33870181
33870182
33870183
33870184
33870185
33870186
33870187
33870188
33870189
33870190
33870191
33870192
33870193
33870194
33870195
33870196
33870197
33870198
33870199
33870200
33870201
33870202
33870203
33870204
33870205
33870206
33870207
33870208
33870209
33870210
33870211
33870212
33870213
33870214
33870215
33870216
33870217
33870218
33870219
33870220
33870221
33870222
33870223
33870224
33870225
33870226
33870227
33870228
33870229
33870230
33870231
33870232
33870233
33870234
33870235
33870236
33870237
33870238
33870239
33870240
33870241
33870242
33870243
33870244
33870245
33870246
33870247
33870248
33870249
33870250
33870251
33870252
33870253
33870254
33870255
33870256
33870257
33870258
33870259
33870260
33870261
33870262
33870263
33870264
33870265
33870266
33870267
33870268
33870269
33870270
33870271
33870272
33870273
33870274
33870275
33870276
33870277
33870278
33870279
33870280
33870281
33870282
33870283
33870284
33870285
33870286
33870287
33870288
33870289
33870290
33870291
33870292
33870293
33870294
33870295
33870296
33870297
33870298
33870299
33870300
33870301
33870302
33870303
33870304
33870305
33870306
33870307
33870308
33870309
33870310
33870311
33870312
33870313
33870314
33870315
33870316
33870317
33870318
33870319
33870320
33870321
33870322
33870323
33870324
33870325
33870326
33870327
33870328
33870329
33870330
33870331
33870332
33870333
33870334
33870335
33870336
33870337
33870338
33870339
33870340
33870341
33870342
33870343
33870344
33870345
33870346
33870347
33870348
33870349
33870350
33870351
33870352
33870353
33870354
33870355
33870356
33870357
33870358
33870359
33870360
33870361
33870362
33870363
33870364
33870365
33870366
33870367
33870368
33870369
33870370
33870371
33870372
33870373
33870374
33870375
33870376
33870377
33870378
33870379
33870380
33870381
33870382
33870383
33870384
33870385
33870386
33870387
33870388
33870389
33870390
33870391
33870392
33870393
33870394
33870395
33870396
33870397
33870398
33870399
33870400
33870401
33870402
33870403
33870404
33870405
33870406
33870407
33870408
33870409
33870410
33870411
33870412
33870413
33870414
33870415
33870416
33870417
33870418
33870419
33870420
33870421
33870422
33870423
33870424
33870425
33870426
33870427
33870428
33870429
33870430
33870431
33870432
33870433
33870434
33870435
33870436
33870437
33870438
33870439
33870440
33870441
33870442
33870443
33870444
33870445
33870446
33870447
33870448
33870449
33870450
33870451
33870452
33870453
33870454
33870455
33870456
33870457
33870458
33870459
33870460
33870461
33870462
33870463
33870464
33870465
33870466
33870467
33870468
33870469
33870470
33870471
33870472
33870473
33870474
33870475
33870476
33870477
33870478
33870479
33870480
33870481
33870482
33870483
33870484
33870485
33870486
33870487
33870488
33870489
33870490
33870491
33870492
33870493
33870494
33870495
33870496
33870497
33870498
33870499
33870500
33870501
33870502
33870503
33870504
33870505
33870506
33870507
33870508
33870509
33870510
33870511
33870512
33870513
33870514
33870515
33870516
33870517
33870518
33870519
33870520
33870521
33870522
33870523
33870524
33870525
33870526
33870527
33870528
33870529
33870530
33870531
33870532
33870533
33870534
33870535
33870536
33870537
33870538
33870539
33870540
33870541
33870542
33870543
33870544
33870545
33870546
33870547
33870548
33870549
33870550
33870551
33870552
33870553
33870554
33870555
33870556
33870557
33870558
33870559
33870560
33870561
33870562
33870563
33870564
33870565
33870566
33870567
33870568
33870569
33870570
33870571
33870572
33870573
33870574
33870575
33870576
33870577
33870578
33870579
33870580
33870581
33870582
33870583
33870584
33870585
33870586
33870587
33870588
33870589
33870590
33870591
33870592
33870593
33870594
33870595
34012650
34012651
34012652
34012653
34012654
34012655
34012656
34012657
34012658
34012659
34012660
34012661
34012662
34012663
34012664
34012665
34012666
34003499
34003500
34003501
34003502
34003503
34003504
34003505
34003506
34003507
34003508
34003509
34003510
34003511
34003512
34003513
34003514
34003515
34003516
34003517
34003518
34003519
34003520
34003521
34003522
34003523
34003524
34003525
34003526
34003527
34003528
34003529
34003530
34003531
34003532
34003533
34003534
34003535
34003536
34003537
34003538
34003539
34003540
34003541
34003542
34003543
34003544
34003545
34003546
34003547
34003548
34003549
34003550
34003551
34003552
34003553
34003554
34003555
34003556
34003557
34003558
34003559
34003560
34003561
34003562
34003563
34003564
34003565
34003566
34003567
34003568
34003569
34003570
34003571
34003572
34003573
34003574
34003575
34003576
34003577
34003578
34003579
34003580
34003581
34003582
34003583
34003584
34003585
34003586
34003587
34003588
34003589
34003590
34003591
34003592
34003593
34003594
34003595
34003596
34003597
34003598
34003599
34003600
34003601
34003602
34003603
34003604
34003605
34003606
34003607
34003608
34003609
34003610
34003611
34003612
34003613
34003614
34003615
34003616
34003617
34003618
34003619
34003620
34003621
34003622
34003623
34003624
34003625
34003626
34003627
34003628
34003629
34003630
34003631
34003632
34003633
34003634
34003635
34003636
34003637
34003638
34003639
34003640
34003641
34003642
34003643
34003644
34003645
34003646
34003647
34003648
34003649
34003650
34003651
34003652
34003653
34003654
34003655
34003656
34003657
34003658
34003659
34003660
34003661
34003662
34003663
34003664
34003665
34003666
34003667
34003668
34003669
34003670
34003671
34003672
34003673
34003674
34003675
34003676
34003677
34003678
34003679
34003680
34003681
34003682
34001934
34001935
34001936
34001937
34001938
34001939
34001940
34001941
34001942
34001943
34001944
34001945
34001946
34001947
34001948
34001949
34001950
34001951
34001952
34001953
34001954
34001955
34001956
34001957
34001958
34001959
34001960
34001961
34001962
34001963
34001964
34001965
34001966
34001967
34001968
34001969
34001970
34001971
34001972
34001973
34001974
34001975
34001976
34001977
34001978
34001979
34001980
34001981
34001982
34001983
34001984
34001985
34001986
34001987
34001988
34001989
34001990
34001991
34001992
34001993
34001994
34001995
34001996
34001997
34001998
34001999
34002000
34002001
34002002
34002003
34002004
34002005
34002006
34002007
34002008
34002009
34002010
34002011
34002012
34002013
34002014
34002015
34002016
34002017
34002018
34002019
34002020
34002021
34002022
34002023
34002024
34002025
34002026
34002027
34002028
34002029
34002030
34002031
34002032
34002033
34002034
34002035
34002036
34002037
34002038
34002039
34002040
34002041
34002042
34002043
34002044
34002045
34002046
34002047
34002048
34002049
34002050
34002051
34002052
34002053
34002054
34002055
34002056
34002057
34002058
34002059
34002060
34002061
33991844
33991845
33991846
33991847
33991848
33991849
33991850
33991851
33991852
33991853
33991854
33991855
33991856
33991857
33991858
33991859
33991860
33991861
33991862
33991863
33991864
33991865
33991866
33991867
33991868
33991869
33991870
33991871
33991872
33991873
33991874
33991875
33991876
33991877
33991878
33991879
33991880
33991881
33991882
33991883
33991884
33991885
33991886
33991887
33991888
33991889
33991890
33991891
33991892
33991893
33991894
33991895
33991896
33991897
33991898
33991899
33991900
33991901
33991902
33991903
33991904
33991905
33991906
33991907
33984196
33984197
33984198
33984199
33984200
33984201
33984202
33984203
33984204
33984205
33984206
33984207
33984208
33984209
33984210
33984211
33984212
33984213
33984214
33984215
33984216
33984217
33984218
33984219
33984220
33984221
33984222
33984223
33984224
33984225
33984226
33984227
33984228
33984229
33984230
33984231
33984232
33984233
33984234
33984235
33984236
33984237
33984238
33984239
33984240
33984241
33984242
33984243
33980902
33980903
33980904
33980905
33980906
33980907
33980908
33980909
33980910
33980911
33980912
33980913
33980914
33980915
33980916
33980917
33980918
33980919
33980920
33980921
33980922
33980923
33980924
33980925
33980926
33980927
33980928
33980929
33980930
33980931
33980932
33980933
33980934
33980935
33980936
33980937
33980938
33980939
33980940
33980941
33980942
33980943
33980944
33980945
33980946
33980947
33980948
33980949
33980950
33980951
33980952
33980953
33980954
33980955
33980956
33980957
33980958
33980959
33980960
33980961
33980962
33980963
33968952
33968953
33968954
33968955
33968956
33968957
33968958
33968959
33968960
33968961
33968962
33968963
33968964
33968965
33968966
33968967
33968968
33968969
33968970
33968971
33968972
33968973
33968974
33968975
33968976
33968977
33968978
33968979
33968980
33968981
33968982
33968983
33968984
33968985
33968986
33968987
33968988
33968989
33968990
33968991
33968992
33968993
33968994
33968995
33968996
33954893
33954894
33954895
33954896
33954897
33954898
33954899
33954900
33954901
33954902
33954903
33954904
33954905
33954906
33954907
33954908
33954909
33954910
33954911
33954912
33954913
33954914
33954915
33954916
33954917
33954918
33954919
33954920
33954921
33954922
33954923
33954924
33954925
33954926
33954927
33954928
33954929
33954930
33954931
33954932
33954933
33954934
33954935
33954936
33954937
33954938
33954939
33954940
33954941
33954942
33954943
33954944
33954945
33954946
33954947
33954948
33954949
33954950
33954951
33954952
33954953
33954954
33954955
33954956
33954957
33954958
33954959
33954960
33954961
33954962
33954963
33954964
33954965
33954966
33954967
33954968
33953901
33953902
33953903
33953904
33953905
33953906
33953907
33953908
33953909
33953910
33953911
33953912
33953913
33953914
33953915
33953916
33953917
33953918
33953919
33953920
33953921
33953922
33953923
33953924
33953925
33953926
33953927
33953928
33953929
33953930
33953931
33953932
33953933
33953934
33953935
33953936
33953937
33953938
33953939
33953940
33953941
33953942
33953943
33953944
33953945
33953946
33953947
33904481
33904482
33904483
33904484
33904485
33904486
33904487
33904488
33904489
33904490
33904491
33904492
33904493
33904494
33904495
33904496
33904497
33904498
33904499
33904500
33904501
33904502
33904503
33904504
33904505
33904506
33904507
33904508
33904509
33904510
33904511
33904512
33904513
33904514
33904515
33904516
33904517
33904518
33904519
33904520
33904521
33904522
33904523
33904524
33904525
33904526
33904527
33904528
33904529
33904530
33904531
33904532
33904533
33904534
33904535
33904536
33904537
33904538
33904539
33904540
33904541
33904542
33904543
33904544
33904545
33904546
33904547
33904548
33904549
33902578
33902579
33902580
33902581
33902582
33902583
33902584
33902585
33902586
33902587
33902588
33902589
33902590
33902591
33902592
33902593
33902594
33902595
33902596
33902597
33902598
33902599
33902600
33902601
33902602
33902603
33902604
33902605
33902606
33902607
33902608
33902609
33902610
33902611
33902612
33902613
33902614
33902615
33902616
33902617
33902618
33902619
33902620
33902621
33902622
33902623
33902624
33902625
33902626
33902627
33902628
33902629
33902630
33902631
33902632
33902633
33902634
33902635
33902636
33902637
33902638
33902639
33902640
33902641
33902642
33902643
33902644
33902645
33902646
33902647
33902648
33902649
33902650
33902651
33902652
33902653
33902654
33902655
33892627
33892628
33892629
33892630
33892631
33892632
33892633
33892634
33892635
33892636
33892637
33892638
33892639
33892640
33892641
33892642
33892643
33892644
33892645
33892646
33892647
33892648
33892649
33892650
33892651
33892652
33892653
33892654
33892655
33892656
33892657
33892658
33892659
33892660
33892661
33892662
33892663
33892664
33892665
33892666
33892667
33892668
33892669
33892670
33892671
33892672
33892673
33892674
33892675
33892676
33892677
33892678
33892679
33892680
33892681
33892682
33892683
33892684
33892685
33892686
33892687
33892688
33892689
33892690
33892691
33892692
33892693
33892694
33892695
33892696
33892697
33892698
33892699
33892700
33892701
33892702
33892703
33892704
33892705
33892706
33892707
33892708
33892709
33892710
33892711
33892712
33892713
33892714
33892715
33892716
33892717
33892718
33892719
33892720
33892721
33892722
33892723
33892724
33892725
33892726
33892727
33892728
33892729
33892730
33892731
33892732
33892733
33892734
33892735
33892736
33892737
33892738
33892739
33892740
33892741
33892742
33892743
33892744
33892745
33892746
33892747
33892748
33892749
33892750
33892751
33892752
33892753
33892754
33892755
33892756
33892757
33892758
33892759
33892760
33892761
33892762
33892763
33892764
33892765
33892766
33892767
33892768
33892769
33892770
33892771
33892772
33892773
33892774
33892775
33882201
33882202
33882203
33882204
33882205
33882206
33882207
33882208
33882209
33882210
33882211
33882212
33882213
33882214
33882215
33882216
33882217
33882218
33882219
33882220
33882221
33882222
33882223
33882224
33882225
33882226
33882227
33882228
33882229
33882230
33882231
33882232
33882233
33882234
33882235
33882236
33882237
33882238
33882239
33882240
33882241
33882242
33882243
33882244
33882245
33882246
33882247
33882248
33882249
33882250
33882251
33882252
33882253
33882254
33882255
33882256
33882257
33882258
33882259
33882260
33882261
33882262
33882263
33882264
33882265
33882266
33882267
33882268
33882269
33882270
33882271
33882272
33882273
33882274
33882275
33882276
33882277
33882278
33882279
33882280
33882281
33882282
33882283
33882284
33882285
33882286
33882287
33882288
33882289
33882290
33882291
33882292
33882293
33882294
33882295
33882296
33882297
33882298
33882299
33882300
33882301
33882302
33882303
33882304
33882305
33882306
33882307
33882308
33882309
33882310
33882311
33882312
33882313
33882314
33882315
33882316
33882317
33882318
33882319
33882320
33882321
33882322
33882323
33882324
33882325
33882326
33882327
33882328
33882329
33882330
33882331
33882332
33882333
33882334
33882335
33882336
33882337
33882338
33882339
33882340
33882341
33882342
33882343
33882344
33882345
33882346
33882347
33882348
33882349
33882350
33882351
33882352
33882353
33882354
33882355
33882356
33882357
33882358
33882359
33882360
33882361
33882362
33882363
33882364
33882365
33882366
33882367
33882368
33882369
33882370
33882371
33882372
33882373
33882374
33882375
33882376
33882377
33882378
33882379
33882380
33882381
33882382
33882383
33882384
33882385
33878796
33878797
33878798
33878799
33878800
33878801
33878802
33878803
33878804
33878805
33878806
33878807
33878808
33878809
33878810
33878811
33878812
33878813
33878814
33878815
33878816
33878817
33878818
33878819
33878820
33878821
33878822
33878823
33878824
33878825
33878826
33878827
33878828
33878829
33878830
33878831
33878832
33878833
33878834
33878835
33878836
33878837
33878838
33878839
33878840
33878841
33878842
33878843
33878844
33878845
33878846
33878847
33878848
33878849
33878850
33878851
33878852
33878853
33878854
33878855
33878856
33878857
33878858
33878859
33878860
33878861
33878862
33878863
33878864
33878865
33878866
33878867
33878868
33878869
33878870
33878871
33878872
33878873
33878874
33878875
33878876
33878877
33878878
33878879
33878880
33878881
33878882
33878883
33878884
33878885
33878886
33878887
33878888
33878889
33878890
33878891
33878892
33878893
33878894
33878895
33878896
33878897
33878898
33878899
33878900
33878901
33878902
33878903
33878904
33878905
33878906
33878907
33878908
33878909
33878910
33878911
33878912
33878913
33878914
33878915
33878916
33878917
33878918
33878919
33878920
33878921
33878922
33878923
33878924
33878925
33878926
33878927
33878928
33878929
33878930
33878931
33878932
33878933
33878934
33878935
33878936
33878937
33878938
33878939
33878940
33878941
33878942
33878943
33878944
33878945
33878946
33878947
33878948
33878949
33878950
33878951
33878952
33878953
33878954
33878955
33878956
33878957
33878958
33878959
33878960
33878961
33878962
33878963
33878964
33878965
33878966
33878967
33878968
33878969
33878970
33878971
33878972
33878973
33878974
33878975
33878976
33878977
33878978
33878979
33878980
33878981
33878982
33878983
33878984
33878985
33878986
33878987
33878253
33878254
33878255
33878256
33878257
33878258
33878259
33878260
33878261
33878262
33878263
33878264
33878265
33878266
33878267
33878268
33878269
33878270
33878271
33878272
33878273
33878274
33878275
33878276
33878277
33878278
33878279
33878280
33878281
33878282
33878283
33878284
33878285
33878286
33878287
33878288
33878289
33878290
33878291
33878292
33878293
33878294
33878295
33878296
33878297
33878298
33878299
33878300
33878301
33878302
33878303
33878304
33878305
33878306
33878307
33878308
33878309
33878310
33878311
33878312
33878313
33878314
33878315
33878316
33878317
33878318
33878319
33878320
33878321
33878322
33878323
33878324
33878325
33878326
33878327
33878328
33878329
33878330
33878331
33878332
33878333
33878334
33878335
33878336
33878337
33878338
33878339
33878340
33878341
33878342
33878343
33878344
33878345
33878346
33878347
33878348
33878349
33878350
33878351
33878352
33878353
33878354
33878355
33878356
33878357
33878358
33878359
33878360
33878361
33878362
33878363
33878364
33878365
33878366
33878367
33878368
33878369
33878370
33878371
33878372
33878373
33878374
33878375
33878376
33878377
33878378
33878379
33878380
33878381
33878382
33878383
33878384
33878385
33878386
33878387
34180168
34180169
34180170
34180171
34180172
34180173
34180174
34180175
34180176
34180177
34180178
34180179
34180180
34180181
34180182
34180183
34180184
34180185
34180186
34180187
34180188
34180189
34180190
34180191
34180192
34180193
34180194
34180195
34180196
34180197
34180198
34180199
34180200
34180201
34180202
34180203
34180204
34180205
34180206
34180207
34180208
34180209
34180210
34180211
34180212
34180213
34180214
34180215
34180216
34180217
34180218
34180219
34180220
34180221
34180222
34180223
34180224
34180225
34180226
34180227
34180228
34180229
34180230
34180231
34180232
34180233
34180234
34180235
34180236
34180237
34180238
34180239
34180240
34180241
34180242
34180243
34180244
34180245
34180246
34180247
34180248
34180249
34180250
34180251
34180252
34180253
34180254
34180255
34180256
34180257
34180258
34180259
34180260
34180261
34180262
34180263
34180264
34180265
34180266
34180267
34180268
34180269
34180270
34180271
34180272
34180273
34180274
34180275
34180276
34180277
34180278
34180279
34180280
34180281
34180282
34180283
34180284
34180285
34180286
34180287
34180288
34180289
34180290
34180291
34180292
34180293
34180294
34180295
34180296
34180297
34262318
34262319
34262320
34262321
34262322
34262323
34262324
34262325
34262326
34262327
34262328
34262329
34262330
34262331
34262332
34262333
34262334
34262335
34262336
34262337
34262338
34262339
34262340
34262341
34262342
34262343
34262344
34262345
34262346
34262347
34262348
34262349
34262350
34262351
34262352
34262353
34262354
34262355
34262862
34262863
34262864
34262865
34262866
34262867
34262868
34262869
34262870
34262871
34262872
34262873
34262874
34262875
34262876
34262877
34262878
34262879
34262880
34262881
34262882
34262883
34262884
34262885
34262886
34262887
34262888
34262889
34262890
34262891
34262892
34262893
34262894
34262895
34262896
34262897
34262898
34262899
34262900
34262901
34262902
34262903
34262904
34262905
34262906
34262907
34262908
34262909
34262910
34262911
34262912
34262913
34262914
34262915
34262916
34262917
34262918
34262919
34262920
34262921
34262922
34262923
34262924
34262925
34262926
34262927
34262928
34262929
34262930
34262931
34262932
34262933
34262934
34262935
34262936
34262937
34262938
34262939
34262940
34262941
34262942
34262943
34262944
34262945
34262946
34262947
34262948
34262949
34262950
34262951
34262952
34262953
34262954
34262955
34262956
34262957
34262958
34262959
34262960
34262961
34262962
34262963
34262964
34262965
34262966
34262967
34262968
34262969
34262970
34262971
34262972
34262973
34262974
34262975
34262976
34262977
34262978
34262979
34262980
34262981
34262982
34262983
34262984
34262985
34262986
34262987
34262988
34262989
34262990
34262991
34262992
34262993
34262994
34262995
34262996
34262997
34262998
34262999
34263000
34263001
34263002
34263003
34263004
34263005
34263006
34263007
34263008
34263009
34263010
34263011
34263012
34263013
34263014
34263015
34263016
34263017
34263018
34263019
34263020
34263021
34263022
34263023
34263024
34263025
34263026
34263027
34263028
34263029
34263030
34263031
34263032
34263033
34263034
34263035
34263036
34263037
34263038
34263039
34263040
34263041
34263042
34263043
34263044
34263045
34263046
34263047
34263048
34263049
34263050
34263051
34263052
34263053
34263054
34263055
34263056
34263057
34263058
34263059
34263060
34263061
34263062
34263063
34263064
34263065
34263066
34263067
34263068
34263069
34263070
34263071
34263072
34263073
34263074
34263075
34263076
34263077
34263078
34263079
34263080
34263081
34263082
34263083
34263084
34263085
34263086
34263087
34263088
34263089
34263090
34263091
34263092
34263093
34263094
34263095
34263096
34263097
34263098
34263099
34263100
34263101
34263102
34263103
34263104
34263105
34263106
34263107
34263108
34263109
34263110
34263111
34263112
34263113
34263114
34263115
34263116
34263117
34263118
34263119
34263120
34263121
34263122
34263123
34263124
34263125
34263126
34263127
34263128
34263129
34263130
34263131
34263132
34263133
34263134
34263135
34263136
34263137
34263138
34263139
34263140
34263141
34263142
34263143
34263144
34263145
34263146
34263147
34263148
34263149
34263150
34263151
34263152
34263153
34263154
34263155
34263156
34263157
34263158
34263159
34263160
34263161
34263162
34263163
34263164
34263165
34263166
34263167
34263168
34263169
34263170
34263171
34263172
34263173
34263174
34263175
34263176
34263177
34263178
34263179
34263180
34263181
34263182
34263183
34263184
34263185
34263186
34263187
34263188
34263189
34263190
34263191
34263192
34263193
34263194
34263195
34263196
34263197
34263198
34263199
34263200
34263201
34263202
34263203
34263204
34263205
34263206
34263207
34263208
34263209
34263210
34263211
34263212
34263213
34263214
34263215
34263216
34263217
34263218
34263219
34263220
34263221
34263222
34263223
34263224
34263225
34263226
34263227
34263228
34263229
34263230
34263231
34263232
34263233
34263234
34263235
34263236
34263237
34263238
34263239
34263240
34263241
34263242
34263243
34263244
34263245
34263246
34263247
34263248
34263249
34263250
34263251
34263252
34263253
34263254
34263255
34263256
34263257
34263258
34263259
34263260
34263261
34263262
34263263
34263264
34263265
34263266
34263267
34263268
34263269
34263270
34263271
34263272
34263273
34263274
34263275
34263276
34263277
34263278
34263279
34263280
34263281
34263282
34263283
34263284
34263285
34263286
34263287
34263288
34263289
34263290
34263291
34263292
34263293
34263294
34263295
34263296
34263297
34263298
34263299
34263300
34263301
34263302
34263303
34263304
34263305
34263306
34263307
34263308
34263309
34263310
34263311
34263312
34263313
34263314
34263315
34263316
34263317
34263318
34263319
34263320
34263321
34263322
34263323
34263324
34263325
34263326
34263327
34263328
34263329
34263330
34263331
34263332
34263333
34263334
34263335
34263336
34263337
34263338
34263339
34263340
34263341
34263342
34263343
34263344
34263345
34263346
34263347
34263348
34263349
34263350
34263351
34263352
34263353
34263354
34263355
34263356
34263357
34263358
34263359
34263360
34263361
34263362
34263363
34263364
34263365
34263366
34263367
34263368
34263369
34263370
34263371
34263372
34263373
34263374
34263375
34263376
34263377
34263378
34263379
34263380
34263381
34263382
34263383
34263384
34263385
34263386
34263387
34263388
34263389
34263390
34263391
34263392
34263393
34263394
34263395
34263396
34263397
34263398
34263399
34263400
34263401
34263402
34263403
34263404
34263405
34263406
34263407
34263408
34263409
34263410
34263411
34263412
34263413
34263414
34263415
34263416
34263417
34263418
34263419
34263420
34263421
34263422
34263423
34263424
34263425
34263426
34263427
34263428
34263429
34263430
34263431
34263432
34263433
34263434
34263435
34263436
34263437
34263438
34263439
34263440
34263441
34263442
34263443
34263444
34263445
34263446
34263447
34263448
34263449
34263450
34263451
34263452
34263453
34263454
34263455
34263456
34263457
34263458
34263459
34263460
34263461
34263462
34263463
34263464
34263465
34263466
34263467
34263468
34263469
34263470
34263471
34263472
34263473
34263474
34263475
34263476
34263477
34263478
34263479
34263480
34263481
34263482
34263483
34263484
34263485
34263486
34263487
34263488
34263489
34263490
34263491
34263492
34263493
34263494
34263495
34263496
34263497
34263498
34263499
34263500
34263501
34263502
34263503
34263504
34263505
34263506
34263507
34263508
34263509
34263510
34263511
34263512
34263513
34263514
34263515
34263516
34263517
34263518
34263519
34263520
34263521
34263522
34263523
34263524
34263525
34263526
34263527
34263528
34263529
34263530
34263531
34263532
34263533
34263534
34263535
34263536
34263537
34263538
34263539
34263540
34263541
34263542
34263543
34263544
34263545
34263546
34263547
34263548
34263549
34263550
34263551
34263552
34263553
34263554
34263555
34263556
34263557
34263558
34263559
34263560
34263561
34263562
34263563
34263564
34263565
34263566
34263567
34263568
34263569
34263570
34263571
34263572
34263573
34263574
34263575
34263576
34263577
34263578
34263579
34263580
34263581
34263582
34263583
34263584
34263585
34263586
34263587
34263588
34263589
34263590
34263591
34263592
34263593
34263594
34263595
34263596
34263597
34263598
34263599
34263600
34263601
34263602
34263603
34263604
34263605
34263606
34263607
34263608
34263609
34263610
34263611
34263612
34263613
34263614
34263615
34263616
34263617
34263618
34263619
34263620
34263621
34263622
34263623
34263624
34263625
34263626
34263627
34263628
34263629
34263630
34263631
34263632
34263633
34263634
34263635
34263636
34263637
34263638
34263639
34263640
34263641
34263642
34263643
34263644
34263645
34263646
34263647
34263648
34263649
34263650
34263651
34263652
34263653
34263654
34263655
34263656
34263657
34263658
34263659
34263660
34263661
34263662
34263663
34263664
34263665
34263666
34263667
34263668
34263669
34263670
34263671
34263672
34263673
34263674
34263675
34263676
34263677
34263678
34263679
34263680
34263681
34263682
34263683
34263684
34263685
34263686
34263687
34263688
34263689
34263690
34263691
34263692
34263693
34263694
34263695
34263696
34263697
34263698
34263699
34263700
34263701
34263702
34263703
34263704
34263705
34263706
34263707
34263708
34263709
34263710
34263711
34263712
34263713
34263714
34263715
34263716
34263717
34263718
34263719
34263720
34263721
34263722
34263723
34263724
34263725
34263726
34263727
34263728
34263729
34263730
34263731
34263732
34263733
34263734
34263735
34263736
34263737
34263738
34263739
34263740
34263741
34263742
34263743
34263744
34263745
34263746
34263747
34263748
34263749
34263750
34263751
34263752
34263753
34263754
34263755
34263756
34263757
34263758
34263759
34263760
34263761
34263762
34263763
34263764
34263765
34263766
34263767
34263768
34263769
34263770
34263771
34263772
34263773
34263774
34263775
34263776
34263777
34263778
34263779
34263780
34263781
34263782
34263783
34263784
34263785
34263786
34263787
34263788
34263789
34263790
34263791
34263792
34263793
34263794
34263795
34263796
34263797
34263798
34263799
34263800
34263801
34263802
34263803
34263804
34263805
34263806
34263807
34263808
34263809
34263810
34263811
34263812
34263813
34263814
34263815
34263816
34263817
34263818
34263819
34263820
34263821
34263822
34263823
34263824
34263825
34263826
34263827
34263828
34263829
34263830
34263831
34263832
34263833
34263834
34263835
34263836
34263837
34263838
34263839
34263840
34263841
34263842
34263843
34263844
34263845
34263846
34263847
34263848
34263849
34263850
34263851
34263852
34263853
34263854
34263855
34263856
34263857
34263858
34263859
34263860
34263861
34263862
34263863
34263864
34263865
34263866
34263867
34263868
34263869
34263870
34263871
34263872
34263873
34263874
34263875
34263876
34263877
34263878
34263879
34263880
34263881
34263882
34263883
34263884
34263885
34263886
34263887
34263888
34263889
34263890
34263891
34263892
34263893
34263894
34263895
34263896
34263897
34263898
34263899
34263900
34263901
34263902
34263903
34263904
34263905
34263906
34263907
34263908
34263909
34263910
34263911
34263912
34263913
34263914
34263915
34263916
34263917
34263918
34263919
34263920
34263921
34263922
34263923
34263924
34263925
34263926
34263927
34263928
34263929
34263930
34263931
34263932
34263933
34263934
34263935
34263936
34263937
34263938
34263939
34263940
34263941
34263942
34263943
34263944
34263945
34263946
34263947
34263948
34263949
34263950
34263951
34263952
34263953
34263954
34263955
34263956
34263957
34263958
34263959
34263960
34263961
34263962
34263963
34263964
34263965
