29703812
29703813
29703814
29703815
29703816
29703817
29703818
29703819
29703820
29703821
29703822
29703823
29703824
29703825
29703826
29703827
29703828
29703829
29703830
29703831
29703832
29703833
29703834
29703835
29703836
29703837
29703838
29703839
29703840
29703841
29703842
29703843
29703844
29703845
29703846
29703847
29703848
29703849
29703850
29703851
29703852
29703853
29703854
29703855
29703856
29703857
29703858
29703859
29703860
29703861
29703862
29703863
29703864
29703865
29703866
29703867
29703868
29703869
29703870
29703871
29703872
29703873
29703874
29703875
29703876
29703877
29703878
29703879
29703880
29703881
29703882
29703883
29703884
29703885
29703886
29703887
29703888
29703889
29703890
29703891
29703892
29703893
29703894
29703895
29703896
29703897
29703898
29703899
29703900
29703901
29703902
29703903
29703904
29703905
29703906
29703907
29703908
29703909
29703910
29703911
29703912
29703913
29703914
29703915
29703916
29703917
29703918
29703919
29703920
29703921
29703922
29703923
29703924
29703925
29703926
29703927
29703928
29703929
29703930
29703931
29703932
29703933
29703934
29703935
29703936
29703937
29703938
29703939
29703940
29703941
29703942
29703943
29703944
29703945
29703946
29703947
29703948
29703949
29703950
29703951
29703952
29703953
29703954
29703955
29703956
29703957
29703958
29703959
29703960
29703961
29703962
29703963
29703964
29703965
29703966
29703967
29703968
29703969
29703970
29703971
29703972
29703973
29703974
29703975
29703976
29703977
29703978
29703979
29703980
29703981
29703982
29703983
29703984
29703985
29703986
29703987
29703988
29703989
29703990
29703991
29703992
29703993
29703994
29703995
29703996
29703997
29703998
29703999
29704000
29704001
29704002
29704003
29704004
29704005
29704006
29704007
29704008
29704009
29704010
29704011
29704012
29704013
29704014
29704015
29704016
29704017
29704018
29704019
29704020
29704021
29704022
29704023
29704024
29704025
29698458
29698459
29698460
29698461
29698462
29698463
29698464
29698465
29698466
29698467
29698468
29698469
29698470
29698471
29698472
29698473
29698474
29698475
29698476
29698477
29698478
29698479
29698480
29698481
29698482
29698483
29698484
29698485
29698486
29698487
29698488
29698489
29698490
29698491
29698492
29698493
29698494
29698495
29698496
29698497
29698498
29698499
29698500
29698501
29698502
29698503
29698504
29698505
29698506
29698507
29698508
29698509
29698510
29698511
29698512
29698513
29698514
29698515
29698516
29698517
29698518
29698519
29698520
29698521
29698522
29698523
29698524
29698525
29698526
29698527
29698528
29698529
29698530
29698531
29698532
29698533
29698534
29698535
29698536
29698537
29698538
29698539
29698540
29698541
29698542
29698543
29698544
29698545
29698546
29698547
29698548
29698549
29698550
29698551
29698552
29698553
29698554
29698555
29698556
29698557
29698558
29698559
29698560
29698561
29698562
29698563
29698564
29698565
29698566
29698567
29698568
29698569
29698570
29698571
29698572
29698573
29698574
29698575
29698576
29698577
29698578
29698579
29698580
29698581
29698582
29698583
29698584
29698585
29698586
29698587
29698588
29698589
29698590
29698591
29698592
29698593
29698594
29698595
29698596
29698597
29698598
29698599
29698600
29698601
29698602
29698603
29698604
29698605
29698606
29698607
29698608
29698609
29698610
29698611
29698612
29698613
29698614
29698615
29698616
29698617
29698618
29698619
29698620
29698621
29698622
29698623
29698624
29698625
29698626
29698627
29698628
29698629
29698630
29698631
29698632
29698633
29698634
29698635
29698636
29698637
29698638
29698639
29698640
29698641
29698642
29698643
29698644
29698645
29698646
29698647
29698648
29698649
29698650
29698651
29698652
29698653
29698654
29698655
29698656
29698657
29698658
29698659
29698660
29698661
29698662
29698663
29698664
29698665
29698666
29698667
29698668
29698669
29698670
29698671
29698672
29698673
29698674
29698675
29698676
29698677
29698678
29698679
29698680
29698681
29698682
29698683
29698684
29698685
29698686
29698687
29698688
29698689
29698690
29698691
29698692
29698693
29698694
29698695
29698696
29698697
29698698
29698699
29698700
29698701
29698702
29698703
29698704
29698705
29698706
29698707
29698708
29698709
29698710
29698711
29698712
29698713
29698714
29698715
29698716
29698717
29698718
29698719
29698720
29698721
29698722
29698723
29698724
29698725
29698726
29698727
29698728
29698729
29698730
29698731
29698732
29698733
29698734
29698735
29698736
29698737
29698738
29698739
29698740
29698741
29698742
29698743
29698744
29698745
29698746
29698747
29698748
29698749
29698750
29698751
29698752
29698753
29698754
29698755
29698756
29698757
29698758
29698759
29698760
29698761
29698762
29698763
29698764
29698765
29698766
29698767
29698768
29698769
29698770
29698771
29698772
29698773
29698774
29698775
29698776
29698777
29698778
29698779
29698780
29698781
29698782
29698783
29698784
29698785
29698786
29698787
29698788
29698789
29698790
29698791
29698792
29698793
29698794
29698795
29698796
29698797
29698798
29698799
29698800
29698801
29698802
29698803
29698804
29698805
29698806
29698807
29698808
29698809
29698810
29698811
29698812
29698813
29698814
29698815
29698816
29698817
29698818
29698819
29698820
29698821
29698822
29698823
29698824
29698825
29698826
29698827
29698828
29698829
29698830
29698831
29698832
29698833
29698834
29698835
29698836
29698837
29698838
29698839
29698840
29698841
29698842
29698843
29698844
29698845
29698846
29698847
29698848
29698849
29698850
29698851
29698852
29698853
29698854
29698855
29698856
29698857
29698858
29698859
29698860
29698861
29698862
29698863
29698864
29698865
29698866
29698867
29698868
29698869
29698870
29698871
29698872
29698873
29698874
29698875
29698876
29698877
29698878
29698879
29698880
29698881
29698882
29698883
29698884
29698885
29698886
29698887
29698888
29698889
29698890
29698891
29698892
29698893
29698894
29698895
29698896
29698897
29698898
29698899
29698900
29698901
29698902
29698903
29698904
29698905
29698906
29698907
29698908
29698909
29698910
29698911
29698912
29698913
29698914
29698915
29698916
29698917
29698918
29698919
29698920
29698921
29698922
29698923
29698924
29698925
29698926
29698927
29698928
29698929
29698930
29698931
29698932
29698933
29698934
29698935
29698936
29698937
29698938
29698939
29698940
29698941
29698942
29698943
29698944
29698945
29698946
29698947
29698948
29698949
29698950
29698951
29698952
29698953
29698954
29698955
29698956
29698957
29698958
29698959
29698960
29698961
29698962
29698963
29698964
29698965
29698966
29698967
29698968
29698969
29698970
29698971
29698972
29698973
29698974
29698975
29698976
29698977
29698978
29698979
29698980
29698981
29698982
29698983
29698984
29698985
29698986
29698987
29698988
29698989
29698990
29698991
29698992
29698993
29698994
29698995
29698996
29698997
29698998
29698999
29699000
29699001
29699002
29699003
29699004
29699005
29699006
29699007
29699008
29699009
29699010
29699011
29699012
29699013
29699014
29699015
29699016
29699017
29699018
29699019
29699020
29699021
29699022
29699023
29699024
29699025
29699026
29699027
29699028
29699029
29699030
29699031
29699032
29699033
29699034
29699035
29699036
29699037
29699038
29699039
29699040
29699041
29699042
29699043
29699044
29699045
29699046
29699047
29699048
29699049
29699050
29699051
29699052
29699053
29699054
29699055
29699056
29699057
29699058
29699059
29699060
29699061
29699062
29699063
29699064
29699065
30017491
30017492
30017493
30017494
30017495
30017496
30017497
30017498
30017499
30017500
30017501
30017502
30017503
30017504
30017505
30017506
30017507
30017508
30017509
30017510
30017511
30017512
30017513
30017514
30017515
30017516
30017517
30017518
30017519
30017520
30017521
30017522
30017523
30017524
30017525
30017526
30017527
30017528
30017529
30017530
30017531
30017532
30017533
30017534
30017535
30017536
30017537
30017538
30017539
30017540
30017541
30017542
30017543
30017544
30017545
30017546
30017547
30017548
30017549
30017550
30017551
30017552
30017553
30017554
30017555
30017556
30017557
30017558
30017559
30017560
30017561
30017562
30017563
30017564
30017565
30017566
30017567
30017568
30017569
30017570
30017571
30017572
30018118
30018119
30018120
30018121
30018122
30018123
30018124
30018125
30018126
30018127
30018128
30018129
30018130
30018131
30018132
30018133
30018134
30018135
30018136
30018137
30018138
30018139
30018140
30018141
30018142
30018143
30018144
30018145
30018146
30018147
30018148
30018149
30018150
30018151
30018152
30018153
30018154
30018155
30018156
30018157
30018158
30018159
30018160
30018161
30018162
30018163
30018164
30018165
30018166
30018167
30018168
30018169
30018170
30018171
30018172
30018173
30018174
30018175
30018176
30018177
30018178
30018179
30018180
30018181
30018182
30018183
30018184
30018185
30018186
30018187
30018188
30018189
30018190
30018191
30018192
30018193
30018194
30018195
30018196
30018197
30018198
30018199
30018200
30018201
30018202
30018203
30018204
30018205
30018206
30018207
30018208
30018209
30018210
30018211
30018212
30018213
30018214
30018215
30018216
30018217
30018218
30018219
30018220
30018221
30018222
30018223
30018224
30018225
30018226
30018227
30018228
30018229
30018230
30018231
30018232
30018233
30018234
30018235
30018236
30018237
30018238
30018239
30018240
30018241
30018242
30018243
30018244
30018245
30018246
30018247
30018248
30018249
30018250
30018251
30018252
30018253
30018254
30018255
30018256
30018257
30018258
30018259
30018260
30018261
30018262
30018263
30018264
30018265
30018266
30018267
30018268
30018269
30018270
30018271
30018272
30018273
30018274
30018275
30018276
30018277
30018278
30018279
30018280
30018281
30018282
30018283
30018284
30018285
30018286
30018287
30018288
30018289
30018290
30018291
30018292
30018293
30018294
30018295
30018296
30018297
30018298
30018299
30018300
30018301
30018302
30019340
30019341
30019342
30019343
30019344
30019345
30019346
30019347
30019348
30019349
30019350
30019351
30019352
30019353
30019354
30019355
30019356
30019357
30019358
30019359
30019360
30019361
30019362
30019363
30019364
30019365
30019366
30019367
30019368
30019369
30020726
30020727
30020728
30020729
30020730
30020731
30020732
30020733
30020734
30020735
30020736
30020737
30020738
30020739
30020740
30020741
30020742
30020743
30020744
30020745
30020746
30020747
30020748
30020749
30020750
30020751
30020752
30020753
30020754
30020755
30020756
30020757
30020758
30020759
30020760
30020761
30020762
30020763
30020764
30020765
30020766
30020767
30020768
30020769
30020770
30020771
30020772
30020773
30020774
30020775
30020776
30020777
30020778
30020779
30020780
30020781
30020782
30020783
30020784
30020785
30020786
30020787
30020788
30020789
30020790
30020791
30020792
30020793
30020794
30020795
30020796
30020797
30020798
30020799
30020800
30020801
30020802
30020803
30020804
30020805
30020806
30020807
30020808
30020809
30020810
30020811
30020812
30020813
30020814
30020815
30020816
30020817
30020818
30020819
30020820
30020821
30020822
30020823
30020824
30020825
30020826
30020827
30020828
30020829
30020830
30020831
30020832
30020833
30020834
30020835
30020836
30020837
30020838
30020839
30020840
30020841
30020842
30020843
30020844
30020845
30020846
30020847
30020848
30020849
30020850
30020851
30020852
30020853
30020854
30020855
30020856
30020857
30020858
30020859
30020860
30020861
30020862
30020863
30020864
30020865
30020866
30020867
30020868
30020869
30020870
30020871
30020872
30020873
30020874
30020875
30020876
30020877
30020878
30020879
30020880
30020881
30020882
30020883
30020884
30020885
30020886
30020887
30020888
30020889
30020890
30020891
30020892
30020893
30020894
30020895
30020896
30020897
30020898
30020899
30020900
30020901
30020902
30020903
30020904
30020905
30020906
30020907
30020908
30020909
30020910
30020911
30020912
30020913
30020914
30020915
30020916
30020917
30020918
30020919
30020920
30020921
30020922
30020923
30020924
30020925
30020926
30020927
30020928
30020929
30020930
30020931
30020932
30020933
30020934
30020935
30020936
30020937
30020938
30020939
30020940
30020941
30020942
30020943
30020944
30020945
30020946
30020947
30020948
30020949
30020950
30020951
30020952
30020953
30020954
30020955
30020956
30020957
30020958
30020959
30020960
30020961
30020962
30020963
30020964
30020965
30020966
30020967
30020968
30020969
30020970
30020971
30020972
30020973
30020974
30020975
30020976
30020977
30020978
30020979
30020980
30020981
30020982
30020983
30020984
30020985
30020986
30020987
30020988
30020989
30020990
30020991
30020992
30020993
30020994
30020995
30020996
30020997
30020998
30020999
30021000
30021001
30021002
30021003
30021004
30021005
30021006
30021007
30021008
30021009
30021010
30021011
30021012
30021013
30021014
30021015
30021016
30021017
30021018
30021019
30021020
30021021
30021022
30021023
30021024
30021025
30021026
30021027
30021028
30021029
30021030
30021031
30021032
30021033
30021034
30021035
30021036
30021037
30021038
30021039
30021040
30021041
30021042
30021043
30021044
30021045
30021046
30021047
30021048
30021049
30021050
30021051
30021052
30021053
30021054
30021055
30021056
30021057
30021058
30021059
30021060
30021061
30021062
30021063
30021064
30021065
30021066
30021067
30021068
30021069
30021070
30021071
30021072
30021073
30021074
30021075
30021076
30021077
30021078
30021079
30021080
30021081
30021082
30021083
30021084
30021085
30021086
30021087
30021088
30021089
30021090
30021091
30021092
30021093
30021094
30021095
30021096
30021097
30021098
30021099
30021100
30021101
30021102
30021103
30021104
30021105
30021106
30021107
30021108
30021109
30021110
30021111
30021112
30021113
30021114
30021115
30021116
30021117
30021118
30021119
30021120
30021121
30021122
30021123
30021124
30021125
30021126
30021127
30021128
30021129
30021130
30021131
30021132
30021133
30021134
30021135
30021136
30021137
30021138
30021139
30021140
30021141
30021142
30021143
30021144
30021145
30021146
30021147
30021148
30021149
30021150
30021151
30021152
30021153
30021154
30021155
30021156
30021157
30021158
30021159
30021160
30021161
30021162
30021163
30021164
30021165
30021166
30021167
30021168
30021169
30021170
30021171
30021172
30021173
30021174
30021175
30021176
30021177
30021178
30021179
30021180
30021181
30021182
30021183
30021184
30021185
30021186
30021187
30021188
30021189
30021190
30021191
30021192
30021193
30021194
30021195
30021196
30021197
30054753
30054754
30054755
30054756
30054757
30054758
30054759
30054760
30054761
30054762
30054763
30054764
30054765
30054766
30054767
30054768
30054769
30054770
30054771
30054772
30054773
30054774
30054775
30054776
30054777
30054778
30054779
30054780
30054781
30054782
30054783
30054784
30054785
30054786
30054787
30054788
30054789
30054790
30054791
30054792
30054793
30054794
30054795
30054796
30054797
30054798
30054799
30054800
30054801
30054802
30054803
30054804
30054805
30054806
30054807
30054808
30054809
30054810
30054811
30054812
30054813
30054814
30054815
30054816
30054817
30054818
30054819
30054820
30054821
30054822
30054823
30054824
30054825
30054826
30054827
30054828
30054829
30054830
30054831
30054832
30054833
30054834
30054835
30054836
30054837
30054838
