57132656
57132657
57132658
57132659
57132660
57132661
57132662
57132663
57132664
57132665
57132666
57132667
57132668
57132669
57132670
57132671
57132672
57132673
57132674
57132675
57132676
57132677
57132678
57132679
57132680
57132681
57132682
57132683
57132684
57132685
57132686
57132687
57132688
57132689
57132690
57132691
57132692
57132693
57132694
57132695
57132696
57132697
57132698
57132699
57132700
57132701
57132702
57132703
57132704
57132705
57132706
57132707
57132708
57132709
57132710
57132711
57132712
57132713
57132714
57132715
57132716
57132717
57132718
57132719
57132720
57132721
57132722
57132723
57132724
57132725
57132726
57132727
57132728
57132729
57132730
57132731
57132732
57132733
57132734
57132735
57132736
57132737
57132738
57132739
57132740
57132741
57132742
57132743
57132744
57132745
57132746
57132747
57132748
57132749
57132750
57132751
57132752
57132753
57132754
57132755
57132756
57132757
57132758
57132759
57132760
57132761
57132762
57132763
57132764
57132765
57132766
57132767
57132768
57132769
57132770
57132771
57132772
57132773
57132774
57132775
57132776
57132777
57132778
57132779
57132780
57132781
57132782
57132783
57132784
57132785
57132786
57132787
57132788
57132789
57132790
57132791
57132792
57132793
57132794
57132795
57132796
57132797
57132798
57132799
57132800
57132801
57132802
57132803
57132804
57132805
57132806
57132807
57132808
57132809
57132810
57132811
57132812
57132813
57132814
57132815
57132816
57132817
57132818
57132819
57132820
57132821
57132822
57132823
57132824
57132825
57132826
57132827
57132828
57132829
57132830
57132831
57132832
57132833
57132834
57132835
57132836
57132837
57132838
57132839
57132840
57132841
57132842
57132843
57132844
57132845
57132846
57132847
57132848
57132849
57132850
57132851
57132852
57132853
57132854
57132855
57132856
57132857
57132858
57132859
57132860
57132861
57132862
57132863
57132864
57132865
57132866
57132867
57132868
57132869
57132870
57132871
57132872
57132873
57132874
57132875
57132876
57132877
57132878
57132879
57132880
57132881
57132882
57132883
57132884
57132885
57132886
57132887
57132888
57132889
57132890
57132891
57132892
57132893
57132894
57132895
57132896
57132897
57132898
57132899
57132900
57132901
57132902
57132903
57132904
57132905
57132906
57132907
57132908
57132909
57132910
57132911
57132912
57132913
57132914
57132915
57132916
57132917
57132918
57132919
57132920
57132921
57132922
57132923
57132924
57132925
57132926
57132927
57132928
57132929
57132930
57132931
57132932
57132933
57132934
57132935
57132936
57132937
57132938
57132939
57132940
57132941
57132942
57132943
57132944
57132945
57132946
57132947
57132948
57132949
57132950
57132951
57132952
57132953
57132954
57132955
57132956
57132957
57132958
57132959
57132960
57132961
57132962
57132963
57132964
57132965
57132966
57132967
57132968
57132969
57132970
57132971
57132972
57132973
57132974
57132975
57132976
57132977
57132978
57132979
57132980
57132981
57132982
57132983
57132984
57132985
57132986
57132987
57132988
57132989
57132990
57132991
57132992
57132993
57132994
57132995
57132996
57132997
57132998
57132999
57133000
57133001
57133002
57133003
57133004
57133005
57133006
57133007
57133008
57133009
57133010
57133011
57133012
57133013
57133014
57133015
57133016
57133017
57133018
57133019
57133020
57133021
57133022
57133023
57133024
57133025
57133026
57133027
57133028
57133029
57133030
57133031
57133032
57133033
57133034
57133035
57133036
57133037
57133038
57133039
57133040
57133041
57133042
57133043
57133044
57133045
57133046
57133047
57133048
57133049
57133050
57133051
57133052
57133053
57133054
57133055
57133056
57133057
57133058
57133059
57133060
57133061
57133062
57133063
57133064
57133065
57133066
57133067
57133068
57133069
57133070
57133071
57133072
57133073
57133074
57133075
57133076
57133077
57133078
57133079
57133080
57133081
57133082
57133083
57133084
57133085
57133086
57133087
57133088
57133089
57133090
57133091
57133092
57133093
57133094
57133095
57133096
57133097
57133098
57133099
57133100
57133101
57133102
57133103
57133104
57133105
57133106
57133107
57133108
57133109
57133110
57133111
57133112
57133113
57133114
57133115
57133116
57133117
57133118
57133119
57133120
57133121
57133122
57133123
57133124
57133125
57133126
57133127
57133128
57133129
57133130
57133131
57133132
57133133
57133134
57133135
57133136
57133137
57133138
57133139
57133140
57133141
57133142
57133143
57133144
57133145
57133146
57133147
57133148
57133149
57133150
57133151
57133152
57133153
57133154
57133155
57133156
57133157
57133158
57133159
57133160
57133161
57133162
57133163
57133164
57133165
57133166
57133167
57133168
57133169
57133170
57133171
57133172
57133173
57133174
57133175
57133176
57133177
57133178
57133179
57133180
57133181
57133182
57133183
57133184
57133185
57133186
57133187
57133188
57133189
57133190
57133191
57133192
57133193
57133194
57133195
57133196
57133197
57133198
57133199
57133200
57133201
57133202
57133203
57133204
57133205
57133206
57133207
57133208
57133209
57133210
57133211
57133212
57133213
57133214
57133215
57133216
57133217
57133218
57133219
57133220
57133221
57133222
57133223
57133224
57133225
57133226
57133227
57133228
57133229
57133230
57133231
57133232
57133233
57133234
57133235
57133236
57133237
57133238
57133239
57133240
57133241
57133242
57133243
57133244
57133245
57133246
57133247
57133248
57133249
57133250
57133251
57133252
57133253
57133254
57133255
57133256
57133257
57133258
57133259
57133260
57133261
57133262
57133263
57133264
57133265
57133266
57133267
57133268
57133269
57133270
57133271
57133272
57133273
57133274
57133275
57133276
57133277
57133278
57133279
57133280
57133281
57133282
57133283
57133284
57133285
57133286
57133287
57133288
57133289
57133290
57133291
57133292
57133293
57133294
57133295
57133296
57133297
57133298
57133299
57133300
57133301
57133302
57133303
57133304
57133305
57133306
57133307
57133308
57133309
57133310
57133311
57133312
57133313
57133314
57133315
57133316
57133317
57133318
57133319
57133320
57133321
57133322
57133323
57133324
57133325
57133326
57133327
57133328
57133329
57133330
57133331
57133332
57133333
57133334
57133335
57133336
57133337
57133338
57133339
57133340
57133341
57133342
57133343
57133344
57133345
57133346
57133347
57133348
57133349
57133350
57133351
57133352
57133353
57133354
57133355
57133356
57133357
57133358
57133359
57133360
57133361
57133362
57133363
57133364
57133365
57133366
57133367
57133368
57133369
57133370
57133371
57133372
57133373
57133374
57133375
57133376
57133377
57133378
57133379
57133380
57133381
57133382
57133383
57133384
57133385
57133386
57133387
57133388
57133389
57133390
57133391
57133392
57133393
57133394
57133395
57133396
57133397
57133398
57133399
57133400
57133401
57133402
57133403
57133404
57133405
57133406
57133407
57133408
57133409
57133410
57133411
57133412
57133413
57133414
57133415
57133416
57133417
57133418
57133419
57133420
57133421
57133422
57133423
57133424
57133425
57133426
57133427
57133428
57133429
57133430
57133431
57133432
57133433
57133434
57133435
57133436
57133437
57133438
57133439
57133440
57133441
57133442
57133443
57133444
57133445
57133446
57133447
57133448
57133449
57133450
57133451
57133452
57133453
57133454
57133455
57133456
57133457
57133458
57133459
57133460
57133461
57133462
57133463
57133464
57133465
57133466
57133467
57133468
57133469
57133470
57133471
57133472
57133473
57133474
57133475
57133476
57133477
57133478
57133479
57133480
57133481
57133482
57133483
57133484
57133485
57133486
57133487
57133488
57133489
57133490
57133491
57133492
57133493
57133494
57133495
57133496
57133497
57133498
57133499
57133500
57133501
57133502
57133503
57133504
57133505
57133506
57133507
57133508
57133509
57133510
57133511
57133512
57133513
57133514
57133515
57133516
57133517
57133518
57133519
57133520
57133521
57133522
57133523
57133524
57133525
57133526
57133527
57133528
57133529
57133530
57133531
57133532
57133533
57133534
57133535
57133536
57133537
57133538
57133539
57133540
57133541
57133542
57133543
57133544
57133545
57133546
57133547
57133548
57133549
57133550
57133551
57133552
57133553
57133554
57133555
57133556
57133557
57133558
57133559
57133560
57133561
57133562
57133563
57133564
57133565
57133566
57133567
57133568
57133569
57133570
57133571
57133572
57133573
57133574
57133575
57133576
57133577
57133578
57133579
57133580
57133581
57133582
57133583
57133584
57133585
57133586
57133587
57133588
57133589
57133590
57133591
57133592
57133593
57133594
57133595
57133596
57133597
57133598
57133599
57133600
57133601
57133602
57133603
57133604
57133605
57133606
57133607
57133608
57133609
57133610
57133611
57133612
57133613
57133614
57133615
57133616
57133617
57133618
57133619
57133620
57133621
57133622
57133623
57133624
57133625
57133626
57133627
57133628
57133629
57133630
57133631
57133632
57133633
57133634
57133635
57133636
57133637
57133638
57133639
57133640
57133641
57133642
57133643
57133644
57133645
57133646
57133647
57133648
57133649
57133650
57133651
57133652
57133653
57133654
57133655
57133656
57133657
57133658
57133659
57133660
57133661
57133662
57133663
57133664
57133665
57133666
57133667
57133668
57133669
57133670
57133671
57133672
57133673
57133674
57133675
57133676
57133677
57133678
57133679
57133680
57133681
57133682
57133683
57133684
57133685
57133686
57133687
57133688
57133689
57133690
57133691
57133692
57133693
57133694
57133695
57133696
57133697
57133698
57133699
57133700
57133701
57133702
57133703
57133704
57133705
57133706
57133707
57133708
57133709
57133710
57133711
57133712
57133713
57133714
57133715
57133716
57133717
57133718
57133719
57133720
57133721
57133722
57133723
57133724
57133725
57133726
57133727
57133728
57133729
57133730
57133731
57133732
57133733
57133734
57133735
57133736
57133737
57133738
57133739
57133740
57133741
57133742
57133743
57133744
57133745
57133746
57133747
57133748
57133749
57133750
57133751
57133752
57133753
57133754
57133755
57133756
57133757
57133758
57133759
57133760
57133761
57133762
57133763
57133764
57133765
57133766
57133767
57133768
57133769
57133770
57133771
57133772
57133773
57133774
57133775
57133776
57133777
57133778
57133779
57133780
57133781
57133782
57133783
57133784
57133785
57133786
57133787
57133788
57133789
57133790
57133791
57133792
57133793
57133794
57133795
57133796
57133797
57133798
57133799
57133800
57133801
57133802
57133803
57133804
57133805
57133806
57133807
57133808
57133809
57133810
57133811
57133812
57133813
57133814
57133815
57133816
57133817
57133818
57133819
57133820
57133821
57133822
57133823
57133824
57133825
57133826
57133827
57133828
57133829
57133830
57133831
57133832
57133833
57133834
57133835
57133836
57133837
57133838
57133839
57133840
57133841
57133842
57133843
57133844
57133845
57133846
57133847
57133848
57133849
57133850
57133851
57133852
57133853
57133854
57133855
57133856
57133857
57133858
57133859
57133860
57133861
57133862
57133863
57133864
57133865
57133866
57133867
57133868
57133869
57133870
57133871
57133872
57133873
57133874
57133875
57133876
57133877
57133878
57133879
57133880
57133881
57133882
57133883
57133884
57133885
57133886
57133887
57133888
57133889
57133890
57133891
57133892
57133893
57133894
57133895
57133896
57133897
57133898
57133899
57133900
57133901
57133902
57133903
57133904
57133905
57133906
57133907
57133908
57133909
57133910
57133911
57133912
57133913
57133914
57133915
57133916
57133917
57133918
57133919
57133920
57133921
57133922
57133923
57133924
57133925
57133926
57133927
57133928
57133929
57133930
57133931
57133932
57133933
57133934
57133935
57133936
57133937
57133938
57133939
57133940
57133941
57133942
57133943
57133944
57133945
57133946
57133947
57133948
57133949
57133950
57133951
57133952
57133953
57133954
57133955
57133956
57133957
57133958
57133959
57133960
57133961
57133962
57133963
57133964
57133965
57133966
57133967
57133968
57133969
57133970
57133971
57133972
57133973
57133974
57133975
57133976
57133977
57133978
57133979
57133980
57133981
57133982
57133983
57133984
57133985
57133986
57133987
57133988
57133989
57133990
57133991
57133992
57133993
57133994
57133995
57133996
57133997
57133998
57133999
57134000
57134001
57134002
57134003
57134004
57134005
57134006
57134007
57134008
57134009
57134010
57134011
57134012
57134013
57134014
57134015
57134016
57134017
57134018
57134019
57134020
57134021
57134022
57134023
57134024
57134025
57134026
57134027
57134028
57134029
57134030
57134031
57134032
57134033
57134034
57134035
57134036
57134037
57134038
57134039
57134040
57134041
57134042
57134043
57134044
57134045
57134046
57134047
57134048
57134049
57134050
57134051
57134052
57134053
57134054
57134055
57134056
57134057
57134058
57134059
57134060
57134061
57134062
57134063
57134064
57134065
57134066
57134067
57134068
57134069
57134070
57134071
57134072
57134073
57134074
57134075
57134076
57134077
57134078
57134079
57134080
57134081
57134082
57134083
57134084
57134085
57134086
57134087
57134088
57134089
57134090
57134091
57134092
57134093
57134094
57134095
57134096
57134097
57134098
57134099
57134100
57134101
57134102
57134103
57134104
57134105
57134106
57134107
57134108
57134109
57134110
57134111
57134112
57134113
57134114
57134115
57134116
57134117
57134118
57134119
57134120
57134121
57134122
57157036
57157037
57157038
57157039
57157040
57157041
57157042
57157043
57157044
57157045
57157046
57157047
57157048
57157049
57157050
57157051
57157052
57157053
57157054
57157055
57157056
57157057
57157058
57157059
57157060
57157061
57157062
57157063
57157064
57157065
57157066
57157067
57157068
57157069
57157070
57157071
57157072
57157073
57157074
57157075
57157076
57157077
57157078
57157079
57157080
57157081
57157082
57157083
57157084
57157085
57157086
57157087
57157088
57157089
57157090
57157091
57157092
57157093
57157094
57157095
57157096
57157097
57157098
57157099
57157100
57157101
57157102
57157103
57157104
57157105
57157106
57157107
57157108
57157109
57157110
57157111
57157112
57157113
57157114
57157115
57157116
57157117
57157118
57157119
57157120
57157121
57157122
57157123
57157124
57157125
57157126
57157127
57157128
57157129
57157130
57157131
57157132
57157133
57157134
57157135
57157136
57157137
57157138
57157139
57157140
57157141
57157142
57157143
57157144
57157145
57157146
57157147
57157148
57157149
57157150
57157151
57157152
57157153
57157154
57157155
57157156
57157157
57157158
57157159
57157160
57157161
57157162
57157163
57157164
57157165
57157166
57157167
57157168
57157169
57157170
57157171
57157172
57157173
57157174
57157175
57157176
57157177
57157178
57157179
57157180
57157181
57157182
57157183
57157184
57157185
57157186
57157187
57157188
57157189
57157190
57157191
57157192
57157193
57157194
57157195
57157196
57157197
57157198
57157199
57157200
57157201
57157202
57157203
57157204
57158926
57158927
57158928
57158929
57158930
57158931
57158932
57158933
57158934
57158935
57158936
57158937
57158938
57158939
57158940
57158941
57158942
57158943
57158944
57158945
57158946
57158947
57158948
57158949
57158950
57158951
57158952
57158953
57158954
57158955
57158956
57158957
57158958
57158959
57158960
57158961
57158962
57158963
57158964
57158965
57158966
57158967
57158968
57158969
57158970
57158971
57158972
57158973
57158974
57158975
57158976
57158977
57158978
57158979
57158980
57158981
57158982
57158983
57158984
57158985
57158986
57158987
57158988
57158989
57158990
57158991
57158992
57158993
57158994
57158995
57158996
57158997
57158998
57158999
57159000
57159001
57159002
57166471
57166472
57166473
57166474
57166475
57166476
57166477
57166478
57166479
57166480
57166481
57166482
57166483
57166484
57166485
57166486
57166487
57166488
57166489
57166490
57166491
57166492
57166493
57166494
57166495
57166496
57166497
57166498
57166499
57166500
57166501
57166502
57166503
57166504
57166505
57166506
57166507
57166508
57166509
57166510
57166511
57166512
57166513
57166514
57166515
57166516
57166517
57166518
57166519
57166520
57166521
57166522
57166523
57166524
57166525
57166526
57166527
57166528
57166529
57166530
57166531
57166532
57166533
57166534
57166535
57166536
57166537
57166538
57166539
57166540
57166541
57166542
57166543
57166544
57166545
57166546
57166547
57166548
57166549
57166550
57166551
57166552
57166553
57166554
57166555
57166556
57166557
57166558
57166559
57166560
57166561
57166562
57166563
57166564
57166565
57166566
57166567
57166568
57166569
57166570
57166571
57166572
57166573
57166574
57166575
57166576
57166577
57166578
57174956
57174957
57174958
57174959
57174960
57174961
57174962
57174963
57174964
57174965
57174966
57174967
57174968
57174969
57174970
57174971
57174972
57174973
57174974
57174975
57174976
57174977
57174978
57174979
57174980
57174981
57174982
57174983
57174984
57174985
57174986
57174987
57174988
57174989
57174990
57174991
57174992
57174993
57174994
57174995
57174996
57174997
57174998
57174999
57175000
57175001
57175002
57175003
57175004
57175005
57175006
57175007
57175008
57175009
57175010
57175011
57175012
57175013
57175014
57175015
57175016
57175017
57175018
57175019
57175020
57175021
57175022
57175023
57175024
57175025
57175026
57175027
57175028
57175029
57175030
57175031
57175032
57175033
57175034
57175035
57175036
57175037
57175038
57175039
57175040
57175041
57175042
57175043
57175044
57175045
57175046
57175047
57175048
57175049
57175050
57175051
57175052
57175053
57175054
57175055
57175056
57175057
57175058
57175059
57175060
57175061
57175062
57175063
57175064
57175065
57175066
57175067
57175068
57175069
57175070
57175071
57175072
57175073
57175074
57175075
57175076
57175077
57175078
57175079
57175080
57175081
57175082
57175083
57175084
57175085
57175086
57175087
57175088
57175089
57175090
57175091
57175092
57175093
57175094
57175095
57175096
57175097
57175098
57175099
57175100
57175101
57175102
57175103
57175104
57175105
57175106
57175107
57175108
57175109
57175110
57175111
57175112
57175113
57175114
57175115
57175116
57175117
57175118
57175119
57175120
57175121
57175122
57175123
57175124
57175125
57175126
57175127
57175128
57175129
57175130
57175131
57175132
57175133
57175134
57175135
57175136
57175137
57175138
57175139
57175140
57175141
57175142
57175143
57175144
57175145
57175146
57175147
57175148
57175149
57175150
57175151
57175152
57175153
57175154
57175155
57175156
57175157
57175158
57175159
57175160
57175161
57175162
57175163
57175164
57175165
57175166
57175167
57175168
57175169
57175170
57175171
57175172
57175173
57175174
57175175
57175176
57175177
57175178
57175179
57175180
57175181
57175182
57175183
57175184
57175185
57175186
57175187
57175188
57175189
57175190
57175191
57175192
57175193
57175194
57175195
57175196
57175197
57175198
57175199
57175200
57175201
57175202
57175203
57175204
57175205
57175206
57175207
57175208
57175209
57175210
57175211
57175212
57175213
57175214
57175215
57175216
57175217
57175218
57175219
57175220
57175221
57175222
57175223
57175224
57175225
57175226
57175227
57175228
57175229
57175230
57175231
57175232
57175233
57175234
57175235
57175236
57175237
57175238
57175239
57175240
57175241
57175242
57175243
57175244
57175245
57175246
57175247
57175248
57175249
57175250
57175251
57175252
57175253
57175254
57175255
57175256
57175257
57175258
57175259
57175260
57175261
57175262
57175263
57175264
57175265
57175266
57175267
57175268
57175269
57175270
57175271
57175272
57175273
57175274
57175275
57175276
57175277
57175278
57175279
57175280
57175281
57175282
57175283
57175284
57175285
57175286
57175287
57175288
57175289
57175290
57175291
57175292
57175293
57175294
57175295
57175296
57175297
57175298
57175299
57175300
57175301
57175302
57175303
57175304
57175305
57175306
57175307
57175308
57175309
57175310
57175311
57175312
57175313
57175314
57175315
57175316
57175317
57175318
57175319
57175320
57175321
57175322
57175323
57175324
57175325
57175326
57175327
57175328
57175329
57175330
57175331
57175332
57175333
57175334
57175335
57175336
57175337
57175338
57175339
57175340
57175341
57175342
57175343
57175344
57175345
57175346
57175347
57175348
57175349
57175350
57175351
57175352
57175353
57175354
57175355
57175356
57175357
57175358
57175359
57175360
57175361
57175362
57175363
57175364
57175365
57175366
57175367
57175368
57175369
57175370
57175371
57175372
57175373
57175374
57175375
57175376
57175377
57175378
57175379
57175380
57175381
57175382
57175383
57175384
57175385
57175386
57175387
57175388
57175389
57175390
57175391
57175392
57175393
57175394
57175395
57175396
57175397
57175398
57175399
57175400
57175401
57175402
57175403
57175404
57175405
57175406
57175407
57175408
57175409
57175410
57175411
57175412
57175413
57175414
57175415
57175416
57175417
57175418
57175419
57175420
57175421
57175422
57175423
57175424
57175425
57175426
57175427
57175428
57175429
57175430
57175431
57175432
57175433
57175434
57175435
57175436
57175437
57175438
57175439
57175440
57175441
57175442
57175443
57175444
57175445
57175446
57175447
57175448
57175449
57175450
57175451
57175452
57175453
57175454
57175455
57175456
57175457
57175458
57175459
57175460
57175461
57175462
57175463
57175464
57175465
57175466
57175467
57175468
57175469
57175470
57175471
57175472
57175473
57175474
57175475
57175476
57175477
57175478
57175479
57175480
57175481
57175482
57175483
57175484
57175485
57175486
57175487
57175488
57175489
57175490
57175491
57175492
57175493
57175494
57175495
57175496
57175497
57175498
57175499
57175500
57175501
57175502
57175503
57175504
57175505
57175506
57175507
57175508
57175509
57175510
57175511
57175512
57175513
57175514
57175515
57175516
57175517
57175518
57175519
57175520
57175521
57175522
57175523
57175524
57175525
57175526
57175527
57175528
57175529
57175530
57175531
57175532
57175533
57175534
57175535
57175536
57175537
57175538
57175539
57175540
57175541
57175542
57175543
57175544
57175545
57175546
57175547
57175548
57175549
57175550
57175551
57175552
57175553
57175554
57175555
57175556
57175557
57175558
57175559
57175560
57175561
57175562
57175563
57175564
57175565
57175566
57175567
57175568
57175569
57175570
57175571
57175572
57175573
57175574
57175575
57175576
57175577
57175578
57175579
57175580
57175581
57175582
57175583
57175584
57175585
57175586
57175587
57175588
57175589
57175590
57175591
57175592
57175593
57175594
57175595
57175596
57175597
57175598
57175599
57175600
57175601
57175602
57175603
57175604
57175605
57175606
57175607
57175608
57175609
57175610
57175611
57175612
57175613
57175614
57175615
57175616
57175617
57175618
57175619
57175620
57175621
57175622
57175623
57175624
57175625
57175626
57175627
57175628
57175629
57175630
57175631
57175632
57175633
57175634
57175635
57175636
57175637
57175638
57175639
57175640
57175641
57175642
57175643
57175644
57175645
57175646
57175647
57175648
57175649
57175650
57175651
57175652
57175653
57175654
57175655
57175656
57175657
57175658
57175659
57175660
57175661
57175662
57175663
57175664
57175665
57175666
57175667
57175668
57175669
57175670
57175671
57175672
57175673
57175674
57175675
57175676
57175677
57175678
57175679
57175680
57175681
57175682
57175683
57175684
57175685
57175686
57175687
57175688
57175689
57175690
57175691
57175692
57175693
57175694
57175695
57175696
57175697
57175698
57175699
57175700
57175701
57175702
57175703
57175704
57175705
57175706
57175707
57175708
57175709
57175710
57175711
57175712
57175713
57175714
57175715
57175716
57175717
57175718
57175719
57175720
57175721
57175722
57175723
57175724
57175725
57175726
57175727
57175728
57175729
57175730
57175731
57175732
57175733
57175734
57175735
57175736
57175737
57175738
57175739
57175740
57175741
57175742
57175743
57175744
57175745
57175746
57175747
57175748
57175749
57175750
57175751
57175752
57175753
57175754
57175755
57175756
57175757
57175758
57175759
57175760
57175761
57175762
57175763
57175764
57175765
57175766
57175767
57175768
57175769
57175770
57175771
57175772
57175773
57175774
57175775
57175776
57175777
57175778
57175779
57175780
57175781
57175782
57175783
57175784
57175785
57175786
57175787
57175788
57175789
57175790
57175791
57175792
57175793
57175794
57175795
57175796
57175797
57175798
57175799
57175800
57175801
57175802
57175803
57175804
57175805
57175806
57175807
57175808
57175809
57175810
57175811
57175812
57175813
57175814
57175815
57175816
57175817
57175818
57175819
57175820
57175821
57175822
57175823
57175824
57175825
57175826
57175827
57175828
57175829
57175830
57175831
57175832
57175833
57175834
57175835
57175836
57175837
57175838
57175839
57175840
57175841
57175842
57175843
57175844
57175845
57175846
57175847
57175848
57175849
57175850
57175851
57175852
57175853
57175854
57175855
57175856
57175857
57175858
57175859
57175860
57175861
57175862
57175863
57175864
57175865
57175866
57175867
57175868
57175869
57175870
57175871
57175872
57175873
57175874
57175875
57175876
57175877
57175878
57175879
57175880
57175881
57175882
57175883
57175884
57175885
57175886
57175887
57175888
57175889
57175890
57175891
57175892
57175893
57175894
57175895
57175896
57175897
57175898
57175899
57175900
57175901
57175902
57175903
57175904
57175905
57175906
57175907
57175908
57175909
57175910
57175911
57175912
57175913
57175914
57175915
57175916
57175917
57175918
57175919
57175920
57175921
57175922
57175923
57175924
57175925
57175926
57175927
57175928
57175929
57175930
57175931
57175932
57175933
57175934
57175935
57175936
57175937
57175938
57175939
57175940
57175941
57175942
57175943
57175944
57175945
57175946
57175947
57175948
57175949
57175950
57175951
57175952
57175953
57175954
57175955
57175956
57175957
57175958
57175959
57175960
57175961
57175962
57175963
57175964
57175965
57175966
57175967
57175968
57175969
57175970
57175971
57175972
57175973
57175974
57175975
57175976
57175977
57175978
57175979
57175980
57175981
57175982
57175983
57175984
57175985
57175986
57175987
57175988
57175989
57175990
57175991
57175992
57175993
57175994
57175995
57175996
57175997
57175998
57175999
57176000
57176001
57176002
57176003
57176004
57176005
57176006
57176007
57176008
57176009
57176010
57176011
57176012
57176013
57176014
57176015
57176016
57176017
57176018
57176019
57176020
57176021
57176022
57176023
57176024
57176025
57176026
57176027
57176028
57176029
57176030
57176031
57176032
57176033
57176034
57176035
57176036
57176037
57176038
57176039
57176040
57176041
57176042
57176043
57176044
57176045
57176046
57176047
57176048
57176049
57176050
57176051
57176052
57176053
57176054
57176055
57176056
57176057
57176058
57176059
57176060
57176061
57176062
57176063
57176064
57176065
57176066
57176067
57176068
57176069
57176070
57176071
57176072
57176073
57176074
57176075
57176076
57176077
57176078
57176079
57176080
57176081
57176082
57176083
57176084
57176085
57176086
57176087
57176088
57176089
57176090
57176091
57176092
57176093
57176094
57176095
57176096
57176097
57176098
57176099
57176100
57176101
57176102
57176103
57176104
57176105
57176106
57176107
57176108
57176109
57176110
57176111
57176112
57176113
57176114
57176115
57176116
57176117
57176118
57176119
57176120
57176121
57176122
57176123
57176124
57176125
57176126
57176127
57176128
57176129
57176130
57176131
57176132
57176133
57176134
57176135
57176136
57176137
57176138
57176139
57176140
57176141
57176142
57176143
57176144
57176145
57176146
57176147
57176148
57176149
57176150
57176151
57176152
57176153
57176154
57176155
57176156
57176157
57176158
57176159
57176160
57176161
57176162
57176163
57176164
57176165
57176166
57176167
57176168
57176169
57176170
57176171
57176172
57176173
57176174
57176175
57176176
57176177
57176178
57176179
57176180
57176181
57176182
57176183
57176184
57176185
57176186
57176187
57176188
57176189
57176190
57176191
57176192
57176193
57176194
57176195
57176196
57176197
57176198
57176199
57176200
57176201
57176202
57176203
57176204
57176205
57176206
57176207
57176208
57176209
57176210
57176211
57176212
57176213
57176214
57176215
57176216
57176217
57176218
57176219
57176220
57176221
57176222
57176223
57176224
57176225
57176226
57176227
57176228
57176229
57176230
57176231
57176232
57176233
57176234
57176235
57176236
57176237
57176238
57176239
57176240
57176241
57176242
57176243
57176244
57176245
57176246
57176247
57176248
57176249
57176250
57176251
57176252
57176253
57176254
57176255
57176256
57176257
57176258
57176259
57176260
57176261
57176262
57176263
57176264
57176265
57176266
57176267
57176268
57176269
57176270
57176271
57176272
57176273
57176274
57176275
57176276
57176277
57176278
57176279
57176280
57176281
57176282
57176283
57176284
57176285
57176286
57176287
57176288
57176289
57176290
57176291
57176292
57176293
57176294
57176295
57176296
57176297
57176298
57176299
57176300
57176301
57176302
57176303
57176304
57176305
57176306
57176307
57176308
57176309
57176310
57176311
57176312
57176313
57176314
57176315
57176316
57176317
57176318
57176319
57176320
57176321
57176322
57176323
57176324
57176325
57176326
57176327
57176328
57176329
57176330
57176331
57176332
57176333
57176334
57176335
57176336
57176337
57176338
57176339
57176340
57176341
57176342
57176343
57176344
57176345
57176346
57176347
57176348
57176349
57176350
57176351
57176352
57176353
57176354
57176355
57176356
57176357
57176358
57176359
57176360
57176361
57176362
57176363
57176364
57176365
57176366
57176367
57176368
57176369
57176370
57176371
57176372
57176373
57176374
57176375
57176376
57176377
57176378
57176379
57176380
57176381
57176382
57176383
57176384
57176385
57176386
57176387
57176388
57176389
57176390
57176391
57176392
57176393
57176394
57176395
57176396
57176397
57176398
57176399
57176400
57176401
57176402
57176403
57176404
57176405
57176406
57176407
57176408
57176409
57176410
57176411
57176412
57176413
57176414
57176415
57176416
57176417
57176418
57176419
57176420
57176421
57176422
57176423
57176424
57176425
57176426
57176427
57176428
57176429
57176430
57176431
57176432
57176433
57176434
57176435
57176436
57176437
57176438
57176439
57176440
57176441
57176442
57176443
57176444
57176445
57176446
57176447
57176448
57176449
57176450
57176451
57176452
57176453
57176454
57176455
57176456
57176457
57176458
57176459
57176460
57176461
57176462
57176463
57176464
57176465
57176466
57176467
57176468
57176469
57176470
57176471
57176472
57176473
57176474
57176475
57176476
57176477
57176478
57176479
57176480
57176481
57176482
57176483
57176484
57176485
57176486
57176487
57176488
57176489
57176490
57176491
57176492
57176493
57176494
57176495
57176496
57176497
57176498
57176499
57176500
57176501
57176502
57176503
57176504
57176505
57176506
57176507
57176508
57176509
57176510
57176511
57176512
57176513
57176514
57176515
57176516
57176517
57176518
57176519
57176520
57176521
57176522
57176523
57176524
57176525
57176526
57176527
57176528
57176529
57176530
57176531
57176532
57176533
57176534
57176535
57176536
57176537
57176538
57176539
57176540
57176541
57176542
57176543
57176544
57176545
57176546
57176547
57176548
57176549
57176550
57176551
57176552
57176553
57176554
57176555
57176556
57176557
57176558
57176559
57176560
57176561
57176562
57176563
57176564
57176565
57176566
57335630
57335631
57335632
57335633
57335634
57335635
57335636
57335637
57335638
57335639
57335640
57335641
57335642
57335643
57335644
57335645
57334958
57334959
57334960
57334961
57334962
57334963
57334964
57334965
57334966
57334967
57334968
57334969
57334970
57334971
57334972
57334973
57334974
57334975
57334976
57334977
57334978
57334979
57334980
57334981
57334982
57334983
57334984
57334985
57334986
57334987
57334988
57334989
57334990
57334991
57334992
57334993
57334994
57334995
57334996
57334997
57334998
57334999
57335000
57335001
57335002
57335003
57335004
57335005
57335006
57335007
57335008
57335009
57335010
57335011
57335012
57335013
57335014
57335015
57335016
57335017
57335018
57335019
57335020
57335021
57335022
57335023
57335024
57335025
57335026
57335027
57335028
57335029
57335030
57335031
57335032
57335033
57335034
57335035
57335036
57335037
57335038
57335039
57335040
57335041
57335042
57335043
57335044
57335045
57335046
57335047
57334121
57334122
57334123
57334124
57334125
57334126
57334127
57334128
57334129
57334130
57334131
57334132
57334133
57334134
57334135
57334136
57334137
57334138
57334139
57334140
57334141
57334142
57334143
57334144
57334145
57334146
57334147
57334148
57334149
57334150
57334151
57334152
57334153
57334154
57334155
57334156
57334157
57334158
57334159
57334160
57334161
57334162
57334163
57334164
57334165
57334166
57334167
57334168
57334169
57334170
57334171
57334172
57334173
57334174
57334175
57334176
57334177
57334178
57334179
57334180
57334181
57334182
57334183
57334184
57334185
57334186
57334187
57334188
57334189
57334190
57334191
57334192
57334193
57334194
57334195
57334196
57334197
57334198
57334199
57334200
57334201
57334202
57334203
57334204
57333019
57333020
57333021
57333022
57333023
57333024
57333025
57333026
57333027
57333028
57333029
57333030
57333031
57333032
57333033
57333034
57333035
57333036
57333037
57333038
57333039
57333040
57333041
57333042
57333043
57333044
57333045
57333046
57333047
57333048
57333049
57333050
57333051
57333052
57333053
57333054
57333055
57333056
57333057
57333058
57333059
57333060
57333061
57333062
57333063
57333064
57333065
57333066
57333067
57333068
57333069
57333070
57333071
57333072
57333073
57333074
57333075
57333076
57333077
57333078
57333079
57333080
57333081
57333082
57333083
57333084
57333085
57333086
57333087
57333088
57333089
57333090
57333091
57333092
57333093
57333094
57333095
57333096
57333097
57333098
57333099
57333100
57333101
57333102
57333103
57333104
57333105
57333106
57333107
57333108
57333109
57333110
57333111
57333112
57333113
57333114
57333115
57333116
57333117
57333118
57333119
57333120
57333121
57333122
57329968
57329969
57329970
57329971
57329972
57329973
57329974
57329975
57329976
57329977
57329978
57329979
57329980
57329981
57329982
57329983
57329984
57329985
57329986
57329987
57329988
57329989
57329990
57329991
57329992
57329993
57329994
57329995
57329996
57329997
57329998
57329999
57330000
57330001
57330002
57330003
57330004
57330005
57330006
57330007
57330008
57330009
57330010
57330011
57330012
57330013
57330014
57330015
57330016
57330017
57330018
57330019
57330020
57330021
57330022
57330023
57330024
57330025
57330026
57330027
57330028
57330029
57330030
57330031
57330032
57330033
57330034
57330035
57330036
57330037
57330038
57330039
57330040
57330041
57330042
57330043
57330044
57330045
57330046
57330047
57330048
57330049
57330050
57330051
57330052
57330053
57330054
57330055
57330056
57330057
57330058
57330059
57330060
57330061
57330062
57330063
57330064
57330065
57330066
57330067
57330068
57330069
57330070
57301240
57301241
57301242
57301243
57301244
57301245
57301246
57301247
57301248
57301249
57301250
57301251
57301252
57301253
57301254
57301255
57301256
57301257
57301258
57301259
57301260
57301261
57301262
57301263
57301264
57301265
57301266
57301267
57301268
57301269
57301270
57301271
57301272
57301273
57301274
57301275
57301276
57301277
57301278
57301279
57301280
57301281
57301282
57301283
57301284
57301285
57301286
57301287
57301288
57301289
57301290
57301291
57301292
57301293
57301294
57301295
57301296
57301297
57301298
57301299
57301300
57301301
57301302
57301303
57301304
57301305
57301306
57301307
57301308
57301309
57301310
57301311
57301312
57301313
57301314
57301315
57301316
57301317
57301318
57301319
57293321
57293322
57293323
57293324
57293325
57293326
57293327
57293328
57293329
57293330
57293331
57293332
57293333
57293334
57293335
57293336
57293337
57293338
57293339
57293340
57293341
57293342
57293343
57293344
57293345
57293346
57293347
57293348
57293349
57293350
57293351
57293352
57293353
57293354
57293355
57293356
57293357
57293358
57293359
57293360
57293361
57293362
57293363
57293364
57293365
57293366
57293367
57293368
57293369
57293370
57293371
57293372
57293373
57293374
57293375
57293376
57293377
57293378
57293379
57293380
57293381
57293382
57293383
57293384
57293385
57293386
57293387
57293388
57293389
57293390
57293391
57293392
57293393
57293394
57293395
57293396
57293397
57293398
57293399
57293400
57293401
57293402
57293403
57293404
57293405
57293406
57293407
57293408
57293409
57293410
57293411
57293412
57293413
57293414
57293415
57293416
57293417
57293418
57293419
57293420
57293421
57293422
57293423
57293424
57293425
57293426
57293427
57293428
57293429
57293430
57293431
57293432
57293433
57293434
57293435
57293436
57293437
57293438
57293439
57293440
57293441
57293442
57293443
57293444
57293445
57293446
57293447
57293448
57293449
57293450
57293451
57293452
57293453
57293454
57293455
57293456
57293457
57293458
57293459
57293460
57293461
57293462
57293463
57293464
57293465
57293466
57293467
57293468
57293469
57293470
57293471
57293472
57293473
57293474
57293475
57293476
57293477
57293478
57293479
57293480
57293481
57293482
57293483
57293484
57293485
57293486
57293487
57293488
57293489
57290745
57290746
57290747
57290748
57290749
57290750
57290751
57290752
57290753
57290754
57290755
57290756
57290757
57290758
57290759
57290760
57290761
57290762
57290763
57290764
57290765
57290766
57290767
57290768
57290769
57290770
57290771
57290772
57290773
57290774
57290775
57290776
57290777
57290778
57290779
57290780
57290781
57290782
57290783
57290784
57290785
57290786
57290787
57290788
57290789
57290790
57290791
57290792
57290793
57290794
57290795
57290796
57290797
57290798
57290799
57290800
57290801
57290802
57290803
57290804
57290805
57290806
57290807
57290808
57290809
57290810
57290811
57290812
57290813
57290814
57290815
57290816
57290817
57290818
57290819
57290820
57290821
57290822
57290823
57290824
57290825
57290826
57290827
57290828
57290829
57290830
57290831
57290832
57290833
57290834
57290835
57290836
57290837
57290838
57290839
57290840
57286059
57286060
57286061
57286062
57286063
57286064
57286065
57286066
57286067
57286068
57286069
57286070
57286071
57286072
57286073
57286074
57286075
57286076
57286077
57286078
57286079
57286080
57286081
57286082
57286083
57286084
57286085
57286086
57286087
57286088
57286089
57286090
57286091
57286092
57286093
57286094
57286095
57286096
57286097
57286098
57286099
57286100
57286101
57286102
57286103
57286104
57286105
57286106
57286107
57286108
57286109
57286110
57286111
57286112
57286113
57286114
57286115
57286116
57286117
57286118
57286119
57286120
57286121
57286122
57286123
57286124
57286125
57286126
57286127
57286128
57286129
57286130
57286131
57286132
57286133
57286134
57286135
57286136
57286137
57286138
57286139
57286140
57286141
57286142
57286143
57286144
57286145
57286146
57286147
57286148
57286149
57286150
57286151
57286152
57286153
57286154
57286155
57286156
57286157
57286158
57286159
57286160
57286161
57286162
57286163
57286164
57286165
57286166
57286167
57286168
57286169
57286170
57286171
57286172
57286173
57286174
57286175
57286176
57286177
57286178
57286179
57286180
57286181
57286182
57286183
57286184
57286185
57286186
57286187
57286188
57286189
57286190
57286191
57286192
57286193
57286194
57286195
57286196
57286197
57286198
57286199
57286200
57286201
57286202
57286203
57286204
57286205
57286206
57286207
57286208
57286209
57286210
57286211
57286212
57286213
57286214
57286215
57286216
57286217
57286218
57286219
57286220
57286221
57286222
57286223
57286224
57286225
57286226
57286227
57286228
57286229
57286230
57286231
57286232
57286233
57286234
57286235
57286236
57286237
57286238
57286239
57286240
57286241
57286242
57286243
57286244
57286245
57286246
57286247
57286248
57286249
57286250
57286251
57286252
57286253
57286254
57286255
57286256
57286257
57286258
57286259
57286260
57286261
57286262
57286263
57286264
57286265
57286266
57286267
57286268
57286269
57286270
57286271
57286272
57286273
57286274
57286275
57286276
57286277
57286278
57286279
57286280
57286281
57286282
57286283
57286284
57286285
57286286
57286287
57286288
57286289
57286290
57286291
57286292
57286293
57286294
57286295
57286296
57286297
57286298
57286299
57286300
57286301
57286302
57286303
57286304
57286305
57286306
57286307
57286308
57286309
57286310
57286311
57286312
57286313
57286314
57286315
57286316
57286317
57286318
57286319
57286320
57286321
57286322
57286323
57286324
57286325
57286326
57286327
57286328
57286329
57286330
57286331
57286332
57286333
57286334
57286335
57286336
57286337
57286338
57286339
57286340
57286341
57286342
57286343
57286344
57286345
57286346
57286347
57286348
57286349
57286350
57286351
57286352
57286353
57286354
57286355
57286356
57286357
57286358
57286359
57286360
57286361
57286362
57286363
57286364
57286365
57286366
57286367
57286368
57286369
57286370
57286371
57286372
57286373
57286374
57286375
57286376
57286377
57286378
57286379
57286380
57286381
57286382
57286383
57286384
57286385
57286386
57286387
57286388
57286389
57286390
57286391
57286392
57286393
57286394
57286395
57286396
57286397
57286398
57286399
57286400
57286401
57286402
57286403
57286404
57286405
57286406
57286407
57286408
57286409
57286410
57286411
57286412
57286413
57286414
57286415
57286416
57286417
57286418
57286419
57286420
57286421
57286422
57286423
57286424
57286425
57286426
57286427
57286428
57286429
57286430
57286431
57286432
57286433
57286434
57286435
57286436
57286437
57286438
57286439
57286440
57286441
57286442
57286443
57286444
57286445
57286446
57286447
57286448
57286449
57286450
57286451
57286452
57286453
57286454
57286455
57286456
57286457
57286458
57286459
57286460
57286461
57286462
57286463
57286464
57286465
57286466
57286467
57286468
57286469
57286470
57286471
57286472
57286473
57286474
57286475
57286476
57286477
57286478
57286479
57286480
57286481
57286482
57286483
57286484
57286485
57286486
57286487
57286488
57286489
57286490
57286491
57286492
57286493
57286494
57286495
57286496
57286497
57286498
57286499
57286500
57286501
57286502
57286503
57286504
57286505
57286506
57286507
57286508
57286509
57286510
57286511
57286512
57286513
57286514
57286515
57286516
57286517
57286518
57286519
57286520
57286521
57286522
57286523
57286524
57286525
57286526
57286527
57286528
57286529
57286530
57286531
57286532
57286533
57286534
57286535
57286536
57286537
57286538
57286539
57286540
57286541
57286542
57286543
57286544
57286545
57286546
57286547
57286548
57286549
57286550
57286551
57286552
57286553
57286554
57286555
57286556
57286557
57286558
57286559
57286560
57286561
57286562
57286563
57286564
57286565
57286566
57286567
57286568
57286569
57286570
57286571
57286572
57286573
57286574
57286575
57286576
57286577
57286578
57286579
57286580
57286581
57286582
57286583
57286584
57286585
57286586
57286587
57286588
57286589
57286590
57286591
57286592
57286593
57286594
57286595
57286596
57286597
57286598
57286599
57286600
57286601
57286602
57286603
57286604
57286605
57286606
57286607
57286608
57286609
57286610
57286611
57286612
57286613
57286614
57286615
57286616
57286617
57286618
57286619
57286620
57286621
57286622
57286623
57286624
57286625
57286626
57286627
57286628
57286629
57286630
57286631
57286632
57286633
57286634
57286635
57286636
57286637
57286638
57286639
57286640
57286641
57286642
57286643
57286644
57286645
57286646
57286647
57286648
57286649
57286650
57286651
57286652
57286653
57286654
57286655
57286656
57286657
57286658
57286659
57286660
57286661
57286662
57286663
57286664
57286665
57286666
57286667
57286668
57286669
57286670
57286671
57286672
57286673
57286674
57286675
57286676
57286677
57286678
57286679
57286680
57286681
57286682
57286683
57286684
57286685
57286686
57286687
57286688
57286689
57286690
57286691
57286692
57286693
57286694
57286695
57286696
57286697
57286698
57286699
57286700
57286701
57286702
57286703
57286704
57286705
57286706
57286707
57286708
57286709
57286710
57286711
57286712
57286713
57286714
57286715
57286716
57286717
57286718
57286719
57286720
57286721
57286722
57286723
57286724
57286725
57286726
57286727
57286728
57286729
57286730
57286731
57286732
57286733
57286734
57286735
57286736
57286737
57286738
57286739
57286740
57286741
57286742
57286743
57286744
57286745
57286746
57286747
57286748
57286749
57286750
57286751
57286752
57286753
57286754
57286755
57286756
57286757
57286758
57286759
57286760
57286761
57286762
57286763
57286764
57286765
57286766
57286767
57286768
57286769
57286770
57286771
57286772
57286773
57286774
57286775
57286776
57286777
57286778
57286779
57286780
57286781
57286782
57286783
57286784
57286785
57286786
57286787
57286788
57286789
57286790
57286791
57286792
57286793
57286794
57286795
57286796
57286797
57286798
57286799
57286800
57286801
57286802
57286803
57286804
57286805
57286806
57286807
57286808
57286809
57286810
57286811
57286812
57286813
57286814
57286815
57286816
57286817
57286818
57286819
57286820
57286821
57286822
57286823
57286824
57286825
57286826
57286827
57286828
57286829
57286830
57286831
57286832
57286833
57286834
57286835
57286836
57286837
57286838
57286839
57286840
57286841
57286842
57286843
57286844
57286845
57286846
57286847
57286848
57286849
57286850
57286851
57286852
57286853
57286854
57286855
57286856
57286857
57286858
57286859
57286860
57286861
57286862
57286863
57286864
57286865
57286866
57286867
57286868
57286869
57286870
57286871
57286872
57286873
57286874
57286875
57286876
57286877
57286878
57286879
57286880
57286881
57286882
57286883
57286884
57286885
57286886
57286887
57286888
57286889
57286890
57286891
57286892
57286893
57286894
57286895
57286896
57286897
57335646
57335647
57335648
57335649
57335650
57335651
57335652
57335653
57335654
57335655
57335656
57335657
57335658
57335659
57335660
57335661
57335662
57335663
57335664
57335665
57335666
57335667
57335668
57335669
57335670
57335671
57335672
57335673
57335674
57335675
57335676
57335677
57335678
57335679
57335680
57335681
57335682
57335683
57335684
57335685
57335686
57335687
57335688
57335689
57335690
57335691
57335692
57335693
57335694
57335695
57335696
57335697
57335698
57335699
57335700
57335701
57335702
57335703
57335704
57335705
57335706
57335707
57335708
57335709
57335710
57335711
57335712
57335713
57335714
57335715
57335716
57335717
57335718
57335719
57335720
57335721
57335722
57335723
57335724
57335725
57335726
57335727
57335728
57335729
57335730
57335731
57335732
57335733
57335734
57335735
57335736
57335737
57335738
57335739
57335740
57335741
57335742
57335743
57335744
57335745
57335746
57335747
57335748
57335749
57335750
57335751
57335752
57335753
57335754
57335755
57335756
57335757
57335758
57335759
57335760
57335761
57335762
57335763
57335764
57335765
57335766
57335767
57335768
57335769
57335770
57335771
57335772
57335773
57335774
57335775
57335776
57335777
57335778
57335779
57335780
57335781
57335782
57335783
57335784
57335785
57335786
57335787
57335788
57335789
57335790
57335791
57335792
57335793
57335794
57335795
57335796
57335797
57335798
57335799
57335800
57335801
57335802
57335803
57335804
57335805
57335806
57335807
57335808
57335809
57335810
57335811
57335812
57335813
57335814
57335815
57335816
57335817
57335818
57335819
57335820
57335821
57335822
57335823
57335824
57335825
57335826
57335827
57335828
57335829
57335830
57335831
57335832
57335833
57335834
57335835
57335836
57335837
57335838
57335839
57335840
57335841
57335842
57335843
57335844
57335845
57335846
57335847
57335848
57335849
57335850
57335851
57335852
57335853
57335854
57335855
57335856
57335857
57335858
57335859
57335860
57335861
57335862
57335863
57335864
57335865
57335866
57335867
57335868
57335869
57335870
57335871
57335872
57335873
57335874
57335875
57335876
57335877
57335878
57335879
57335880
57335881
57335882
57335883
57335884
57335885
57335886
57335887
57335888
57335889
57335890
57335891
57335892
57335893
57335894
57335895
57335896
57335897
57335898
57335899
57335900
57335901
57335902
57335903
57335904
57335905
57335906
57335907
57335908
57335909
57335910
57335911
57335912
57335913
57335914
57335915
57335916
57335917
57335918
57335919
57335920
57335921
57335922
57335923
57335924
57335925
57335926
57335927
57335928
57335929
57335930
57335931
57335932
57335933
57335934
57335935
57335936
57335937
57335938
57335939
57335940
57335941
57335942
57335943
57335944
57335945
57335946
57335947
57335948
57335949
57335950
57335951
57335952
57335953
57335954
57335955
57335956
57335957
57335958
57335959
57335960
57335961
57335962
57335963
57335964
57335965
57335966
57335967
57335968
57335969
57335970
57335971
57335972
57335973
57335974
57335975
57335976
57335977
57335978
57335979
57335980
57335981
57335982
57335983
57335984
57335985
57335986
57335987
57335988
57335989
57335990
57335991
57335992
57335993
57335994
57335995
57335996
57335997
57335998
57335999
57336000
57336001
57336002
57336003
57336004
57336005
57336006
57336007
57336008
57336009
57336010
57336011
57336012
57336013
57336014
57336015
57336016
57336017
57336018
57336019
57336020
57336021
57336022
57336023
57329114
57329115
57329116
57329117
57329118
57329119
57329120
57329121
57329122
57329123
57329124
57329125
57329126
57329127
57329128
57329129
57329130
57329131
57329132
57329133
57329134
57329135
57329136
57329137
57329138
57329139
57329140
57329141
57329142
57329143
57329144
57329145
57329146
57329147
57329148
57329149
57329150
57329151
57329152
57329153
57329154
57329155
57329156
57329157
57329158
57329159
57329160
57329161
57329162
57329163
57329164
57329165
57329166
57329167
57329168
57329169
57329170
57329171
57329172
57329173
57329174
57329175
57329176
57329177
57329178
57329179
57329180
57329181
57329182
57329183
57329184
57329185
57329186
57329187
57329188
57329189
57329190
57329191
57329192
57329193
57329194
57329195
57329196
57329197
57329198
57329199
57329200
57329201
57329202
57329203
57325046
57325047
57325048
57325049
57325050
57325051
57325052
57325053
57325054
57325055
57325056
57325057
57325058
57325059
57325060
57325061
57325062
57325063
57325064
57325065
57325066
57325067
57325068
57325069
57325070
57325071
57325072
57325073
57325074
57325075
57325076
57325077
57325078
57325079
57325080
57325081
57325082
57325083
57325084
57325085
57325086
57325087
57325088
57325089
57325090
57325091
57325092
57325093
57325094
57325095
57325096
57325097
57325098
57325099
57325100
57325101
57325102
57325103
57325104
57325105
57325106
57325107
57325108
57325109
57325110
57325111
57325112
57325113
57325114
57325115
57325116
57325117
57325118
57325119
57325120
57325121
57325122
57325123
57325124
57325125
57325126
57325127
57325128
57325129
57325130
57325131
57325132
57325133
57325134
57325135
57325136
57325137
57325138
57325139
57325140
57325141
57325142
57325143
57325144
57325145
57325146
57325147
57325148
57325149
57325150
57325151
57325152
57325153
57325154
57325155
57325156
57325157
57325158
57325159
57325160
57325161
57325162
57325163
57325164
57325165
57325166
57325167
57325168
57325169
57325170
57325171
57325172
57325173
57325174
57325175
57325176
57325177
57325178
57325179
57325180
57325181
57325182
57325183
57325184
57325185
57325186
57325187
57325188
57325189
57325190
57325191
57325192
57325193
57325194
57325195
57325196
57325197
57325198
57325199
57325200
57325201
57325202
57325203
57325204
57325205
57325206
57325207
57325208
57325209
57325210
57325211
57325212
57325213
57325214
57325215
57325216
57325217
57325218
57325219
57325220
57325221
57325222
57325223
57325224
57325225
57325226
57325227
57325228
57325229
57325230
57325231
57325232
57325233
57325234
57325235
57325236
57325237
57325238
57325239
57325240
57325241
57325242
57325243
57325244
57325245
57325246
57325247
57325248
57325249
57325250
57325251
57325252
57325253
57325254
57325255
57325256
57325257
57325258
57325259
57325260
57325261
57325262
57325263
57325264
57325265
57325266
57325267
57325268
57325269
57325270
57325271
57325272
57325273
57325274
57325275
57325276
57325277
57325278
57325279
57325280
57325281
57325282
57325283
57325284
57325285
57325286
57325287
57325288
57325289
57325290
57325291
57325292
57325293
57325294
57325295
57325296
57325297
57325298
57325299
57325300
57325301
57325302
57325303
57325304
57325305
57325306
57325307
57325308
57325309
57325310
57325311
57325312
57325313
57325314
57325315
57325316
57325317
57325318
57325319
57325320
57325321
57325322
57325323
57325324
57325325
57325326
57325327
57325328
57325329
57325330
57325331
57325332
57325333
57325334
57325335
57325336
57325337
57325338
57325339
57325340
57325341
57325342
57325343
57325344
57325345
57325346
57325347
57325348
57325349
57325350
57325351
57325352
57325353
57325354
57325355
57325356
57325357
57325358
57325359
57325360
57325361
57325362
57325363
57325364
57325365
57325366
57325367
57325368
57325369
57325370
57325371
57325372
57325373
57325374
57325375
57325376
57325377
57325378
57325379
57325380
57325381
57325382
57325383
57325384
57325385
57325386
57325387
57325388
57325389
57325390
57325391
57325392
57325393
57325394
57325395
57325396
57325397
57325398
57325399
57325400
57325401
57325402
57325403
57325404
57325405
57325406
57325407
57325408
57325409
57325410
57325411
57325412
57325413
57325414
57325415
57325416
57325417
57325418
57325419
57325420
57325421
57325422
57325423
57325424
57325425
57325426
57325427
57325428
57325429
57325430
57325431
57325432
57325433
57325434
57325435
57325436
57325437
57325438
57325439
57325440
57325441
57325442
57325443
57325444
57325445
57325446
57325447
57325448
57325449
57325450
57325451
57325452
57325453
57325454
57325455
57325456
57325457
57325458
57325459
57325460
57325461
57325462
57325463
57325464
57325465
57325466
57325467
57325468
57325469
57325470
57325471
57325472
57325473
57325474
57325475
57325476
57325477
57325478
57325479
57325480
57325481
57325482
57325483
57325484
57325485
57325486
57325487
57325488
57325489
57325490
57325491
57325492
57325493
57325494
57325495
57325496
57325497
57325498
57325499
57325500
57325501
57325502
57325503
57325504
57325505
57325506
57325507
57325508
57325509
57325510
57325511
57325512
57325513
57325514
57325515
57325516
57325517
57325518
57325519
57325520
57325521
57325522
57325523
57325524
57325525
57325526
57325527
57325528
57325529
57325530
57325531
57325532
57325533
57325534
57325535
57325536
57325537
57325538
57325539
57325540
57325541
57325542
57325543
57325544
57325545
57325546
57325547
57325548
57325549
57325550
57325551
57325552
57325553
57325554
57325555
57325556
57325557
57325558
57325559
57325560
57325561
57325562
57325563
57325564
57325565
57325566
57325567
57325568
57325569
57325570
57325571
57325572
57325573
57325574
57325575
57325576
57325577
57325578
57325579
57325580
57325581
57325582
57325583
57325584
57325585
57325586
57325587
57325588
57325589
57325590
57325591
57325592
57325593
57325594
57325595
57325596
57325597
57325598
57325599
57325600
57325601
57325602
57325603
57325604
57325605
57325606
57325607
57325608
57325609
57325610
57325611
57325612
57325613
57325614
57325615
57325616
57325617
57325618
57325619
57325620
57325621
57325622
57325623
57325624
57325625
57325626
57325627
57325628
57325629
57325630
57325631
57325632
57325633
57325634
57325635
57325636
57325637
57325638
57325639
57325640
57325641
57325642
57325643
57325644
57325645
57325646
57325647
57325648
57325649
57325650
57325651
57325652
57325653
57325654
57325655
57325656
57325657
57325658
57325659
57325660
57325661
57325662
57325663
57325664
57325665
57325666
57325667
57325668
57325669
57325670
57325671
57325672
57325673
57325674
57325675
57325676
57325677
57325678
57325679
57325680
57325681
57325682
57325683
57325684
57325685
57325686
57325687
57325688
57325689
57325690
57325691
57325692
57325693
57325694
57325695
57325696
57325697
57325698
57325699
57325700
57325701
57325702
57325703
57325704
57325705
57325706
57325707
57325708
57325709
57325710
57325711
57325712
57325713
57325714
57325715
57325716
57325717
57325718
57325719
57325720
57325721
57325722
57325723
57325724
57325725
57325726
57325727
57325728
57325729
57325730
57325731
57325732
57325733
57325734
57325735
57325736
57325737
57325738
57325739
57325740
57325741
57325742
57325743
57325744
57325745
57325746
57325747
57325748
57325749
57325750
57325751
57325752
57325753
57325754
57325755
57325756
57325757
57325758
57325759
57325760
57325761
57325762
57325763
57325764
57325765
57325766
57325767
57325768
57325769
57325770
57325771
57325772
57325773
57325774
57325775
57325776
57325777
57325778
57325779
57325780
57325781
57325782
57325783
57325784
57325785
57325786
57325787
57325788
57325789
57325790
57325791
57325792
57325793
57325794
57325795
57325796
57325797
57325798
57325799
57325800
57325801
57325802
57325803
57325804
57325805
57325806
57325807
57325808
57325809
57325810
57325811
57325812
57325813
57325814
57325815
57325816
57325817
57325818
57325819
57325820
57325821
57325822
57325823
57325824
57325825
57325826
57325827
57325828
57325829
57325830
57325831
57325832
57325833
57325834
57325835
57325836
57325837
57325838
57325839
57325840
57325841
57325842
57325843
57325844
57325845
57325846
57325847
57325848
57325849
57325850
57325851
57325852
57325853
57325854
57325855
57325856
57325857
57325858
57325859
57325860
57325861
57325862
57325863
57325864
57325865
57325866
57325867
57325868
57325869
57325870
57325871
57325872
57325873
57325874
57325875
57325876
57325877
57325878
57325879
57325880
57325881
57325882
57325883
57325884
57325885
57325886
57325887
57325888
57325889
57325890
57325891
57325892
57325893
57325894
57325895
57325896
57325897
57325898
57325899
57325900
57325901
57325902
57325903
57325904
57325905
57325906
57325907
57325908
57325909
57325910
57325911
57325912
57325913
57325914
57325915
57325916
57325917
57325918
57325919
57325920
57325921
57325922
57325923
57325924
57325925
57325926
57325927
57325928
57325929
57325930
57325931
57325932
57325933
57325934
57325935
57325936
57325937
57325938
57325939
57325940
57325941
57325942
57325943
57325944
57325945
57325946
57325947
57325948
57325949
57325950
57325951
57325952
57325953
57325954
57325955
57325956
57325957
57325958
57325959
57325960
57325961
57325962
57325963
57325964
57325965
57325966
57325967
57325968
57325969
57325970
57325971
57325972
57325973
57325974
57325975
57325976
57325977
57325978
57325979
57325980
57325981
57325982
57325983
57325984
57325985
57325986
57325987
57325988
57325989
57325990
57325991
57325992
57325993
57325994
57325995
57325996
57325997
57325998
57325999
57326000
57326001
57326002
57326003
57326004
57326005
57326006
57326007
57326008
57326009
57326010
57326011
57326012
57326013
57326014
57326015
57326016
57326017
57326018
57326019
57326020
57326021
57326022
57326023
57326024
57326025
57326026
57326027
57326028
57326029
57326030
57326031
57326032
57326033
57326034
57326035
57326036
57326037
57326038
57326039
57326040
57326041
57326042
57326043
57326044
57326045
57326046
57326047
57326048
57326049
57326050
57326051
57326052
57326053
57326054
57326055
57326056
57326057
57326058
57326059
57326060
57326061
57326062
57326063
57326064
57326065
57326066
57326067
57326068
57326069
57326070
57326071
57326072
57326073
57326074
57326075
57326076
57326077
57326078
57326079
57326080
57326081
57326082
57326083
57326084
57326085
57326086
57326087
57326088
57326089
57326090
57326091
57326092
57326093
57326094
57326095
57326096
57326097
57326098
57326099
57326100
57326101
57326102
57326103
57326104
57326105
57326106
57326107
57326108
57326109
57326110
57326111
57326112
57326113
57326114
57326115
57326116
57326117
57326118
57326119
57326120
57326121
57326122
57326123
57326124
57326125
57326126
57326127
57326128
57326129
57326130
57326131
57326132
57326133
57326134
57326135
57326136
57326137
57326138
57326139
57326140
57326141
57326142
57326143
57326144
57326145
57326146
57326147
57326148
57326149
57326150
57326151
57326152
57326153
57326154
57326155
57326156
57326157
57326158
57326159
57326160
57326161
57326162
57326163
57326164
57326165
57326166
57326167
57326168
57326169
57326170
57326171
57326172
57326173
57326174
57326175
57326176
57326177
57326178
57326179
57326180
57326181
57326182
57326183
57326184
57326185
57326186
57326187
57326188
57326189
57326190
57326191
57326192
57326193
57326194
57326195
57326196
57326197
57326198
57326199
57326200
57326201
57326202
57326203
57326204
57326205
57326206
57326207
57326208
57326209
57326210
57326211
57326212
57326213
57326214
57326215
57326216
57326217
57326218
57326219
57326220
57326221
57326222
57326223
57326224
57326225
57326226
57326227
57326228
57326229
57326230
57326231
57326232
57326233
57326234
57326235
57326236
57326237
57326238
57326239
57326240
57326241
57326242
57326243
57326244
57326245
57326246
57326247
57326248
57326249
57326250
57326251
57326252
57326253
57326254
57326255
57326256
57326257
57326258
57326259
57326260
57326261
57326262
57326263
57326264
57326265
57326266
57326267
57326268
57326269
57326270
57326271
57326272
57326273
57326274
57326275
57326276
57326277
57326278
57326279
57326280
57326281
57326282
57326283
57326284
57326285
57326286
57326287
57326288
57326289
57326290
57326291
57326292
57326293
57326294
57326295
57326296
57326297
57326298
57326299
57326300
57326301
57326302
57326303
57326304
57326305
57326306
57326307
57326308
57326309
57326310
57326311
57326312
57326313
57326314
57326315
57326316
57326317
57326318
57326319
57326320
57326321
57326322
57326323
57326324
57326325
57326326
57326327
57326328
57326329
57326330
57326331
57326332
57326333
57326334
57326335
57326336
57326337
57326338
57326339
57326340
57326341
57326342
57326343
57326344
57326345
57326346
57326347
57326348
57326349
57326350
57326351
57326352
57326353
57326354
57326355
57326356
57326357
57326358
57326359
57326360
57326361
57326362
57326363
57326364
57326365
57326366
57326367
57326368
57326369
57326370
57326371
57326372
57326373
57326374
57326375
57326376
57326377
57326378
57326379
57326380
57326381
57326382
57326383
57326384
57326385
57326386
57326387
57326388
57326389
57326390
57326391
57326392
57326393
57326394
57326395
57326396
57326397
57326398
57326399
57326400
57326401
57326402
57326403
57326404
57326405
57326406
57326407
57326408
57326409
57326410
57326411
57326412
57326413
57326414
57326415
57326416
57326417
57326418
57326419
57326420
57326421
57326422
57326423
57326424
57326425
57326426
57326427
57326428
57326429
57326430
57326431
57326432
57326433
57326434
57326435
57326436
57326437
57326438
57326439
57326440
57326441
57326442
57326443
57326444
57326445
57326446
57326447
57326448
57326449
57326450
57326451
57326452
57326453
57326454
57326455
57326456
57326457
57326458
57326459
57326460
57326461
57326462
57326463
57326464
57326465
57326466
57326467
57326468
57326469
57326470
57326471
57326472
57326473
57326474
57326475
57326476
57326477
57326478
57326479
57326480
57326481
57326482
57326483
57326484
57326485
57326486
57326487
57326488
57326489
57326490
57326491
57326492
57326493
57326494
57326495
57326496
57326497
57326498
57326499
57326500
57326501
57326502
57326503
57326504
57326505
57326506
57326507
57326508
57326509
57326510
57326511
57326512
57326513
57326514
57326515
57326516
57326517
57326518
57326519
57326520
57326521
57326522
57326523
57326524
57326525
57326526
57326527
57326528
57326529
57326530
57326531
57326532
57326533
57326534
57326535
57326536
57326537
57326538
57326539
57326540
57326541
57326542
57326543
57326544
57326545
57326546
57326547
57326548
57326549
57326550
57326551
57326552
57326553
57326554
57326555
57326556
57326557
57326558
57326559
57326560
57326561
57326562
57326563
57326564
57326565
57326566
57326567
57326568
57326569
57326570
57326571
57326572
57326573
57326574
57326575
57326576
57326577
57326578
57326579
57326580
57326581
57326582
57326583
57326584
57326585
57326586
57326587
57326588
57326589
57326590
57326591
57326592
57326593
57326594
57326595
57326596
57326597
57326598
57326599
57326600
57326601
57326602
57326603
57326604
57326605
57326606
57326607
57326608
57326609
57326610
57326611
57326612
57326613
57326614
57326615
57326616
57326617
57326618
57326619
57326620
57326621
57326622
57326623
57326624
57326625
57326626
57326627
57326628
57326629
57326630
57326631
57326632
57326633
57326634
57326635
57326636
57326637
57326638
57326639
57326640
57326641
57326642
57326643
57326644
57326645
57326646
57326647
57326648
57326649
57326650
57326651
57326652
57326653
57326654
57326655
57326656
57326657
57326658
57326659
57326660
57326661
57326662
57326663
57326664
57326665
57326666
57326667
57326668
57326669
57326670
57326671
57326672
57326673
57326674
57326675
57326676
57326677
57326678
57326679
57326680
57326681
57326682
57326683
57326684
57326685
57326686
57326687
57326688
57326689
57326690
57326691
57326692
57326693
57326694
57326695
57326696
57326697
57326698
57326699
57326700
57326701
57326702
57326703
57326704
57326705
57326706
57326707
57326708
57326709
57326710
57326711
57326712
57326713
57326714
57326715
57326716
57326717
57326718
57326719
57326720
57326721
57326722
57326723
57326724
57326725
57326726
57326727
57326728
57326729
57326730
57326731
57326732
57326733
57326734
57326735
57326736
57326737
57326738
57326739
57326740
57326741
57326742
57326743
57326744
57326745
57326746
57326747
57326748
57326749
57326750
57326751
57326752
57326753
57326754
57326755
57326756
57326757
57326758
57326759
57326760
57326761
57326762
57326763
57326764
57326765
57326766
57326767
57326768
57326769
57326770
57326771
57326772
57326773
57326774
57326775
57326776
57326777
57326778
57326779
57326780
57326781
57326782
57326783
57326784
57326785
57326786
57326787
57326788
57326789
57326790
57326791
57326792
57326793
57326794
57326795
57326796
57326797
57326798
57326799
57326800
57326801
57326802
57326803
57326804
57326805
57326806
57326807
57326808
57326809
57326810
57326811
57326812
57326813
57326814
57326815
57326816
57326817
57326818
57326819
57326820
57326821
57326822
57326823
57326824
57326825
57326826
57326827
57326828
57326829
57326830
57326831
57326832
57326833
57326834
57326835
57326836
57326837
57326838
57326839
57326840
57326841
57326842
57326843
57326844
57326845
57326846
57326847
57326848
57326849
57326850
57326851
57326852
57326853
57326854
57326855
57326856
57326857
57326858
57326859
57326860
57326861
57326862
57326863
57326864
57326865
57326866
57326867
57326868
57326869
57326870
57326871
57326872
57326873
57326874
57326875
57326876
57326877
57326878
57326879
57326880
57326881
57326882
57326883
57326884
57326885
57326886
57326887
57326888
57326889
57326890
57326891
57326892
57326893
57326894
57326895
57326896
57326897
57326898
57326899
57326900
57326901
57326902
57326903
57326904
57326905
57326906
57326907
57326908
57326909
57326910
57326911
57326912
57326913
57326914
57326915
57326916
57326917
57326918
57326919
57326920
57326921
57326922
57326923
57326924
57326925
57326926
57326927
57326928
57326929
57326930
57326931
57326932
57326933
57326934
57326935
57326936
57326937
57326938
57326939
57326940
57326941
57326942
57326943
57326944
57326945
57326946
57326947
57326948
57326949
57326950
57326951
57326952
57326953
57326954
57326955
57326956
57326957
57326958
57326959
57326960
57326961
57326962
57326963
57326964
57326965
57326966
57326967
57326968
57326969
57326970
57326971
57326972
57326973
57326974
57326975
57326976
57326977
57326978
57326979
57326980
57326981
57326982
57326983
57326984
57326985
57326986
57326987
57326988
57326989
57326990
57326991
57326992
57326993
57326994
57326995
57326996
57326997
57326998
57326999
57327000
57327001
57327002
57327003
57327004
57327005
57327006
57327007
57327008
57327009
57327010
57327011
57327012
57327013
57327014
57327015
57327016
57327017
57327018
57327019
57327020
57327021
57327022
57327023
57327024
57327025
57327026
57327027
57327028
57327029
57327030
57327031
57327032
57327033
57327034
57327035
57327036
57327037
57327038
57327039
57327040
57327041
57327042
57327043
57327044
57327045
57327046
57327047
57327048
57327049
57327050
57327051
57327052
57327053
57327054
57327055
57327056
57327057
57327058
57327059
57327060
57327061
57327062
57327063
57327064
57327065
57327066
57327067
57327068
57327069
57327070
57327071
57327072
57327073
57327074
57327075
57327076
57327077
57327078
57327079
57327080
57327081
57327082
57327083
57327084
57327085
57327086
57327087
57327088
57327089
57327090
57327091
57327092
57327093
57327094
57327095
57327096
57327097
57327098
57327099
57327100
57327101
57327102
57327103
57327104
57327105
57327106
57327107
57327108
57327109
57327110
57327111
57327112
57327113
57327114
57327115
57327116
57327117
57327118
57327119
57327120
57327121
57327122
57327123
57327124
57327125
57327126
57327127
57327128
57327129
57327130
57327131
57327132
57327133
57327134
57327135
57327136
57327137
57327138
57327139
57327140
57327141
57327142
57327143
57327144
57327145
57327146
57327147
57327148
57327149
57327150
57327151
57327152
57327153
57327154
57327155
57327156
57327157
57327158
57327159
57327160
57327161
57327162
57327163
57327164
57327165
57327166
57327167
57327168
57327169
57327170
57327171
57327172
57327173
57327174
57327175
57327176
57327177
57327178
57327179
57327180
57327181
57327182
57327183
57327184
57327185
57327186
57327187
57327188
57327189
57327190
57327191
57327192
57327193
57327194
57327195
57327196
57327197
57327198
57327199
57327200
57327201
57327202
57327203
57327204
57327205
57327206
57327207
57327208
57327209
57327210
57327211
57327212
57327213
57327214
57327215
57327216
57327217
57327218
57327219
57327220
57327221
57327222
57327223
57327224
57327225
57327226
57327227
57327228
57327229
57327230
57327231
57327232
57327233
57327234
57327235
57327236
57327237
57327238
57327239
57327240
57327241
57327242
57327243
57327244
57327245
57327246
57327247
57327248
57327249
57327250
57327251
57327252
57327253
57327254
57327255
57327256
57327257
57327258
57327259
57327260
57327261
57327262
57327263
57327264
57327265
57327266
57327267
57327268
57327269
57327270
57327271
57327272
57327273
57327274
57327275
57327276
57327277
57327278
57327279
57327280
57327281
57327282
57327283
57327284
57327285
57327286
57327287
57327288
57327289
57327290
57327291
57327292
57327293
57327294
57327295
57327296
57327297
57327298
57327299
57327300
57327301
57327302
57327303
57327304
57327305
57327306
57327307
57327308
57327309
57327310
57327311
57327312
57327313
57327314
57327315
57327316
57327317
57327318
57327319
57327320
57327321
57327322
57327323
57327324
57327325
57327326
57327327
57327328
57327329
57327330
57327331
57327332
57327333
57327334
57327335
57327336
57327337
57327338
57327339
57327340
57327341
57327342
57327343
57327344
57327345
57327346
57327347
57327348
57327349
57327350
57327351
57327352
57327353
57327354
57327355
57327356
57327357
57327358
57327359
57327360
57327361
57327362
57327363
57327364
57327365
57327366
57327367
57327368
57327369
57327370
57327371
57327372
57327373
57327374
57327375
57327376
57327377
57327378
57327379
57327380
57327381
57327382
57327383
57327384
57327385
57327386
57327387
57327388
57327389
57327390
57327391
57327392
57327393
57327394
57327395
57327396
57327397
57327398
57327399
57327400
57327401
57327402
57327403
57327404
57327405
57327406
57327407
57327408
57327409
57327410
57327411
57327412
57327413
57327414
57327415
57327416
57327417
57327418
57327419
57327420
57327421
57327422
57327423
57327424
57327425
57327426
57327427
57327428
57327429
57327430
57327431
57327432
57327433
57327434
57327435
57327436
57327437
57327438
57327439
57327440
57327441
57327442
57327443
57327444
57327445
57327446
57327447
57327448
57327449
57327450
57327451
57327452
57327453
57327454
57327455
57327456
57327457
57327458
57327459
57327460
57327461
57327462
57327463
57327464
57327465
57327466
57327467
57327468
57327469
57327470
57327471
57327472
57327473
57327474
57327475
57327476
57327477
57327478
57327479
57327480
57327481
57327482
57327483
57327484
57327485
57327486
57327487
57327488
57327489
57327490
57327491
57327492
57327493
57327494
57327495
57327496
57327497
57327498
57327499
57327500
57327501
57327502
57327503
57327504
57327505
57327506
57327507
57327508
57327509
57327510
57327511
57327512
57327513
57327514
57327515
57327516
57327517
57327518
57327519
57327520
57327521
57327522
57327523
57327524
57327525
57327526
57327527
57327528
57327529
57327530
57327531
57327532
57327533
57327534
57327535
57327536
57327537
57327538
57327539
57327540
57327541
57327542
57327543
57327544
57327545
57327546
57327547
57327548
57327549
57327550
57327551
57327552
57327553
57327554
57327555
57327556
57327557
57327558
57327559
57327560
57327561
57327562
57327563
57327564
57327565
57327566
57327567
57327568
57327569
57327570
57327571
57327572
57327573
57327574
57327575
57327576
57327577
57327578
57327579
57327580
57327581
57327582
57327583
57327584
57327585
57327586
57327587
57327588
57327589
57327590
57327591
57327592
57327593
57327594
57327595
57327596
57327597
57327598
57327599
57327600
57327601
57327602
57327603
57327604
57327605
57327606
57327607
57327608
57327609
57327610
57327611
57327612
57327613
57327614
57327615
57327616
57327617
57327618
57327619
57327620
57327621
57327622
57327623
57327624
57327625
57327626
57327627
57327628
57327629
57327630
57327631
57327632
57327633
57327634
57327635
57327636
57327637
57327638
57327639
57327640
57327641
57327642
57327643
57327644
57327645
57327646
57327647
57327648
57327649
57327650
57327651
57327652
57327653
57327654
57327655
57327656
57327657
57327658
57327659
57327660
57327661
57327662
57327663
57327664
57327665
57327666
57327667
57327668
57327669
57327670
57327671
57327672
57327673
57327674
57327675
57327676
57327677
57327678
57327679
57327680
57327681
57327682
57327683
57327684
57327685
57327686
57327687
57327688
57327689
57327690
57327691
57327692
57327693
57327694
57327695
57327696
57327697
57327698
57327699
57327700
57327701
57327702
57327703
57327704
57327705
57327706
57327707
57327708
57327709
57327710
57327711
57327712
57327713
57327714
57327715
57327716
57327717
57327718
57327719
57327720
57327721
57327722
57327723
57327724
57327725
57327726
57327727
57327728
57327729
57327730
57327731
57327732
57327733
57327734
57327735
57327736
57327737
57327738
57327739
57327740
57327741
57327742
57327743
57327744
57327745
57327746
57327747
57327748
57327749
57327750
57327751
57327752
57327753
57327754
57327755
57327756
57327757
57327758
57327759
57327760
57327761
57327762
57327763
57327764
57327765
57327766
57327767
57327768
57327769
57327770
57327771
57327772
57327773
57327774
57327775
57327776
57327777
57327778
57327779
57327780
57327781
57327782
57327783
57327784
57327785
57327786
57327787
57327788
57327789
57327790
57327791
57327792
57327793
57327794
57327795
57327796
57327797
57327798
57327799
57327800
57327801
57327802
57327803
57327804
57327805
57327806
57327807
57327808
57327809
57327810
57327811
57327812
57327813
57327814
57327815
57327816
57327817
57327818
57327819
57327820
57327821
57327822
57327823
57327824
57327825
57327826
57327827
57327828
57327829
57327830
57327831
57327832
57327833
57327834
57327835
57327836
57327837
57327838
57327839
57327840
57327841
57327842
57327843
57327844
57327845
57327846
57327847
57327848
57327849
57327850
57327851
57327852
57327853
57327854
57327855
57327856
57327857
57327858
57327859
57327860
57327861
57327862
57327863
57327864
57327865
57327866
57327867
57327868
57327869
57327870
57327871
57327872
57327873
57327874
57327875
57327876
57327877
57327878
57327879
57327880
57327881
57327882
57327883
57327884
57327885
57327886
57327887
57327888
57327889
57327890
57327891
57327892
57327893
57327894
57327895
57327896
57327897
57327898
57327899
57327900
57327901
57327902
57327903
57327904
57327905
57327906
57327907
57327908
57327909
57327910
57327911
57327912
57327913
57327914
57327915
57327916
57327917
57327918
57327919
57327920
57327921
57327922
57327923
57327924
57327925
57327926
57327927
57327928
57327929
57327930
57327931
57327932
57327933
57327934
57327935
57327936
57327937
57327938
57327939
57327940
57327941
57327942
57327943
57327944
57327945
57327946
57327947
57327948
57327949
57327950
57327951
57327952
57327953
57327954
57327955
57327956
57327957
57327958
57327959
57327960
57327961
57327962
57327963
57327964
57327965
57327966
57327967
57327968
57327969
57327970
57327971
57327972
57327973
57327974
57327975
57327976
57327977
57327978
57327979
57327980
57327981
57327982
57327983
57327984
57327985
57327986
57327987
57327988
57327989
57327990
57327991
57327992
57327993
57327994
57327995
57327996
57327997
57327998
57327999
57328000
57328001
57328002
57328003
57328004
57328005
57328006
57328007
57328008
57328009
57328010
57328011
57328012
57328013
57328014
57328015
57328016
57328017
57328018
57328019
57328020
57328021
57328022
57328023
57328024
57328025
57328026
57328027
57328028
57328029
57328030
57328031
57328032
57328033
57328034
57328035
57328036
57328037
57328038
57328039
57328040
57328041
57328042
57328043
57328044
57328045
57328046
57328047
57328048
57328049
57328050
57328051
57328052
57328053
57328054
57328055
57328056
57328057
57328058
57328059
57328060
57328061
57328062
57328063
57328064
57328065
57328066
57328067
57328068
57328069
57328070
57328071
57328072
57328073
57328074
57328075
57328076
57328077
57328078
57328079
57328080
57328081
57328082
57328083
57328084
57328085
57328086
57328087
57328088
57328089
57328090
57328091
57328092
57328093
57328094
57328095
57328096
57328097
57328098
57328099
57328100
57328101
57328102
57328103
57328104
57328105
57328106
57328107
57328108
57328109
57328110
57328111
57328112
57328113
57328114
57328115
57328116
57328117
57328118
57328119
57328120
57328121
57328122
57328123
57328124
57328125
57328126
57328127
57328128
57328129
57328130
57328131
57328132
57328133
57328134
57328135
57328136
57328137
57328138
57328139
57328140
57328141
57328142
57328143
57328144
57328145
57328146
57328147
57328148
57328149
57328150
57328151
57328152
57328153
57328154
57328155
57328156
57328157
57328158
57328159
57328160
57328161
57328162
57328163
57328164
57328165
57328166
57328167
57328168
57328169
57328170
57328171
57328172
57328173
57328174
57328175
57328176
57328177
57328178
57328179
57328180
57328181
57328182
57328183
57328184
57328185
57328186
57328187
57328188
57328189
57328190
57328191
57328192
57328193
57328194
57328195
57328196
57328197
57328198
57328199
57328200
57328201
57328202
57328203
57328204
57328205
57328206
57328207
57328208
57328209
57328210
57328211
57328212
57328213
57328214
57328215
57328216
57328217
57328218
57328219
57328220
57328221
57328222
57328223
57328224
57328225
57328226
57328227
57328228
57328229
57328230
57328231
57328232
57328233
57328234
57328235
57328236
57328237
57328238
57328239
57328240
57328241
57328242
57328243
57328244
57328245
57328246
57328247
57328248
57328249
57328250
57328251
57328252
57328253
57328254
57328255
57328256
57328257
57328258
57328259
57328260
57328261
57328262
57328263
57328264
57328265
57328266
57328267
57328268
57328269
57328270
57328271
57328272
57328273
57328274
57328275
57328276
57328277
57328278
57328279
57328280
57328281
57328282
57328283
57328284
57328285
57328286
57328287
57328288
57328289
57328290
57328291
57328292
57328293
57328294
57328295
57328296
57328297
57328298
57328299
57328300
57328301
57328302
57328303
57328304
57328305
57328306
57328307
57328308
57328309
57328310
57328311
57328312
57328313
57328314
57328315
57328316
57328317
57328318
57328319
57328320
57328321
57328322
57328323
57328324
57328325
57328326
57328327
57328328
57328329
57328330
57328331
57328332
57328333
57328334
57328335
57328336
57328337
57328338
57328339
57328340
57328341
57328342
57328343
57328344
57328345
57328346
57328347
57328348
57328349
57328350
57328351
57328352
57328353
57328354
57328355
57328356
57328357
57328358
57328359
57328360
57328361
57328362
57328363
57328364
57328365
57328366
57328367
57328368
57328369
57328370
57328371
57328372
57328373
57328374
57328375
57328376
57328377
57328378
57328379
57328380
57328381
57328382
57328383
57328384
57328385
57328386
57328387
57328388
57328389
57328390
57328391
57328392
57328393
57328394
57328395
57328396
57328397
57328398
57328399
57328400
57328401
57328402
57328403
57328404
57328405
57328406
57328407
57328408
57328409
57328410
57328411
57328412
57328413
57328414
57328415
57328416
57328417
57328418
57328419
57328420
57328421
57328422
57328423
57328424
57328425
57328426
57328427
57328428
57328429
57328430
57328431
57328432
57328433
57328434
57328435
57328436
57328437
57328438
57328439
57328440
57328441
57328442
57328443
57328444
57328445
57328446
57328447
57328448
57328449
57328450
57328451
57328452
57328453
57328454
57328455
57328456
57328457
57328458
57328459
57328460
57328461
57328462
57328463
57328464
57328465
57328466
57328467
57328468
57328469
57328470
57328471
57328472
57328473
57328474
57328475
57328476
57328477
57328478
57328479
57328480
57328481
57328482
57328483
57328484
57328485
57328486
57328487
57328488
57328489
57328490
57328491
57328492
57328493
57328494
57328495
57328496
57328497
57328498
57328499
57328500
57328501
57328502
57328503
57328504
57328505
57328506
57328507
57328508
57328509
57328510
57328511
57328512
57328513
57328514
57328515
57328516
57328517
57328518
57328519
57328520
57328521
57328522
57328523
57328524
57328525
57328526
57328527
57328528
57328529
57328530
57328531
57328532
57328533
57328534
57328535
57328536
57328537
57328538
57328539
57328540
57328541
57328542
57328543
57328544
57328545
57328546
57328547
57328548
57328549
57328550
57328551
57328552
57328553
57328554
57328555
57328556
57328557
57328558
57328559
57328560
57328561
57328562
57328563
57328564
57328565
57328566
57328567
57328568
57328569
57328570
57328571
57328572
57328573
57328574
57328575
57328576
57328577
57328578
57328579
57328580
57328581
57328582
57328583
57328584
57328585
57328586
57328587
57328588
57328589
57328590
57328591
57328592
57328593
57328594
57328595
57328596
57328597
57328598
57328599
57328600
57328601
57328602
57328603
57328604
57328605
57328606
57328607
57328608
57328609
57328610
57328611
57328612
57328613
57328614
57328615
57328616
57328617
57328618
57328619
57328620
57328621
57328622
57328623
57328624
57328625
57328626
57328627
57328628
57328629
57328630
57328631
57328632
57328633
57328634
57328635
57328636
57328637
57328638
57328639
57328640
57328641
57328642
57328643
57328644
57328645
57328646
57328647
57328648
57328649
57328650
57328651
57328652
57328653
57328654
57328655
57328656
57328657
57328658
57328659
57328660
57328661
57328662
57328663
57328664
57328665
57328666
57328667
57328668
57328669
57328670
57328671
57328672
57328673
57328674
57328675
57328676
57328677
57328678
57328679
57328680
57328681
57328682
57328683
57328684
57328685
57328686
57328687
57328688
57328689
57328690
57328691
57328692
57328693
57328694
57328695
57328696
57328697
57328698
57328699
57328700
57328701
57328702
57328703
57328704
57328705
57328706
57328707
57328708
57328709
57328710
57328711
57328712
57328713
57328714
57328715
57328716
57328717
57328718
57328719
57328720
57328721
57328722
57328723
57328724
57328725
57328726
57328727
57328728
57328729
57328730
57328731
57328732
57328733
57328734
57328735
57328736
57328737
57328738
57328739
57328740
57328741
57328742
57328743
57328744
57328745
57328746
57328747
57328748
57328749
57328750
57328751
57328752
57328753
57328754
57328755
57328756
57328757
57328758
57328759
57328760
57328761
57328762
57328763
57328764
57328765
57328766
57328767
57328768
57328769
57328770
57328771
57328772
57328773
57328774
57328775
57328776
57328777
57328778
57328779
57328780
57328781
57328782
57328783
57328784
57328785
57328786
57328787
57328788
57328789
57328790
57328791
57328792
57328793
57328794
57328795
57328796
57328797
57328798
57328799
57328800
57328801
57328802
57328803
57328804
57328805
57328806
57328807
57328808
57328809
57328810
57328811
57328812
57328813
57328814
57328815
57328816
57328817
57328818
57328819
57328820
57328821
57328822
57328823
57328824
57328825
57328826
57328827
57328828
57328829
57328830
57328831
57328832
57328833
57328834
57328835
57328836
57328837
57328838
57328839
57328840
57328841
57328842
57328843
57328844
57328845
57328846
57328847
57328848
57328849
57328850
57328851
57328852
57328853
57328854
57328855
57328856
57328857
57328858
57328859
57328860
57328861
57328862
57328863
57328864
57328865
57328866
57328867
57328868
57328869
57328870
57328871
57328872
57328873
57328874
57328875
57328876
57328877
57328878
57328879
57328880
57328881
57328882
57328883
57328884
57328885
57328886
57328887
57328888
57328889
57328890
57328891
57328892
57328893
57328894
57328895
57328896
57328897
57328898
57328899
57328900
57328901
57328902
57328903
57328904
57328905
57328906
57328907
57328908
57328909
57328910
57328911
57328912
57328913
57328914
57328915
57328916
57328917
57328918
57328919
57328920
57328921
57328922
57328923
57328924
57328925
57328926
57328927
57328928
57328929
57328930
57328931
57328932
57328933
57328934
57328935
57328936
57328937
57328938
57328939
57328940
57328941
57328942
57328943
57328944
57328945
57328946
57328947
