695352
695353
695354
695355
695356
695357
695358
695359
695360
695361
695362
695363
695364
695365
695366
695367
695368
695369
695370
695371
695372
695373
695374
695375
695376
695377
695378
695379
695380
695381
695382
695383
695384
695385
695386
695387
695388
695389
695390
695391
695392
695393
695394
695395
695396
695397
695398
695399
695400
695401
695402
695403
695404
695405
695406
695407
695408
695409
695410
695411
695412
695413
695414
695415
695416
695417
695418
695419
695420
695421
695422
695423
695424
695425
695426
695427
695428
695429
695430
694814
694815
694816
694817
694818
694819
694820
694821
694822
694823
694824
694825
694826
694827
694828
694829
694830
694831
694832
694833
694834
694835
694836
694837
694838
694839
694840
694841
694842
694843
694844
694845
694846
694847
694848
694849
694850
694851
694852
694853
694854
694855
694856
694857
694858
694859
694860
694861
694862
694863
694864
694865
694866
694867
694868
694869
694870
694871
694872
694873
694874
694875
694876
694877
694878
694879
694880
694881
694882
694883
694884
694885
694886
694887
694888
694889
694890
694891
694892
694893
694894
694895
694896
694897
694898
694899
694900
694901
694902
694903
694904
694905
694906
694907
694908
694909
694910
694911
694912
694913
694914
694915
694916
694917
694918
694919
694920
694921
694922
694923
694924
694925
694926
694927
694928
694929
694930
694931
694932
694933
694934
694935
694936
694937
694938
694939
694940
694941
694942
694943
694944
694945
694946
694947
694948
694949
694950
694951
694952
694953
694954
694955
694956
694957
694958
694959
694960
694961
694962
694963
694964
694965
694966
694967
694968
694969
694970
691858
691859
691860
691861
691862
691863
691864
691865
691866
691867
691868
691869
691870
691871
691872
691873
691874
691875
691876
691877
691878
691879
691880
691881
691882
691883
691884
691885
691886
691887
691888
691889
691890
691891
691892
691893
691894
691895
691896
691897
691898
691899
691900
691901
691902
691903
691904
691905
691906
691907
691908
691909
691910
691911
691912
691913
691914
691915
691916
691917
691918
691919
691920
691921
691922
691923
691924
691925
691926
691927
691928
691929
691930
691931
691932
691933
691934
691935
691936
691937
691938
691939
691940
691941
691942
691943
691944
691945
691946
691947
691948
691949
691950
691951
691952
691953
691954
691955
691956
691957
691958
691959
691960
691961
691962
691963
691964
691965
691966
691967
691968
691969
691970
691971
691972
691973
691974
691975
691976
691977
691978
691979
691980
691981
691982
691983
691984
691985
691986
691987
691988
691989
691990
691991
691992
691993
691994
691995
691996
691997
691998
691999
692000
692001
692002
686925
686926
686927
686928
686929
686930
686931
686932
686933
686934
686935
686936
686937
686938
686939
686940
686941
686942
686943
686944
686945
686946
686947
686948
686949
686950
686951
686952
686953
686954
686955
686956
686957
686958
686959
686960
686961
686962
686963
686964
686965
686966
686967
686968
686969
686970
686971
686972
686973
686974
686975
686976
686977
686978
686979
686980
686981
686982
686983
686984
686985
686986
686987
686988
686989
686990
686991
686992
686993
686994
686995
686996
686997
686998
686999
687000
687001
687002
687003
687004
687005
687006
687007
687008
687009
687010
687011
687012
687013
687014
687015
687016
687017
687018
687019
687020
687021
687022
687023
687024
687025
687026
687027
687028
687029
687030
687031
687032
687033
687034
687035
687036
687037
687038
687039
687040
687041
687042
687043
687044
687045
687046
687047
687048
687049
687050
687051
687052
687053
687054
687055
687056
687057
687058
687059
687060
687061
687062
687063
687064
687065
687066
687067
687068
687069
687070
687071
687072
687073
687074
687075
687076
687077
687078
687079
687080
687081
687082
687083
687084
687085
687086
687087
687088
687089
687090
687091
687092
687093
687094
687095
687096
687097
687098
687099
687100
687101
687102
687103
687104
687105
687106
687107
687108
687109
687110
687111
687112
687113
687114
687115
687116
687117
687118
687119
687120
687121
687122
687123
687124
687125
687126
687127
687128
687129
687130
687131
687132
687133
687134
687135
687136
687137
687138
687139
687140
687141
687142
687143
687144
687145
687146
687147
687148
687149
687150
687151
687152
687153
687154
687155
687156
687157
687158
687159
687160
687161
687162
687163
687164
687165
687166
687167
687168
687169
687170
687171
687172
687173
687174
687175
687176
687177
687178
687179
687180
687181
687182
687183
687184
687185
687186
687187
687188
685719
685720
685721
685722
685723
685724
685725
685726
685727
685728
685729
685730
685731
685732
685733
685734
685735
685736
685737
685738
685739
685740
685741
685742
685743
685744
685745
685746
685747
685748
685749
685750
685751
685752
685753
685754
685755
685756
685757
685758
685759
685760
685761
685762
685763
685764
685765
685766
685767
685768
685769
685770
685771
685772
685773
685774
685775
685776
685777
685778
685779
685780
685781
685782
685783
685784
685785
685786
685787
685788
685789
685790
685791
685792
685793
685794
685795
685796
685797
685798
685799
685800
685801
685802
685803
685804
685805
685806
685807
685808
685809
685810
685811
685812
685813
685814
685815
685816
685817
685818
685819
685820
685821
685822
685823
685824
685825
685826
685827
685828
685829
685830
685831
685832
685833
685834
685835
685836
685837
685838
685839
685840
685841
685842
685843
685844
685845
685846
685847
685848
685849
685850
685851
685852
685853
685854
685855
685856
685857
685858
685859
685860
685861
685862
685863
685864
685865
685866
685867
685868
685869
685870
685871
685872
685873
685874
685875
685876
685877
685878
685879
685880
685881
685882
685883
685884
685885
685886
685887
685888
685889
685890
685891
685892
685893
685894
685895
685896
685897
685898
685899
685900
685901
685902
685903
685904
685905
685906
685907
685908
685909
685910
685911
685912
685913
685914
685915
685916
685917
685918
685919
685920
685921
685922
709147
709148
709149
709150
709151
726138
726139
726140
726141
726142
726143
726144
726145
726146
726147
726148
726149
726150
726151
726152
726153
726154
726155
726156
726157
726158
726159
726160
726161
726162
726163
726164
726165
726166
726167
726168
726169
726170
726171
726172
726173
726174
726175
726176
726177
726178
726179
726180
726181
726182
726183
726184
726185
726186
726187
726188
726189
727008
727009
727010
727011
727012
727013
727014
727015
727016
727017
727018
727019
727020
727021
727022
727023
727024
727025
727026
727027
727028
727029
727030
727031
727032
727033
727034
727035
727036
727037
727038
727039
727040
727041
727042
727043
727044
727045
727046
727047
727048
727049
727050
727051
727052
727053
727054
727055
727056
727057
727058
727059
727060
727061
727062
727063
727064
727065
727066
727067
727068
727069
727070
727071
727072
727073
727074
727075
727076
727077
727078
727079
727080
727081
727082
727083
727084
727085
727086
727087
727088
727564
727565
727566
727567
727568
727569
727570
727571
727572
727573
727574
727575
727576
727577
727578
727579
727580
727581
727582
727583
727584
727585
727586
727587
727588
727589
727590
727591
727592
727593
727594
727595
727596
727597
727598
727599
727600
727601
727602
727603
727604
727605
727606
727607
727608
727609
727610
727611
727612
727613
727614
727615
727616
727617
727618
727619
727620
727621
727622
727623
727624
727625
727626
727627
727628
727629
727630
727631
727632
727633
727634
727635
727636
727637
727638
727639
727640
727641
727642
727643
727644
727645
727646
727647
727648
727649
727650
727651
727652
727653
727654
727655
727656
727657
727658
727659
727660
727661
727662
727663
727664
727665
727666
727667
727668
727669
727670
727671
727672
727673
727674
727675
727676
727677
727678
727679
727680
727681
727682
727683
727684
727685
727686
727687
727688
727689
727690
727691
727692
727693
727694
731095
731096
731097
731098
731099
731100
731101
731102
731103
731104
731105
731106
731107
731108
731109
731110
731111
731112
731113
731114
731115
731116
731117
731118
731119
731120
731121
731122
731123
731124
731125
731126
731127
731128
731129
731130
731131
731132
731133
731134
731135
731136
731137
731138
731139
731140
731141
731142
731143
731144
731145
731146
731147
731148
731149
731150
731151
731152
731153
731154
731155
731156
731157
731158
731159
731160
731161
731162
731163
731164
731165
731166
731167
731168
731169
731170
731171
731172
731173
731174
731175
731176
731177
731178
731179
731180
731181
731182
731183
731184
731185
731186
731187
731188
731189
731190
731191
731192
731193
731194
731195
731196
731197
731198
731199
731200
731201
731202
731203
731204
731205
731206
731207
731208
731209
731210
731211
731212
731213
731214
731215
731216
731217
731218
731219
731220
731221
731222
731223
731224
731225
731226
731227
731228
731229
731230
731231
731232
731233
731234
731235
731236
731237
731238
731239
731240
731241
731242
731243
731244
731245
734173
734174
734175
734176
734177
734178
734179
734180
734181
734182
734183
734184
734185
734186
734187
734188
734189
734190
734191
734192
734193
734194
736019
736020
736021
736022
736023
736024
736025
736026
736027
736028
736029
736030
736031
736032
736033
736034
736035
736036
736037
736038
736039
736040
736041
736042
736043
736044
736045
736046
736047
736048
736049
736050
736051
736052
736053
736054
736055
736056
736057
736058
736059
736060
736061
736062
736063
736064
736065
736066
736067
736068
736069
736070
736071
736072
736073
736074
736075
736076
736077
736078
740352
740353
740354
740355
740356
740357
740358
740359
740360
740361
740362
740363
740364
740365
740366
740367
740368
740369
740370
740371
740372
740373
740374
740375
740376
740377
740378
740379
740380
740381
740382
740383
740384
740385
740386
740387
740388
740389
740390
740391
740392
740393
740394
740395
740396
740397
740398
740399
740400
740401
740402
740403
740404
740405
740406
740407
740408
740409
740410
740411
740412
740413
740414
740415
740416
740417
740418
740419
740420
740421
740422
740423
740424
740425
740426
740427
740428
740429
740430
740431
740432
740433
740434
740435
740436
740437
740438
740439
740440
740441
740442
740443
740444
740445
740446
740447
740448
740449
740450
740451
740452
740453
740454
740455
740456
740457
740458
740459
740460
740461
740462
740463
740464
740465
740466
740467
740468
740469
740470
740471
740472
740473
740474
740475
740476
740477
740478
740479
740480
740481
740482
740483
746285
746286
746287
746288
746289
746290
746291
746292
746293
746294
746295
746296
746297
746298
746299
746300
746301
746302
746303
746304
746305
746306
746307
746308
746309
746310
746311
746312
746313
746314
746315
746316
746317
746318
746319
746320
746321
746322
746323
746324
746325
746326
746327
746328
746329
746330
746331
746332
746333
746334
746335
746336
746337
746338
746339
746340
746341
746342
746343
746344
746345
746346
746347
746348
746349
746350
746351
746352
746353
746354
746355
746356
746357
746358
746359
746360
746361
746362
746363
746364
746365
746366
746367
746368
746369
746370
746371
746372
746373
746374
746375
746376
746377
746378
746379
746380
746381
746382
746383
746384
746385
746386
746387
746388
746389
746390
746391
746392
746393
746394
746395
746396
746397
746398
746399
746400
746401
746402
746403
746404
746405
746406
746407
746408
746409
746410
746411
746412
746413
746414
746415
746416
746417
746418
746419
746420
746421
746422
746423
746424
746425
746426
746427
746428
746429
746430
746431
746432
746433
746434
746435
746436
746437
746438
746439
746440
746441
746442
746443
746444
746445
746446
746447
746448
746449
746450
746451
746452
746453
746454
746455
746456
746457
746458
746459
746460
746461
746462
746463
746464
746465
746466
746467
746468
746469
746470
746471
746472
746473
746474
746475
746476
746477
746478
746479
746480
746481
746482
746483
746484
746485
746486
746487
746488
746489
746490
746491
746492
746493
746494
746495
746496
746497
746498
746499
746500
746501
746502
746503
746504
746505
746506
746507
746508
746509
746510
746511
746512
746513
746514
746515
746516
746517
746518
746519
746520
746521
746522
746523
746524
746525
746526
746527
746528
746529
746530
746531
746532
746533
746534
746535
746536
746537
746538
746539
746540
746541
746542
746543
746544
746545
746546
746547
746548
746549
746550
746551
746552
746553
746554
746555
746556
746557
746558
746559
746560
746561
746562
746563
746564
746565
746566
746567
746568
746569
746570
746571
746572
746573
746574
746575
746576
746577
746578
746579
746580
746581
746582
746583
746584
746585
746586
746587
746588
746589
746590
746591
746592
746593
746594
746595
746596
746597
746598
746599
746600
746601
746602
746603
746604
746605
746606
746607
746608
746609
746610
746611
746612
746613
746614
746615
746616
746617
746618
746619
746620
746621
746622
746623
746624
746625
746626
746627
746628
746629
746630
746631
746632
746633
746634
746635
746636
746637
746638
746639
746640
746641
746642
746643
746644
746645
746646
746647
746648
746649
746650
746651
746652
746653
746654
746655
746656
746657
746658
746659
746660
746661
746662
746663
746664
746665
746666
746667
746668
746669
746670
746671
746672
746673
746674
746675
746676
746677
746678
746679
746680
746681
746682
746683
746684
746685
746686
746687
746688
746689
746690
746691
746692
746693
746694
746695
746696
746697
746698
746699
746700
746701
746702
746703
746704
746705
746706
746707
746708
746709
746710
746711
746712
746713
746714
746715
746716
746717
746718
746719
746720
746721
746722
746723
746724
746725
746726
746727
746728
746729
746730
746731
746732
746733
746734
746735
746736
746737
746738
746739
746740
746741
746742
746743
746744
746745
746746
746747
746748
746749
746750
746751
746752
746753
746754
746755
746756
746757
746758
746759
746760
746761
746762
746763
746764
746765
746766
746767
746768
746769
746770
746771
746772
746773
746774
746775
746776
746777
746778
746779
746780
746781
746782
746783
746784
746785
746786
746787
746788
746789
746790
746791
746792
746793
746794
746795
746796
746797
746798
746799
746800
746801
746802
746803
746804
746805
746806
746807
746808
746809
746810
746811
756947
756948
756949
756950
756951
756952
756953
756954
756955
756956
756957
756958
756959
756960
756961
756962
756963
756964
756965
756966
756967
756968
756969
756970
756971
756972
756973
756974
756975
756976
756977
756978
756979
756980
756981
756982
756983
756984
756985
756986
756987
756988
756989
756990
756991
756992
756993
756994
756995
756996
756997
756998
756999
757000
757001
757002
757003
757004
757005
757006
757007
757008
757009
757010
757011
757012
757013
757014
757015
757016
757017
757018
757019
757020
757021
757022
757023
757024
757025
757026
757027
757028
757029
757030
757031
757032
757033
757034
757035
757036
757037
757038
757039
757040
757041
757042
757043
757044
757045
757046
757047
757048
757049
757050
757051
757052
757053
757054
757055
757056
757057
757058
757059
757060
757061
757062
757063
757064
757065
757066
757067
757068
757069
757070
757071
757072
757073
757074
757075
757076
757077
757078
757079
757080
757081
757082
757083
757084
757085
757086
757087
757088
757089
757090
757091
757092
757093
757094
757095
757096
757097
757098
757099
757100
757101
757102
757103
757104
757105
757106
757107
757108
757109
757110
757111
757112
757113
757114
757115
757116
757117
757118
757119
757120
757121
757122
757123
757124
757125
757126
757127
757128
757129
757130
757131
757132
757133
757134
757135
757136
757137
757138
757139
757140
757141
757142
757143
757144
757145
757146
757147
757148
757149
757150
757151
757152
757153
757154
757155
757156
757157
757158
757159
757160
757161
757162
757163
757164
757165
757166
757167
757168
757169
757170
757171
757172
757173
757174
757175
757176
757177
757178
757179
757180
757181
757182
757183
757184
757185
757186
757187
757188
757189
757190
757191
757192
757193
757194
757195
757196
757197
757198
757199
757200
757201
757202
757203
757204
757205
757206
757207
757208
757209
757210
757211
757212
757213
757214
757215
757216
757217
757218
757219
757220
757221
757222
757223
757224
757225
757226
757227
757228
757229
757230
757231
757232
757233
757234
757235
757236
757237
757238
757239
757240
757241
757242
757243
757244
757245
757246
757247
757248
757249
757250
757251
757252
757253
757254
757255
757256
757257
757258
757259
757260
757261
757262
757263
757264
757265
757266
757267
757268
757269
757270
757271
757272
757273
757274
757275
757276
757277
757278
757279
757280
757281
757282
757283
757284
757285
757286
757287
757288
757289
757290
757291
757292
757293
757294
757295
757296
757297
757298
757299
757300
757301
757302
757303
757304
757305
757306
757307
757308
757309
757310
757311
757312
757313
757314
757315
757316
757317
757318
757319
757320
757321
757322
757323
757324
757325
757326
757327
757328
757329
757330
757331
757332
757333
757334
757335
757336
757337
757338
757339
757340
757341
757342
757343
757344
757345
757346
757347
757348
757349
757350
757351
757352
757353
757354
757355
757356
757357
757358
757359
757360
757361
757362
757363
757364
757365
757366
757367
757368
757369
757370
757371
757372
757373
757374
757375
757376
757377
757378
757379
757380
757381
757382
757383
757384
757385
757386
757387
757388
757389
757390
757391
757392
757393
757394
757395
757396
757397
757398
757399
757400
757401
757402
757403
757404
757405
757406
757407
757408
757409
757410
757411
757412
757413
757414
757415
757416
757417
757418
757419
757420
757421
757422
757423
757424
757425
757426
757427
757428
757429
757430
757431
757432
757433
757434
757435
757436
757437
757438
757439
757440
757441
757442
757443
757444
757445
757446
757447
757448
757449
757450
757451
757452
757453
757454
757455
757456
757457
757458
757459
757460
757461
757462
757463
757464
757465
757466
757467
757468
757469
757470
757471
757472
757473
757474
757475
757476
757477
757478
757479
757480
757481
757482
757483
757484
757485
757486
757487
757488
757489
757490
757491
757492
757493
757494
757495
757496
757497
757498
757499
757500
757501
757502
757503
757504
757505
757506
757507
757508
757509
757510
757511
757512
757513
757514
757515
757516
757517
757518
757519
757520
757521
757522
757523
757524
757525
757526
757527
757528
757529
757530
757531
757532
757533
757534
757535
757536
757537
757538
757539
757540
757541
757542
757543
757544
757545
757546
757547
757548
757549
757550
757551
757552
757553
757554
757555
757556
757557
757558
757559
757560
757561
757562
757563
757564
757565
757566
757567
757568
757569
757570
757571
757572
757573
757574
757575
757576
757577
757578
757579
757580
757581
757582
757583
757584
757585
757586
757587
757588
757589
757590
757591
757592
757593
757594
757595
757596
757597
757598
757599
757600
757601
757602
757603
757604
757605
757606
757607
757608
757609
757610
757611
757612
757613
757614
757615
757616
757617
757618
757619
757620
757621
757622
757623
757624
757625
757626
757627
757628
757629
757630
757631
757632
757633
757634
757635
757636
757637
757638
757639
757640
757641
757642
757643
757644
757645
757646
757647
757648
757649
757650
757651
757652
757653
757654
757655
757656
757657
757658
757659
757660
757661
757662
757663
757664
757665
757666
757667
757668
757669
757670
757671
757672
757673
757674
757675
757676
757677
757678
757679
757680
757681
757682
757683
757684
757685
757686
757687
757688
757689
757690
757691
757692
757693
757694
757695
757696
757697
757698
757699
757700
757701
757702
757703
757704
757705
757706
757707
757708
757709
757710
757711
757712
757713
757714
757715
757716
757717
757718
757719
757720
757721
757722
757723
757724
757725
757726
757727
757728
757729
757730
757731
757732
757733
757734
757735
757736
757737
757738
757739
757740
757741
757742
757743
757744
757745
757746
757747
757748
757749
757750
757751
757752
757753
757754
757755
757756
757757
757758
757759
757760
757761
757762
757763
757764
757765
757766
757767
757768
757769
757770
757771
757772
757773
757774
757775
757776
757777
757778
757779
757780
757781
757782
757783
757784
757785
757786
757787
757788
757789
757790
757791
757792
757793
757794
757795
757796
757797
757798
757799
757800
757801
757802
757803
757804
757805
757806
757807
757808
757809
757810
757811
757812
757813
757814
757815
757816
757817
757818
757819
757820
757821
757822
757823
757824
757825
757826
757827
757828
757829
757830
757831
757832
757833
757834
757835
757836
757837
757838
757839
757840
757841
757842
757843
757844
757845
757846
757847
757848
757849
757850
757851
757852
757853
757854
757855
757856
757857
757858
757859
757860
757861
757862
757863
757864
757865
757866
757867
757868
757869
757870
757871
757872
757873
757874
757875
757876
757877
757878
757879
757880
757881
757882
757883
757884
757885
757886
757887
757888
757889
757890
757891
757892
757893
757894
757895
757896
757897
757898
757899
757900
757901
757902
757903
757904
757905
757906
757907
757908
757909
757910
757911
757912
757913
757914
757915
757916
757917
757918
757919
757920
757921
757922
757923
757924
757925
757926
757927
757928
757929
757930
757931
757932
757933
757934
757935
757936
757937
757938
757939
757940
757941
757942
757943
757944
757945
757946
757947
757948
757949
757950
757951
757952
757953
757954
757955
757956
757957
757958
757959
757960
757961
757962
757963
757964
757965
757966
757967
757968
757969
757970
757971
757972
757973
757974
757975
757976
757977
757978
757979
757980
757981
757982
757983
757984
757985
757986
757987
757988
757989
757990
757991
757992
757993
757994
757995
757996
757997
757998
757999
758000
758001
758002
758003
758004
758005
758006
758007
758008
758009
758010
758011
758012
758013
758014
758015
758016
758017
758018
758019
758020
758021
758022
758023
758024
758025
758026
758027
758028
758029
758030
758031
758032
758033
758034
758035
758036
758037
758038
758039
758040
758041
758042
758043
758044
758045
758046
758047
758048
758049
758050
758051
758052
758053
758054
758055
758056
758057
758058
758059
758060
758061
758062
758063
758064
758065
758066
758067
758068
758069
758070
758071
758072
758073
758074
758075
758076
758077
758078
758079
758080
758081
758082
758083
758084
758085
758086
758087
758088
758089
758090
758091
758092
758093
758094
758095
758096
758097
758098
758099
758100
758101
758102
758103
758104
758105
758106
758107
758108
758109
758110
758111
758112
758113
758114
758115
758116
758117
758118
758119
758120
758121
758122
758123
758124
758125
758126
758127
758128
758129
758130
758131
758132
758133
758134
758135
758136
758137
758138
758139
758140
758141
758142
758143
758144
758145
758146
758147
758148
758149
758150
758151
758152
758153
758154
758155
758156
758157
758158
758159
758160
758161
758162
758163
758164
758165
758166
758167
758168
758169
758170
758171
758172
758173
758174
758175
758176
758177
758178
758179
758180
758181
758182
758183
758184
758185
758186
758187
758188
758189
758190
758191
758192
758193
758194
758195
758196
758197
758198
758199
758200
758201
758202
758203
758204
758205
758206
758207
758208
758209
758210
758211
758212
758213
758214
758215
758216
758217
758218
758219
758220
758221
758222
758223
758224
758225
758226
758227
758228
758229
758230
758231
758232
758233
758234
758235
758236
758237
758238
758239
758240
758241
758242
758243
758244
758245
758246
758247
758248
758249
758250
758251
758252
758253
758254
758255
758256
758257
758258
758259
758260
758261
758262
758263
758264
758265
758266
758267
758268
758269
758270
758271
758272
758273
758274
758275
758276
758277
758278
758279
758280
758281
758282
758283
758284
758285
758286
758287
758288
758289
758290
758291
758292
758293
758294
758295
758296
758297
758298
758299
758300
758301
758302
758303
758304
758305
758306
758307
758308
758309
758310
758311
758312
758313
758314
758315
758316
758317
758318
758319
758320
758321
758322
758323
758324
758325
758326
758327
758328
758329
758330
758331
758332
758333
758334
758335
758336
758337
758338
758339
758340
758341
758342
758343
758344
758345
758346
758347
758348
758349
758350
758351
758352
758353
758354
758355
758356
758357
758358
758359
758360
758361
758362
758363
758364
758365
758366
758367
758368
758369
758370
758371
758372
758373
758374
758375
758376
758377
758378
758379
758380
758381
758382
758383
758384
758385
758386
758387
758388
758389
758390
758391
758392
758393
758394
758395
758396
758397
758398
758399
758400
758401
758402
758403
758404
758405
758406
758407
758408
758409
758410
758411
758412
758413
758414
758415
758416
758417
758418
758419
758420
758421
758422
758423
758424
758425
758426
758427
758428
758429
758430
758431
758432
758433
758434
758435
758436
758437
758438
758439
758440
758441
758442
758443
758444
758445
758446
758447
758448
758449
758450
758451
758452
758453
758454
758455
758456
758457
758458
758459
758460
758461
758462
758463
758464
758465
758466
758467
758468
758469
758470
758471
758472
758473
758474
758475
758476
758477
758478
758479
758480
758481
758482
758483
758484
758485
758486
758487
758488
758489
758490
758491
758492
758493
758494
758495
758496
758497
758498
758499
758500
758501
758502
758503
758504
758505
758506
758507
758508
758509
758510
758511
758512
758513
758514
758515
758516
758517
758518
758519
758520
758521
758522
758523
758524
758525
758526
758527
758528
758529
758530
758531
758532
758533
758534
758535
758536
758537
758538
758539
758540
758541
758542
758543
758544
758545
758546
758547
758548
758549
758550
758551
758552
758553
758554
758555
758556
758557
758558
758559
758560
758561
758562
758563
758564
758565
758566
758567
758568
758569
758570
758571
758572
758573
758574
758575
758576
758577
758578
758579
758580
758581
758582
758583
758584
758585
758586
758587
758588
758589
758590
758591
758592
758593
758594
758595
758596
758597
758598
758599
758600
758601
758602
758603
758604
758605
758606
758607
758608
758609
758610
758611
758612
758613
758614
758615
758616
758617
758618
758619
758620
758621
758622
758623
758624
758625
758626
758627
758628
758629
758630
758631
758632
758633
758634
758635
758636
758637
758638
758639
758640
758641
758642
758643
758644
758645
758646
758647
758648
758649
758650
758651
758652
758653
758654
758655
758656
758657
758658
758659
758660
758661
758662
758663
758664
758665
758666
758667
758668
758669
758670
758671
758672
758673
758674
758675
758676
758677
758678
758679
758680
758681
758682
758683
758684
758685
758686
758687
758688
758689
758690
758691
758692
758693
758694
758695
758696
758697
758698
758699
758700
758701
758702
758703
758704
758705
758706
758707
758708
758709
758710
758711
758712
758713
758714
758715
758716
758717
758718
758719
758720
758721
758722
758723
758724
758725
758726
759909
759910
759911
759912
759913
759914
759915
759916
759917
759918
759919
759920
759921
759922
759923
759924
759925
759926
759927
759928
759929
759930
759931
759932
759933
759934
759935
759936
759937
759938
759939
759940
759941
759942
759943
759944
759945
759946
759947
759948
759949
759950
759951
759952
759953
759954
759955
759956
759957
759958
759959
759960
759961
759962
759963
759964
759965
759966
759967
759968
759969
759970
759971
759972
759973
759974
759975
759976
759977
759978
759979
759980
759981
759982
759983
759984
759985
759986
759987
759988
759989
759990
759991
759992
759993
759994
759995
759996
759997
759998
759999
760000
760001
760002
760003
760004
760005
760006
760007
760008
760009
760010
760011
760012
760013
760014
760015
760016
760017
760018
760019
760020
760021
760022
760023
760024
760025
760026
760027
760028
760029
760030
760031
760032
760033
760034
760035
760036
760037
760038
760039
761625
761626
761627
761628
761629
761630
761631
761632
761633
761634
761635
761636
761637
761638
761639
761640
761641
761642
761643
761644
761645
761646
761647
761648
761649
761650
761651
761652
761653
761654
761655
761656
761657
761658
761659
761660
761661
761662
761663
763501
763502
763503
763504
763505
763506
763507
763508
763509
763510
763511
763512
763513
763514
763515
763516
763517
763518
763519
763520
763521
763522
763523
763524
763525
763526
763527
763528
763529
763530
763531
763532
763533
763534
763535
763536
763537
763538
763539
763540
763541
763542
763543
763544
763545
763546
763547
763548
763549
763550
763551
763552
763553
763554
763555
763556
763557
763558
763559
763560
763561
763562
763563
763564
763565
763566
763567
763568
763569
763570
763571
763572
763573
763574
763575
763576
763577
763578
763579
763580
763581
763582
763583
763584
763585
763586
763587
797498
797499
797500
797501
797502
797503
797504
797505
799413
799414
799415
799416
799417
799418
799419
799420
799421
799422
799423
799424
799425
799426
799427
799428
799429
799430
799431
799432
799433
799434
799435
799436
799437
799438
799439
799440
799441
799442
799443
803561
803562
803563
803564
803565
803566
803567
803568
803569
803570
803571
803572
803573
803574
803575
803576
803577
803578
803579
803580
803581
803582
803583
803584
803585
803586
803587
803588
803589
803590
803591
803592
803593
803594
803595
803596
803597
803598
803599
803600
803601
803602
803603
803604
803605
803606
803607
803608
803609
803610
803611
803612
803613
803614
803615
803616
803617
803618
803619
803620
803621
803622
803623
803624
803625
803626
803627
803628
803629
803630
803631
803632
803633
803634
803635
803636
804036
804037
804038
804039
804040
804041
804042
804043
804044
804045
804046
804047
804048
804049
804050
804051
804052
804053
804054
804055
804056
804057
804058
804059
804060
804061
804062
804063
804064
804065
804066
804067
804068
804069
804070
804071
804072
804073
804074
804075
804076
804077
804078
804079
804080
804081
804082
804083
804084
804085
804086
804087
804088
804089
804090
804091
804092
804093
804094
804095
804096
804097
804098
804099
804100
804101
804102
804103
804104
804105
804106
804107
804108
804109
804110
804111
804112
804113
804114
804115
804116
804117
804118
804119
804120
804121
804122
804123
804124
804125
804126
804127
804128
804129
804130
804131
804132
804133
804134
804135
804136
804137
804138
804139
804140
804141
804142
804143
804144
804145
804146
804147
804148
804149
804150
804151
804152
804153
804154
804155
804156
804157
804158
804159
804160
804161
804162
804163
804164
804165
804166
804167
804168
804169
804170
804171
804172
804173
804174
804175
804176
804177
804178
804179
804180
804181
804182
804183
804184
804185
804186
804187
804188
804189
804190
804191
804192
804193
804194
804195
804196
804197
804198
804199
804200
804201
804202
804203
804204
804205
804206
804207
804208
804292
804293
804294
804295
804296
804297
804298
804299
804300
804301
804302
804303
804304
804305
804306
804307
804308
804309
804310
804311
804312
804313
804314
804315
804316
804317
804318
804319
804320
804321
804322
804323
804324
804325
804326
804327
804328
804329
804330
804331
804332
804333
804334
804335
804336
804337
804338
804339
804340
804341
804342
804343
804344
804345
804346
804347
804348
804349
804350
804351
804352
804353
804354
804355
804356
804357
804358
804359
804360
804361
804362
804363
804364
804365
804366
804367
804368
804369
804370
804371
804372
804373
804374
804375
804376
804377
804378
804379
804380
804381
804382
804383
804384
804385
804386
804387
804388
804389
804390
804391
804392
804393
804394
804395
804396
804397
804398
804399
804400
804401
804402
804403
804404
804405
804406
804407
804408
804409
804410
804411
804412
804413
804414
804415
804416
804417
804418
804419
804420
804421
804422
804423
804424
804425
804426
804427
804428
804429
804430
804431
804432
804433
804434
804435
804436
804437
804438
804532
804533
804534
804535
804536
804537
804538
804539
804540
804541
804542
804543
804544
804545
804546
804547
804548
804549
804550
804551
804552
804553
804554
804555
804556
804557
804558
804559
804560
804561
804562
804563
804564
804565
804566
804567
804568
804569
804570
804571
804572
804573
804574
804575
804576
804577
804578
804579
804580
804581
804582
804583
804584
804585
804586
804587
804588
804589
804590
804591
804592
804593
804594
804595
804596
804597
804598
804599
804600
804601
804602
804603
804604
804605
804606
804607
804608
804609
804610
804611
804612
804613
804614
804615
804616
804617
804618
804619
804620
804621
804622
804623
804624
804625
804626
804627
804628
804629
804630
804631
804632
804633
804634
804635
804636
804637
804638
804639
804640
804641
804642
804643
804644
804645
804646
804647
804648
804649
804650
804651
804652
804653
804654
804655
804656
804657
804658
804659
804660
804661
804662
804663
804664
804665
804666
804667
804668
804669
804670
804671
804672
804673
804674
804675
804676
804677
804678
804679
804680
804681
804682
804683
804684
804685
804686
804687
804688
804689
804690
804691
804692
804693
804694
804695
804696
804697
804698
804699
804700
804701
804702
804829
804830
804831
804832
804833
804834
804835
804836
804837
804838
804839
804840
804841
804842
804843
804844
804845
804846
804847
804848
804849
804850
804851
804852
804853
804854
804855
804856
804857
804858
804859
804860
804861
804862
804863
804864
804865
804866
804867
804868
804869
804870
804871
804872
804873
804874
804875
804876
804877
804878
804879
804880
804881
804882
804883
804884
804885
804886
804887
804888
804889
804890
804891
804892
804893
804894
804895
804896
804897
804898
804899
804900
804901
804902
804903
804904
804905
804906
804907
804908
804909
804910
804911
804912
804913
804914
804915
804916
804917
804918
804919
804920
804921
804922
804923
804924
804925
804926
804927
804928
804929
804930
804931
804932
804933
804934
804935
804936
804937
804938
804939
805013
805014
805015
805016
805017
805018
805019
805020
805021
805022
805023
805024
805025
805026
805027
805028
805029
805030
805031
805032
805033
805034
805035
805036
805037
805038
805039
805040
805041
805042
805043
805044
805045
805046
805047
805048
805049
805050
805051
805052
805053
805054
805055
805056
805057
805058
805059
805060
805061
805062
805063
805064
805065
805066
805067
805068
805069
805070
805071
805072
805073
805074
805075
805076
805077
805078
805079
805080
805081
805082
805083
805084
805085
805086
805087
805088
805089
805090
805091
805092
805093
805094
805095
805096
805097
805098
805099
805100
805101
805102
805103
805104
805105
805106
805107
805108
805109
805110
805111
805112
805113
805114
805115
805116
805117
805118
805119
805120
805121
805122
805123
805124
805125
805126
805127
805128
805129
805130
805131
805132
805133
805134
805135
805136
805137
805138
805139
805140
805141
805142
805143
805144
805145
805146
805147
805148
805149
805150
805151
805152
805153
805154
805155
805156
805157
805158
805159
805160
805161
805162
805163
805164
805165
805166
805167
805168
805169
805170
805171
805172
805173
805174
805175
805176
805177
805178
805179
805180
805181
805182
805183
805184
805185
805186
805187
805492
805493
805494
805495
805496
805497
805498
805499
805500
805501
805502
805503
805504
805505
805506
805507
805508
805509
805510
805511
805512
805513
805514
805515
805516
805517
805518
805519
805520
805521
805522
805523
805524
805525
805526
805527
805528
805529
805530
805531
805532
805533
805534
805535
805536
805537
805538
805539
805540
805541
805542
805543
805544
805545
805546
805547
805548
805549
805550
805551
805552
805553
805554
805555
805556
805557
805558
805559
805560
805561
805562
805563
805564
805565
805566
805567
805568
805569
806408
806409
806410
806411
806412
806413
806414
806415
806416
806417
806418
806419
806420
806421
806422
806423
806424
806425
806426
806427
806428
806429
806430
806431
806432
806433
806434
806435
806436
806437
806438
806439
806440
806441
806442
806443
806444
806445
806446
806447
806448
806449
806450
806451
806452
806453
806454
806455
806456
806457
806458
806459
806460
806461
806462
806463
806464
806465
806466
806467
806468
806469
806470
806471
806472
806473
806474
806475
806476
806477
806478
806479
806480
806481
806482
806483
806484
806485
806486
806487
806488
806489
806490
806491
806492
806493
806494
806495
806496
806497
806498
806499
806500
806501
806502
806503
806504
806505
806506
806507
806508
806509
806510
806511
806512
806513
806514
806515
806516
806517
806518
806519
806520
806521
806522
806523
806524
806525
806526
806527
806528
806529
806530
806531
806532
806533
806534
806535
806536
806537
806538
806539
806540
806541
806542
806543
806544
806545
806546
806547
806548
806549
806550
806551
806552
806553
806554
806555
806556
807869
807870
807871
807872
807873
807874
807875
807876
807877
807878
807879
807880
807881
807882
807883
807884
807885
807886
807887
807888
807889
807890
807891
807892
807893
807894
807895
807896
807897
807898
807899
807900
807901
807902
808360
808361
808362
808363
808364
808365
808366
808367
808368
808369
808370
808371
808372
808373
808374
808375
808376
808377
808378
808379
808380
808381
808382
808383
808384
808385
808386
808387
808388
808389
808390
808391
808392
808393
808394
808395
808396
808397
808398
808399
808400
808401
808402
808403
808404
808405
808406
808407
808408
808409
808410
808411
808412
808413
808414
808415
808416
808417
808418
808419
808420
808421
808422
808423
808424
808425
808426
808427
808428
808429
808430
808431
808432
808433
808434
808435
808436
808437
808438
808439
808440
808441
808442
808443
808444
808445
808446
808447
808448
808449
808450
808451
808452
808546
808547
808548
808549
808550
808551
808552
808553
808554
808555
808556
808557
808558
808559
808560
808561
808562
808563
808564
808565
808566
808567
808568
808569
808570
808571
808572
808573
808574
808575
808576
808577
808578
808579
808580
808581
808582
808583
808584
808585
808586
808587
808588
808589
808590
808591
808592
808593
808594
808595
808596
808597
808598
808599
808600
808601
808602
808603
808604
808605
808606
808607
808608
808609
808610
808611
808612
808613
808614
808615
808616
808617
808618
808619
808620
808621
808622
808623
808624
808625
808626
808627
808628
808629
808630
808631
808632
808633
808634
808635
808636
808637
808638
808639
808640
808641
808642
808643
808644
808645
808646
808647
808648
808649
808650
808651
808652
808653
808654
808655
808656
808657
808658
808659
808660
808661
808662
808663
808664
808665
808666
808667
808668
808669
808670
808671
808672
808673
808674
808675
808676
808677
808678
808679
808680
808681
808682
808683
808684
808685
808686
808687
808688
808689
808690
808691
808692
808693
808694
808695
808696
808697
808698
808699
808700
808701
808702
808703
808704
808705
808706
808707
808708
808709
808710
808711
808712
808713
808714
808715
808716
808717
808718
808719
808720
808721
808722
808723
808724
808725
808726
808727
808728
808729
808730
808731
808732
808733
808734
808735
808736
808737
808738
808739
808740
808741
808742
808743
808744
808745
808746
808747
808748
808749
808750
808751
808752
808753
808754
808755
808756
808757
808758
808759
808760
808761
808762
810543
810544
810545
810546
810547
810548
810549
810550
810551
810552
810553
810554
810555
810556
810557
810558
810559
810560
810561
810562
810563
810564
810565
810566
810567
810568
810569
810570
810571
810572
810573
810574
810575
810576
810577
810578
810579
810580
810581
810582
810583
810584
810585
810586
810587
810588
810589
810590
810591
810592
810593
810594
810595
810596
810597
810598
810599
810600
810601
810602
810603
810604
810605
810606
810607
810608
810609
810610
810611
810612
810613
810614
810615
810616
810617
810618
810619
810620
810694
810695
810696
810697
810698
810699
810700
810701
810702
810703
810704
810705
810706
810707
810708
810709
810710
810711
810712
810713
810714
810715
810716
810717
810718
810719
810720
810721
810722
810723
810724
810725
810726
810727
810728
810729
810730
810731
810732
810733
810734
810735
810736
810737
810738
810739
810740
810741
810742
810743
810744
810745
810746
810747
810748
810749
810750
810751
810752
810753
810754
810755
810756
810757
810758
810759
810760
810761
810762
810763
810764
810765
810766
810767
810768
810769
810770
810771
810772
810773
810774
810775
810776
810777
810778
810779
810780
810781
810782
810783
810784
810785
810786
810787
810788
810789
810790
810791
810792
810793
810794
810795
810796
810797
810798
810799
810800
810801
810802
810803
810804
810805
810806
810807
810808
810809
810810
810811
810812
810813
810814
810815
810816
810817
810818
810819
810820
810821
810822
810823
821485
821486
821487
821488
821489
821490
821491
821492
821493
821494
821495
821496
821497
821498
821499
821500
821501
821502
821503
821504
821505
821506
821507
821508
821509
821510
821511
821512
821513
821514
821515
821516
821517
821518
821519
821520
821521
821522
821523
821524
821525
821526
821527
821528
821529
821530
821531
821532
821533
821534
821535
821536
821537
821538
821539
821540
821541
821542
821543
821544
821545
821546
821547
821548
821549
821550
821551
821552
821553
821554
821555
821556
821557
821558
821559
815666
815667
815668
815669
815670
815671
815672
815673
815674
815675
815676
815677
815678
815679
815680
815681
815682
815683
815684
815685
815686
815687
815688
815689
815690
815691
815692
815693
815694
815695
815696
815697
815698
815699
815700
815701
815702
815703
815704
815705
815706
815707
815708
815709
815710
815711
815712
815713
815714
815715
815716
815717
815718
815719
815720
815721
815722
815723
815724
815725
815726
815727
815728
815729
815730
815731
815732
815733
815734
815735
815736
815737
815738
815739
815740
815741
815742
815743
815744
815745
815746
815747
815748
815749
815750
815751
815752
815753
815754
815755
815756
815757
815758
815759
815760
815761
815762
815763
815764
815765
815766
815767
815768
815769
815770
815771
815772
815773
815774
815775
815776
815777
815778
815779
815780
815781
815782
815783
815784
815785
815786
815787
815788
815789
815790
815791
815792
815793
815794
815795
815796
815797
815798
815799
815800
815801
815802
815803
815804
815805
815806
815807
815808
815809
815810
815811
815812
815813
815814
815815
815816
815817
815818
815819
815820
815821
815822
815823
815824
815825
815826
815827
815828
815829
815830
815831
815832
815833
815834
815835
815836
815837
815838
815839
815840
815841
815842
815843
815844
815845
815846
815847
815848
815849
815850
815851
815186
815187
815188
815189
815190
815191
815192
815193
815194
815195
815196
815197
815198
815199
815200
815201
815202
815203
815204
815205
815206
815207
815208
815209
815210
815211
815212
815213
815214
815215
815216
815217
815218
815219
815220
815221
815222
815223
815224
815225
815226
815227
815228
815229
815230
815231
815232
815233
815234
815235
815236
815237
815238
815239
815240
815241
815242
815243
815244
815245
815246
815247
815248
815249
815250
815251
815252
815253
815254
815255
815256
815257
815258
815259
815260
815261
815262
815263
815264
815265
815266
815267
815268
815269
815270
815271
815272
815273
815274
815275
815276
815277
815278
815279
815280
815281
815282
815283
815284
815285
815286
815287
815288
815289
815290
815291
815292
815293
815294
815295
815296
815297
815298
815299
815300
815301
815302
815303
815304
815305
815306
815307
815308
815309
815310
815311
815312
815313
815314
815315
815316
815317
815318
815319
815320
815321
815322
815323
815324
815325
815326
815327
814886
814887
814888
814889
814890
814891
814892
814893
814894
814895
814896
814897
814898
814899
814900
814901
814902
814903
814904
814905
814906
814907
814908
814909
814910
814911
814912
814913
814914
814915
814916
814917
814918
814919
814920
814921
814922
814923
814924
814925
814926
814927
814928
814929
814930
814931
814932
814933
814934
814935
814936
814937
814938
814939
814940
814941
814942
814943
814944
814945
814946
814947
814948
814949
814950
814951
814952
814953
814954
814955
814956
814957
814958
814959
814960
814961
814962
814963
814964
814965
814966
814967
814968
814969
814970
814971
814972
814973
814974
814975
814976
814977
814978
814979
814980
814981
814982
814983
814984
814985
814986
814987
814988
814989
814990
814991
814992
814993
814994
814995
814996
814997
814998
814999
815000
815001
815002
815003
815004
815005
815006
815007
815008
815009
815010
815011
815012
815013
815014
815015
815016
815017
815018
815019
815020
815021
815022
815023
815024
815025
815026
815027
815028
815029
815030
815031
815032
815033
815034
815035
815036
815037
815038
815039
815040
815041
815042
815043
815044
815045
815046
815047
815048
815049
815050
815051
815052
815053
815054
815055
815056
815057
815058
815059
815060
815061
815062
815063
815064
815065
815066
815067
815068
815069
815070
815071
815072
815073
815074
815075
815076
815077
815078
815079
815080
815081
814434
814435
814436
814437
814438
814439
814440
814441
814442
814443
814444
814445
814446
814447
814448
814449
814450
814451
814452
814453
814454
814455
814456
814457
814458
814459
814460
814461
814462
814463
814464
814465
814466
814467
814468
814469
814470
814471
814472
814473
814474
814475
814476
814477
814478
814479
814480
814481
814482
814483
814484
814485
814486
814487
814488
814489
814490
814491
814492
814493
814494
814495
814496
814497
814498
814499
814500
814501
814502
814503
814504
814505
814506
814507
814508
814509
814510
814511
814512
814513
814514
814515
814516
814517
814518
814519
814520
814521
814522
814523
814524
814525
814526
814527
814528
814529
814530
814531
814532
814533
814534
814535
814536
814537
814538
814539
814540
814541
814542
814543
814544
814545
814546
814547
814548
814549
814550
814551
814552
814553
814554
814555
814556
814557
814558
814559
814560
814561
814562
814563
814564
814565
814566
814567
814568
814569
814570
814571
814572
814573
814574
814575
814576
814577
814578
814579
814580
814581
814582
814583
814584
814585
814586
814587
814588
814589
814590
814591
814592
814593
814594
814595
814596
814597
814598
814599
814600
814601
814602
814603
814604
814605
814606
814607
814608
814609
814610
814611
814612
814613
814614
814615
814616
814617
814618
814619
814620
814621
814622
814623
814624
814625
814626
814627
814628
814629
814630
814631
814632
814633
814634
814635
814636
814637
814638
814639
814640
814641
814642
814643
814644
814645
814646
814647
814648
814649
814650
814651
814652
814653
814654
814655
814656
814657
814658
814659
814660
814661
814662
814663
814664
814665
814666
814667
814668
814669
814670
814671
814672
814673
814674
814675
814676
814677
814678
814679
814680
814681
814682
814683
814684
814685
814686
814687
814688
814689
814690
814691
814692
814693
814694
814695
814696
814697
814698
814699
814700
814701
814702
814703
814704
814705
814706
814707
814708
814709
814710
814711
814712
814713
814714
814715
814716
814717
814718
814719
814720
814721
814722
814723
814724
814725
814726
814727
814728
814729
814730
814731
814732
814733
814734
814735
814736
814737
814738
814739
814740
814741
814742
814743
814744
814745
814746
814747
814748
814749
812573
812574
812575
812576
812577
812578
812579
812580
812581
812582
812583
812584
812585
812586
812587
812588
812589
812590
812591
812592
812593
812594
812595
812596
812597
812598
812599
812600
812601
812602
812603
812604
812605
812606
812607
812608
812609
812610
812611
812612
812613
812614
812615
812616
812617
812618
812619
812620
812621
812622
812623
812624
812625
812626
812627
812628
812629
812630
812631
812632
812633
812634
812635
812636
812637
812638
812639
812640
812641
812642
812643
812644
812645
812646
812647
812648
812649
812650
812651
812652
812653
812654
812655
812656
812657
812658
812659
812660
812661
812662
812663
812664
812665
812666
812667
812668
812669
812670
812671
812672
812673
812674
812675
812676
812677
812678
812679
812680
812681
812682
812683
812684
812685
812686
812687
812688
812689
812690
812691
812692
812693
812694
812695
812696
812697
812698
812699
812700
812701
812702
812703
812704
812705
812706
812707
812708
812709
812710
812711
812712
812713
812714
812715
812716
812717
812718
812719
812720
812721
812722
812723
812724
812725
812726
812727
812728
812729
812730
812731
812732
812733
812734
812735
812736
812737
812738
812739
812740
812741
812742
812743
812744
812745
812746
812747
812748
812749
812750
812751
812752
812753
812754
812755
812756
812757
812758
812759
812760
812761
812762
812763
812764
812765
812766
812767
812768
812769
812770
812771
812772
812773
812774
812775
812776
812777
812778
812779
812780
812781
812782
812783
812784
812785
812786
812787
812788
812789
812790
812791
812792
812793
812794
812795
812796
812797
812798
812799
812800
812801
812802
812803
812804
812805
812806
812807
812808
812809
812810
812811
812812
812813
812814
812815
812816
812817
812818
812819
812820
812821
812822
812823
812824
812825
812826
812827
812828
812829
812830
812831
812832
812833
812834
812835
812836
812837
812838
812839
812840
812841
812842
812843
812844
812845
812846
812847
812848
812849
812850
812851
812852
812853
812854
812855
812856
812857
812858
812859
812860
812861
812862
812863
812864
812865
812866
812867
812868
812869
812870
812871
812872
812873
812874
812875
812876
812877
812878
812879
812880
812881
812882
812883
812884
812885
812886
812887
812888
812889
812890
812891
812892
812893
812894
812895
812896
812897
812898
812899
812900
812901
812902
812903
812904
812905
812906
812907
812908
812909
812910
812911
812912
812913
812914
812915
812916
812917
812918
812919
812920
812921
812922
812923
812924
812925
812926
812927
812928
812929
812930
812931
812932
812933
812934
812935
812936
812937
812938
812939
812940
812941
812942
812943
812944
812945
812946
812947
812948
812949
812950
812951
812952
812953
812954
812955
812956
812957
812958
812959
812960
812961
812962
812963
812964
812965
812966
812967
812968
812969
812970
812971
812972
812973
812974
812975
812976
812977
812978
812979
812980
812981
812982
812983
812984
812985
812986
812987
812988
812989
812990
812991
812992
812993
812994
812995
812996
812997
812998
812999
813000
813001
813002
813003
813004
813005
813006
813007
813008
813009
813010
813011
813012
813013
813014
813015
813016
813017
813018
813019
813020
813021
813022
813023
813024
813025
813026
813027
813028
813029
813030
813031
813032
813033
813034
813035
813036
813037
813038
813039
813040
813041
813042
813043
813044
813045
813046
813047
813048
813049
813050
813051
813052
813053
813054
813055
813056
813057
813058
813059
813060
813061
813062
813063
813064
813065
813066
813067
813068
813069
813070
813071
813072
813073
813074
813075
813076
813077
813078
813079
813080
813081
813082
813083
813084
813085
813086
813087
813088
813089
813090
813091
813092
813093
813094
813095
813096
813097
813098
813099
813100
813101
813102
813103
813104
813105
813106
813107
813108
813109
813110
813111
813112
813113
813114
813115
813116
813117
813118
813119
813120
813121
813122
813123
813124
813125
813126
813127
813128
813129
813130
813131
813132
813133
813134
813135
813136
813137
813138
813139
813140
813141
813142
813143
813144
813145
813146
813147
813148
813149
813150
813151
813152
813153
813154
813155
813156
813157
813158
813159
813160
813161
813162
813163
813164
813165
813166
813167
813168
813169
813170
813171
813172
813173
813174
813175
813176
813177
813178
813179
813180
813181
813182
813183
813184
813185
813186
813187
813188
813189
813190
813191
813192
813193
813194
813195
813196
813197
813198
813199
813200
813201
813202
813203
813204
813205
813206
813207
813208
813209
813210
813211
813212
813213
813214
813215
813216
813217
813218
813219
813220
813221
813222
813223
813224
813225
813226
813227
813228
813229
813230
813231
813232
813233
813234
813235
813236
813237
813238
813239
813240
813241
813242
813243
813244
813245
813246
813247
813248
813249
813250
813251
813252
813253
813254
813255
813256
813257
813258
813259
813260
813261
813262
813263
813264
813265
813266
813267
813268
813269
813270
813271
813272
813273
813274
813275
813276
813277
813278
813279
813280
813281
813282
813283
813284
813285
813286
813287
813288
813289
813290
813291
813292
813293
813294
813295
813296
813297
813298
813299
813300
813301
813302
813303
813304
813305
813306
813307
813308
813309
813310
813311
813312
813313
813314
813315
813316
813317
813318
813319
813320
813321
813322
813323
813324
813325
813326
813327
813328
813329
813330
813331
813332
813333
813334
813335
813336
813337
813338
813339
813340
813341
813342
813343
813344
813345
813346
813347
813348
813349
813350
813351
813352
813353
813354
813355
813356
813357
813358
813359
813360
813361
813362
813363
813364
813365
813366
813367
813368
813369
813370
813371
813372
813373
813374
813375
813376
813377
813378
813379
813380
813381
813382
813383
813384
813385
813386
813387
813388
813389
813390
813391
813392
813393
813394
813395
813396
813397
813398
813399
813400
813401
813402
813403
813404
813405
813406
813407
813408
813409
813410
813411
813412
813413
813414
813415
813416
813417
813418
813419
813420
813421
813422
813423
813424
813425
813426
813427
813428
813429
813430
813431
813432
813433
813434
813435
813436
813437
813438
813439
813440
813441
813442
813443
813444
813445
813446
813447
813448
813449
813450
813451
813452
813453
813454
813455
813456
813457
813458
813459
813460
813461
813462
813463
813464
813465
813466
813467
813468
813469
813470
813471
813472
813473
813474
813475
813476
813477
813478
813479
813480
813481
813482
813483
813484
813485
813486
813487
813488
813489
813490
813491
813492
813493
813494
813495
813496
813497
813498
813499
813500
813501
813502
813503
813504
813505
813506
813507
813508
813509
813510
813511
813512
813513
813514
813515
813516
813517
813518
813519
813520
813521
813522
813523
813524
813525
813526
813527
813528
813529
813530
813531
813532
813533
813534
813535
813536
813537
813538
813539
813540
813541
813542
813543
813544
813545
813546
813547
813548
813549
813550
813551
813552
813553
813554
813555
813556
813557
813558
813559
813560
813561
813562
813563
813564
813565
813566
813567
813568
813569
813570
813571
813572
813573
813574
813575
813576
813577
813578
813579
813580
813581
813582
813583
813584
813585
813586
813587
813588
813589
813590
813591
813592
813593
813594
813595
813596
813597
813598
813599
813600
813601
813602
813603
813604
813605
813606
813607
813608
813609
813610
813611
813612
813613
813614
813615
813616
813617
813618
813619
813620
813621
813622
813623
813624
813625
813626
813627
813628
813629
813630
813631
813632
813633
813634
813635
813636
813637
813638
813639
813640
813641
813642
813643
813644
813645
813646
813647
813648
813649
813650
813651
813652
813653
813654
813655
813656
813657
813658
813659
813660
813661
813662
813663
813664
813665
813666
813667
813668
813669
813670
813671
813672
813673
813674
813675
813676
813677
813678
813679
813680
813681
813682
813683
813684
813685
813686
813687
813688
813689
813690
813691
813692
813693
813694
813695
813696
813697
813698
813699
813700
813701
813702
813703
813704
813705
813706
813707
813708
813709
813710
813711
813712
813713
813714
813715
813716
813717
813718
813719
813720
813721
813722
813723
813724
813725
813726
813727
813728
813729
813730
813731
813732
813733
813734
813735
813736
813737
813738
813739
813740
813741
813742
813743
813744
813745
813746
813747
813748
813749
813750
813751
813752
813753
813754
813755
813756
813757
813758
813759
813760
813761
813762
813763
813764
813765
813766
813767
813768
813769
813770
813771
813772
813773
813774
813775
813776
813777
813778
813779
813780
813781
813782
813783
813784
813785
813786
813787
813788
813789
813790
813791
813792
813793
813794
813795
813796
813797
813798
813799
813800
813801
813802
813803
813804
813805
813806
813807
813808
813809
813810
813811
813812
813813
813814
813815
813816
813817
813818
813819
813820
813821
813822
813823
813824
813825
813826
813827
813828
813829
813830
813831
813832
813833
813834
813835
813836
813837
813838
813839
813840
813841
813842
813843
813844
813845
813846
813847
813848
813849
813850
813851
813852
813853
813854
813855
813856
813857
813858
813859
813860
813861
813862
813863
813864
813865
813866
813867
813868
813869
813870
813871
813872
813873
813874
813875
813876
813877
813878
813879
813880
813881
813882
813883
813884
813885
813886
813887
813888
813889
813890
813891
813892
813893
813894
813895
827847
827848
827849
827850
827851
827852
827853
827854
827855
827856
827857
827858
827859
827860
827861
827862
827863
827864
827865
827866
827867
827868
827869
827870
827871
827872
827873
827874
827875
827876
827877
827878
827879
827880
827881
827882
827883
827884
827885
827886
827887
827888
827889
827890
827891
827892
827893
827894
827895
827896
827897
827898
827899
827900
827901
827902
827903
827904
828230
828231
828232
828233
828234
828235
828236
828237
828238
828239
828240
828241
828242
828243
828244
828245
828246
828247
828248
828249
828250
828251
828252
828253
828254
828255
828256
828257
828258
828259
828260
828261
828262
828263
828264
828265
828266
828267
828268
828269
828270
828271
828272
828273
828274
828275
828276
828277
828278
828279
828280
828281
828282
828283
828284
828285
828286
828287
828288
828289
828290
828291
828292
828293
828294
828295
828296
828297
828298
828299
828300
828301
828302
828303
828304
828305
828306
828307
828308
828309
828310
828311
828312
828313
828314
828315
828316
828317
828318
828319
828320
828321
828322
828323
828324
828325
828326
828327
828328
828329
828330
828331
828332
828333
828334
828335
828336
828337
828338
828339
828340
828341
828342
828343
828344
828345
828346
828347
828348
828349
828350
828351
828352
828353
828354
828355
828356
828357
828358
828359
828360
828361
828362
828363
828364
828365
828366
828367
828368
828369
828370
828371
828372
828373
828374
828375
828376
828377
828378
828379
828380
828381
828382
828383
828384
828385
828386
829562
829563
829564
829565
829566
829567
829568
829569
829570
829571
829572
829573
829574
829575
829576
829577
829578
829579
829580
829581
829582
829583
829584
829585
829586
829587
829588
829589
829590
829591
829592
829593
829594
829595
829596
829597
829598
829599
829600
829601
829602
829603
829604
829605
829606
829607
829608
829609
829610
829611
829612
829613
829614
829615
829616
829617
829618
829619
829620
829621
829622
829623
829624
829625
829626
829627
829628
829629
829630
829631
829632
829633
829634
829635
829636
829637
829638
829639
829640
829641
829642
829643
829644
829645
829646
829647
829648
829649
829650
829651
829652
829653
829654
829655
829656
829657
829658
829659
829660
829661
829662
829663
829664
829665
829666
829667
829668
829669
829670
829671
829672
829673
829674
829675
829676
829677
829678
829679
829680
829681
829682
829683
829684
829685
829686
829687
829688
829689
829690
829691
829692
829693
829694
829695
829696
829697
829698
829699
829700
829701
829702
829703
829704
829705
829706
830708
830709
830710
830711
830712
830713
830714
830715
830716
830717
830718
830719
830720
830721
830722
830723
830724
830725
830726
830727
830728
830729
830730
830731
830732
830733
830734
830735
830736
830737
830738
830739
830740
830741
830742
830743
830744
830745
830746
830747
830748
830749
830750
830751
830752
830753
830754
830755
830756
830757
830758
830759
830760
830761
830762
830763
830764
830765
830766
830767
830768
830769
830770
830771
830772
830773
830774
830775
830776
830777
830778
830779
830780
830781
830782
830783
830784
830785
830786
830787
830788
830789
830790
830791
830792
830793
830794
830795
830796
830797
830798
830799
830800
830801
830802
830803
830804
830805
830806
830807
830808
830809
830810
830811
830812
830813
830814
830815
830816
830817
830818
830819
830820
830821
830822
830823
830824
830825
830826
830827
830828
830829
830830
830831
830832
830833
830834
830835
830836
830837
830838
830839
830840
830841
830842
830843
830844
830845
830846
830847
830848
830849
830850
830851
830852
830853
830854
830855
830856
830857
830858
830859
830860
830861
830862
830863
830864
830865
830866
830867
830868
830869
830870
830871
830872
830873
830874
830875
830876
830877
830878
830879
830880
830881
830882
830883
830884
830885
830886
830887
830888
830889
830890
830891
830892
830893
830894
830895
830896
830897
830898
830899
830900
830901
830902
830903
830904
830905
830906
830907
830908
830909
830910
830911
830912
830913
830914
830915
830916
830917
830918
830919
830920
830921
830922
830923
830924
830925
830926
830927
830928
830929
830930
830931
830932
830933
830934
830935
830936
830937
830938
830939
830940
830941
831716
831717
831718
831719
831720
831721
831722
831723
831724
831725
831726
831727
831728
831729
831730
831731
831732
831733
831734
831735
831736
831737
831738
831739
831740
831741
831742
831743
831744
831745
831746
831747
831748
831749
831750
831751
831752
831753
831754
831755
831756
831757
831758
831759
831760
831761
831762
831763
831764
831765
831766
831767
831768
831769
831770
831771
831772
831773
831774
831775
831776
831777
831778
831779
831780
831781
831782
831783
831784
831785
831786
831787
831788
831789
831790
831791
831792
831793
831794
831795
831796
831797
831798
831799
831800
831801
831802
831803
831804
831805
831806
831807
831808
831809
831810
831811
831812
831813
831814
831815
831816
831817
831818
831819
831820
831821
831822
831823
831824
831825
831826
831827
831828
831829
831830
831831
831832
831833
831834
831835
831836
831837
831838
831839
831840
831841
831842
831843
831844
831845
831846
831847
831848
831849
831850
831851
831852
831853
831854
831855
831856
831857
831858
831859
831860
831861
831862
831863
831864
831865
831866
831867
831868
831869
831870
831871
831872
831873
831874
841009
841010
841011
841012
841013
841014
841015
841016
841017
841018
841019
841020
841021
841022
841023
841024
841025
841026
841027
841028
841029
841030
841031
841032
841033
841034
841035
841036
841037
841038
841039
841040
841041
841042
841043
841044
841045
841046
841047
841048
841049
841050
841051
841052
841053
841054
841055
841056
841057
841058
841059
841060
841061
841062
841063
841064
841065
841066
841067
841068
841069
843461
843462
843463
843464
843465
843466
843467
843468
843469
843470
843471
843472
843473
843474
843475
843476
843477
843478
843479
843480
843481
843482
843483
843484
843485
843486
843487
843488
843489
843490
843491
843492
843493
843494
843495
843496
843497
843498
843499
843500
843501
843502
843503
843504
843505
843506
843507
843508
843509
843510
843511
843512
843513
843514
843515
843516
843517
843518
843519
843520
843521
843522
843523
843524
843525
843526
843527
843528
843529
843530
843531
843532
843533
843534
843535
843536
843537
843538
843539
843540
843541
843542
843543
843544
843545
843546
843547
843548
843549
843550
843551
843552
843553
843554
843555
843556
843557
843558
843559
843560
843561
843562
843563
843564
843565
843566
843567
843568
843569
843570
843571
843572
843573
843574
843575
843576
843577
843578
843579
843580
843581
843582
843583
843584
843585
843586
843587
843588
843589
843590
843591
843592
843593
843594
843595
843596
843597
843598
843599
843600
843601
843602
843603
843604
843605
843606
843607
843608
843609
843610
843611
843612
843613
843614
843615
843616
843617
843618
843619
843620
843621
843622
843623
843624
843625
843626
843893
843894
843895
843896
843897
843898
843899
843900
843901
843902
843903
843904
843905
843906
843907
843908
843909
843910
843911
843912
843913
843914
843915
843916
843917
843918
843919
843920
843921
843922
843923
843924
843925
843926
843927
843928
843929
843930
843931
843932
843933
843934
843935
843936
843937
843938
843939
843940
843941
843942
843943
843944
843945
843946
843947
843948
843949
843950
843951
843952
843953
843954
843955
843956
843957
843958
843959
843960
843961
843962
843963
843964
843965
843966
843967
843968
843969
843970
843971
843972
843973
843974
843975
843976
843977
843978
843979
843980
843981
843982
843983
843984
843985
843986
843987
843988
843989
843990
843991
843992
843993
843994
843995
843996
843997
843998
843999
844000
844001
844002
844003
844004
844005
844006
844007
844008
844009
844010
844011
844012
844013
844014
844015
844016
844017
844018
844019
844020
844021
844022
844023
844024
844025
844026
844027
844028
844029
844030
844031
844032
844033
844034
846147
846148
846149
846150
846151
846152
846153
846154
846155
846156
846157
846158
846159
846160
846161
846162
846163
846164
846165
846166
846167
846168
846169
846170
846171
846172
846173
846174
846175
846176
846177
846178
846179
846180
846181
846182
846183
846184
846185
846186
846187
846188
846189
846190
846191
846192
846193
846194
846195
846196
846197
846198
846199
846200
846201
846202
846203
846204
846205
846206
846207
846208
846209
846210
846211
846212
846213
846214
846215
846216
846217
846218
846219
846220
846221
846222
846223
846224
846225
846226
846227
846228
846229
846230
846231
846232
846233
846234
846235
846236
846237
846238
846239
846240
846241
846242
846243
846244
846245
846246
846247
846248
846249
846250
846251
846252
846253
846254
846255
846256
846257
846258
846259
846260
846261
846262
846263
846264
846265
846266
846267
846268
846269
846270
846271
846272
846273
846274
846275
846276
846277
846278
846279
846280
846281
846282
846283
846284
846285
846286
846287
846288
846289
846290
846291
846292
846293
846294
846295
846296
846297
846298
846299
846300
846301
846302
846303
846304
846305
846306
846307
846308
846309
846310
846311
846312
846313
846314
846315
846316
846317
846318
846319
846320
846321
846322
846323
846324
846325
846326
846327
846328
846329
846330
846331
846332
846333
846334
846335
846336
846337
846338
846339
846340
846341
846342
846343
846344
846345
846346
846347
846348
846349
846350
846351
846352
846353
846354
846355
846356
846357
846358
846359
846360
846361
846362
846363
846364
846365
846366
846367
846368
846369
846370
846371
846372
846373
846374
846375
846376
846377
847799
847800
847801
847802
847803
847804
847805
847806
847807
847808
847809
847810
847811
847812
847813
847814
847815
847816
847817
847818
847819
847820
847821
847822
847823
847824
847825
847826
847827
847828
847829
847830
847831
847832
847833
847834
847835
847836
847837
847838
847839
847840
847841
847842
847843
847844
847845
847846
847847
847848
847849
847850
847851
847852
847853
847854
847855
847856
847857
847858
847859
847860
847861
847862
847863
847864
847865
847866
847867
847868
847869
847870
847871
847872
847873
847874
847875
847876
847877
847878
847879
847880
847881
847882
847883
847884
847885
847886
847887
847888
847889
847890
847891
847892
847893
847894
847895
847896
847897
847898
847899
847900
847901
847902
847903
847904
847905
847906
847907
847908
847909
847910
847911
847912
847913
847914
847915
847916
847917
847918
847919
847920
847921
847922
847923
847924
847925
847926
847927
847928
847929
847930
847931
847932
847933
847934
847935
847936
847937
847938
847939
847940
847941
847942
847943
847944
847945
847946
847947
847948
847949
847950
847951
847952
847953
847954
847955
847956
847957
847958
847959
847960
847961
847962
847963
847964
847965
847966
852329
852330
852331
852332
852333
852334
852335
852336
852337
852338
852339
852340
852341
852342
852343
852344
852345
852346
852347
852348
852349
852350
852351
852352
852353
852354
852355
852356
852357
852358
852359
852360
852361
852362
852363
852364
852365
852366
852367
852368
852369
852370
852371
852372
852373
852374
852375
852376
852377
852378
852379
852380
852381
852382
852383
852384
852385
852386
852387
852388
852389
852390
852391
852392
852393
852394
852395
852876
852877
852878
852879
852880
852881
852882
852883
852884
852885
852886
852887
852888
852889
852890
852891
852892
852893
852894
852895
852896
852897
852898
852899
852900
852901
852902
852903
852904
852905
852906
852907
852908
852909
852910
852911
852912
852913
852914
852915
852916
852917
852918
852919
852920
852921
852922
852923
852924
852925
852926
852927
852928
852929
852930
852931
852932
852933
852934
852935
852936
852937
852938
852939
852940
852941
852942
852943
852944
852945
852946
852947
852948
852949
852950
852951
852952
852953
852954
852955
852956
852957
852958
852959
852960
852961
852962
852963
852964
852965
852966
852967
852968
852969
852970
852971
852972
852973
852974
852975
852976
852977
852978
852979
852980
852981
852982
852983
852984
852985
852986
852987
852988
852989
852990
852991
852992
852993
852994
852995
852996
852997
852998
852999
853000
853001
853002
853003
853004
853005
853006
853007
853008
853009
853010
853011
853012
853013
853014
853015
853016
853017
853018
853019
853020
853021
853022
853023
853024
853025
853026
853027
853028
853029
853030
853031
853032
853262
853263
853264
853265
853266
853267
853268
853269
853270
853271
853272
853273
853274
853275
853276
853277
853278
853279
853280
853281
853282
853283
853284
853285
853286
853287
853288
853289
853290
853291
853292
853293
853294
853295
853296
853297
853298
853299
853300
853301
853302
853303
853304
853305
853306
853307
853308
853309
853310
853311
853312
853313
853314
853315
853316
853317
853318
853319
853320
853321
853322
853323
853324
853325
853326
853327
853328
853329
853330
853331
853332
853333
853334
853335
853336
853337
853338
853339
853340
853341
853342
853343
853344
853345
853346
853347
853348
853349
853350
853351
853352
853353
853354
853355
853356
853357
853358
853359
853360
853361
853362
853363
853364
853365
853366
853367
853368
853369
853370
853371
853372
853373
853374
853375
853376
853377
853378
853379
853380
853381
853382
853383
853384
853385
853386
853387
853388
853389
853390
853391
853392
853393
853394
853395
853396
853397
853398
853399
853400
853401
853402
853403
855564
855565
855566
855567
855568
855569
855570
855571
855572
855573
855574
855575
855576
855577
855578
855579
855580
855581
855582
855583
855584
855585
855586
855587
855588
855589
855590
855591
855592
855593
855594
855595
855596
855597
855598
855599
855600
855601
855602
855603
855604
855605
855606
855607
855608
855609
855610
855611
855612
855613
855614
855615
855616
855617
855618
855619
855620
855621
855622
855623
855624
855625
855626
855627
855628
855629
855630
855631
855632
855633
855634
855635
855636
855637
855638
855639
855640
855641
855642
855643
855644
855645
855646
855647
855648
855649
855650
855651
855652
855653
855654
855655
855656
855657
855658
855659
855660
855661
855662
855663
855664
855665
855666
855667
855668
855669
855670
855671
855672
855673
855674
855675
855676
855677
855678
855679
855680
855681
855682
855683
855684
855685
855686
855687
855688
855689
855690
855691
855692
855693
855694
855695
855696
855697
855698
855699
855700
855701
855702
855703
855704
855705
855706
855707
855708
855709
855710
855711
855712
855713
855714
855715
855716
855717
855718
855719
855720
855721
855722
855723
855724
855725
855726
855727
855728
855729
855730
855731
855732
855733
855734
855735
855736
855737
855738
855739
855740
855741
855742
855743
855744
855745
855746
855747
855748
855749
855750
855751
855752
855753
855754
855755
855756
855757
855758
855759
855760
855761
855762
855763
855764
855765
855766
855767
855768
855769
855770
855771
855772
855773
855774
855775
855776
855777
855778
855779
855780
855781
855782
855783
855784
855785
855786
855787
855788
855789
855790
855791
855792
855793
855794
855958
855959
855960
855961
855962
855963
855964
855965
855966
855967
855968
855969
855970
855971
855972
855973
855974
855975
855976
855977
855978
855979
855980
855981
855982
855983
855984
855985
855986
855987
855988
855989
855990
855991
855992
855993
855994
855995
855996
855997
855998
855999
856000
856001
856002
856003
856004
856005
856006
856007
856008
856009
856010
856011
856012
856013
856014
856015
856016
856017
856018
856019
856020
856021
856022
856023
856024
856025
856026
856027
856028
856029
856030
856031
856032
856033
856034
856035
856036
856037
856038
856039
856040
856041
856042
856043
856044
856045
856046
856047
856048
856049
856050
856051
856052
856053
856054
856055
856056
856057
856058
856059
856060
856061
856062
856063
856064
856065
856066
856067
856068
856069
856070
856071
856072
856073
856074
856075
856076
856077
856078
856079
856080
856081
856082
856083
856084
856085
856086
856087
856088
856089
856090
856091
856092
856093
856094
856095
856096
856097
856098
856099
856100
856101
856102
856103
856104
856105
856106
856107
856108
856109
856110
856111
856112
856113
856114
856115
856116
856117
856118
856119
856120
856121
856122
856123
856124
856125
856126
856127
856128
856129
856130
856131
856132
856133
856134
856135
856136
856137
856138
856139
856140
856141
856142
856143
856144
856145
856146
856147
856148
856149
856150
856151
856152
856153
856154
856155
856156
856157
856158
856159
856160
856161
859690
859691
859692
859693
859694
859695
859696
859697
859698
859699
859700
859701
859702
859703
859704
859705
859706
859707
859708
859709
859710
859711
859712
859713
859714
859715
859716
859717
859718
859719
859720
859721
859722
859723
859724
859725
859726
859727
859728
859729
859730
859731
859732
859733
859734
859735
859736
859737
859738
859739
859740
859741
859742
859743
859744
860617
860618
860619
860620
860621
860622
860623
860624
860625
860626
860627
860628
860629
860630
860631
860632
860633
860634
860635
860636
860637
860638
860639
860640
860641
860642
860643
860644
860645
860646
860647
860648
860649
860650
860651
860652
860653
860654
860655
860656
860657
860658
860659
860660
860661
860662
860663
860664
860665
860666
860667
860668
860669
860670
860671
860672
860673
860674
860675
860676
860677
860678
860679
860680
860681
860682
860683
860684
860685
860686
860687
860688
860689
860690
860691
860692
860693
860694
860695
860696
860697
860698
860699
860700
860701
860702
860703
860704
860705
860706
860707
860708
860709
860710
860711
860712
860713
860714
860715
860716
860717
860718
860719
860720
860721
860722
860723
860724
860725
860726
860727
860728
860729
860730
860731
860732
860733
860734
860735
860736
860737
860738
860739
860740
860741
860742
860743
860744
860745
860746
860747
860748
860749
860750
860751
860752
860753
860754
860755
860756
860757
860758
860759
860760
860761
860762
860763
860764
860765
860766
860767
860768
860769
860770
860771
860772
860773
860861
860862
860863
860864
860865
860866
860867
860868
860869
860870
860871
860872
860873
860874
860875
860876
860877
860878
860879
860880
860881
860882
860883
860884
860885
860886
860887
860888
860889
860890
860891
860892
860893
860894
860895
860896
860897
860898
860899
860900
860901
860902
860903
860904
860905
860906
860907
860908
860909
860910
860911
860912
860913
860914
860915
860916
860917
860918
860919
860920
860921
860922
860923
860924
860925
860926
860927
860928
860929
860930
860931
860932
860933
860934
860935
860936
860937
860938
860939
860940
860941
860942
860943
860944
860945
860946
860947
860948
860949
860950
860951
860952
860953
860954
860955
860956
860957
860958
860959
860960
860961
860962
860963
860964
860965
860966
860967
860968
860969
860970
860971
860972
860973
860974
860975
860976
860977
860978
860979
860980
860981
860982
860983
860984
860985
860986
860987
860988
860989
860990
860991
860992
860993
860994
860995
860996
860997
860998
860999
861000
861001
861002
861003
861004
861005
861699
861700
861701
861702
861703
861704
861705
861706
861707
861708
861709
861710
861711
861712
861713
861714
861715
861716
861717
861718
861719
861720
861721
861722
861723
861724
861725
861726
861727
861728
861729
861730
861731
861732
861733
861734
861735
861736
861737
861738
861739
861740
861741
861742
861743
861744
861745
861746
861747
861748
861749
861750
861751
861752
861753
861754
861755
861756
861757
861758
861759
861760
861761
861762
861763
861764
861765
861766
861767
861768
861769
861770
861771
861772
861773
861774
861775
861776
861777
861778
861779
861780
861781
861782
861783
861784
861785
861786
861787
861788
861789
861790
861791
861792
861793
861794
861795
861796
861797
861798
861799
861800
861801
861802
861803
861804
861805
861806
861807
861808
861809
861810
861811
861812
861813
861814
861815
861816
861817
861818
861819
861820
861821
861822
861823
861824
861825
861826
861827
861828
861829
861830
861831
861832
861833
861834
861835
861836
861837
861838
861839
861840
861841
861842
861843
861844
861845
861846
861847
861848
861849
861850
861851
861852
861853
861854
861855
861856
861857
861858
861859
861860
861861
861862
861863
861864
861865
861866
861867
861868
861869
861870
861871
861872
861873
861874
861875
861876
861877
861878
861879
861880
861881
861882
861883
861884
861885
861886
861887
861888
861889
861890
861891
861892
861893
861894
861895
861896
861897
861898
861899
861900
861901
861902
861903
861904
861905
861906
861907
861908
861909
861910
861911
861912
861913
861914
861915
861916
861917
861918
861919
861920
861921
861922
861923
861924
861925
861926
861927
861928
861929
861930
861931
861932
861933
861934
861935
861936
861937
861938
861939
861940
861941
861942
861943
861944
861945
861946
861947
861948
861949
861950
861951
861952
861953
861954
861955
861956
863092
863093
863094
863095
863096
863097
863098
863099
863100
863101
863102
863103
863104
863105
863106
863107
863108
863109
863110
863111
863112
863113
863114
863115
863116
863117
863118
863119
863120
863121
863122
863123
863124
863125
863126
863127
863128
863129
863130
863131
863132
863133
863134
863135
863136
863137
863138
863139
863140
863141
863142
863143
863144
863145
863146
863147
863148
863149
863150
863151
863152
863153
863154
863155
863156
863157
863158
863159
863160
863161
863162
863163
863164
863165
863166
863167
863168
863169
863170
863171
863172
863173
863174
863175
863176
863177
863178
863179
863180
863181
863182
863183
863184
863185
863186
863187
863188
863189
863190
863191
863192
863193
863194
863195
863196
863197
863198
863199
863200
863201
863202
863203
863204
863205
863206
863207
863208
863209
863210
863211
863212
863213
863214
863215
863216
863217
863218
863219
863220
863221
863222
863223
863224
863225
863226
863227
863228
863229
863230
863231
863232
863233
863234
863235
