2978232
2978233
2978234
2978235
2978236
2978237
2978238
2978239
2978240
2978241
2978242
2978243
2978244
2978245
2978246
2978247
2978248
2978249
2978250
2978251
2978252
2978253
2978254
2978255
2978256
2978257
2978258
2978259
2978260
2978261
2978262
2978263
2978264
2978265
2978266
2978267
2978268
2978269
2978270
2978271
2978272
2978273
2978274
2978275
2978276
2978277
2978278
2978279
2978280
2978281
2978282
2980098
2980099
2980100
2980101
2980102
2980103
2980104
2980105
2980106
2980107
2980108
2980109
2980110
2980111
2980112
2980113
2980114
2980115
2980116
2980117
2980118
2980119
2980120
2980121
2980122
2980123
2980124
2980125
2980126
2980127
2980128
2980129
2980130
2980131
2980132
2980133
2980134
2980135
2980136
2980137
2980138
2980139
2980140
2980141
2980142
2980143
2980144
2980145
2980146
2980147
2980148
2980149
2980150
2980151
2980152
2980153
2980154
2980155
2980156
2980157
2980158
2980159
2980160
2980161
2980162
2980163
2980164
2980165
2980166
2980167
2980168
2980169
2980170
2980171
2980172
2980173
2980174
2980175
2980176
2980177
2980178
2980179
2980180
2981536
2981537
2981538
2981539
2981540
2981541
2981542
2981543
2981544
2981545
2981546
2981547
2981548
2981549
2981550
2981551
2981552
2981553
2981554
2981555
2981556
2981557
2981558
2981559
2981560
2981561
2981562
2981563
2981564
2981565
2981566
2981567
2981568
2981569
2981570
2981571
2981572
2981573
2981574
2981575
2981576
2981577
2981578
2981579
2981580
2981581
2982146
2982147
2982148
2982149
2982150
2982151
2982152
2982153
2982154
2982155
2982156
2982157
2982158
2982159
2982160
2982161
2982162
2982163
2982164
2982165
2982166
2982167
2982168
2982169
2982170
2982171
2982172
2982173
2982174
2982175
2982176
2982177
2982178
2982179
2982180
2982181
2982182
2982183
2982184
2982185
2982186
2982187
2986827
2986828
2986829
2986830
2986831
2986832
2986833
2986834
2986835
2986836
2986837
2986838
2986839
2986840
2986841
2986842
2986843
2986844
2986845
2986846
2986847
2986848
2986849
2986850
2986851
2986852
2986853
2986854
2986855
2986856
2986857
2986858
2986859
2986860
2986861
2986862
2986863
2986864
2986865
2986866
2986867
2986868
2986869
2986870
2986871
2986872
2986873
2986874
2986875
2986876
2986877
2986878
2986879
2986880
2986881
2986882
2986883
2986884
2986885
2986886
2986887
2986888
2986889
2986981
2986982
2986983
2986984
2986985
2986986
2986987
2986988
2986989
2986990
2986991
2986992
2986993
2986994
2986995
2986996
2986997
2986998
2986999
2987000
2987001
2987002
2987003
2987004
2987005
2987006
2987007
2987008
2987009
2987010
2987011
2987012
2987013
2987014
2987015
2987016
2987017
2987018
2987019
2987020
2987021
2987022
2987023
2987024
2987025
2987026
2987027
2987028
2987029
2987030
2987031
2987032
2987033
2987034
2987035
2987036
2987037
2987038
2987039
2987040
2987041
2987042
2987043
2987044
2987045
2987046
2987047
2987048
2987049
2987050
2987051
2987052
2987053
2987054
2987055
2987056
2987057
2987058
2987059
2987060
2987061
2987062
2987063
2987064
2987065
2987066
2987067
2987068
2987069
2987070
2987071
2987072
2987073
2987074
2987075
2987076
2987077
2987078
2987079
2987080
2987081
2987082
2987083
2987084
2987085
2987086
2987087
2987088
2987089
2987090
2987091
2987092
2987093
2987094
2987095
2987096
2987097
2987098
2987099
2987100
2987101
2987102
2987103
2987104
2987105
2987106
2987107
2987108
2987109
2987110
2987111
2987112
2987113
2987114
2987115
2987116
2987117
2987118
2987119
2987120
2987121
2987122
2987123
2987124
2987125
2987126
2987127
2987128
2987129
2987130
2987131
2987132
2987133
2987134
2987135
2987136
2987137
2987138
2987139
2987140
2987141
2987142
2987143
2987144
2987145
2987146
2987147
2987148
2987149
2987150
2987151
2987152
2987153
2987154
2987155
2987156
2987157
2987158
2987159
2987160
2987161
2987162
2987163
2987164
2987165
2987166
2987167
2987168
2987169
2987170
2987171
2987172
2987173
2987174
2987175
2987176
2987177
2987178
2987179
2987180
2987181
2987182
2987183
2987184
2987185
2987186
2987187
2987188
2987189
2987190
2987191
2987192
2987193
2987194
2987195
2987196
2987197
2987198
2987199
2987200
2987201
2987202
2987203
2987204
2987205
2987206
2987207
2987208
2987209
2987210
2987211
2987212
2987213
2987214
2987215
2987216
2987217
2987218
2987219
2987220
2987221
2987222
2987223
2987224
2987225
2987226
2987227
2987228
2987229
2987230
2987231
2987232
2987233
2987234
2987235
2987236
2987354
2987355
2987356
2987357
2987358
2987359
2987360
2987361
2987362
2987363
2987364
2987365
2987366
2987367
2987368
2987369
2987370
2987722
2987723
2987724
2987725
2987726
2987727
2987728
2987729
2987730
2987731
2987732
2987733
2987734
2987735
2987736
2987737
2987738
2987739
2987740
2987741
2987742
2987743
2987744
2987745
2987746
2987747
2987748
2987749
2987750
2987751
2987752
2987753
2987754
2987755
2987756
2987757
2987758
2987759
2987760
2987761
2987762
2987763
2987764
2987765
2987766
2987767
2987768
2987769
2987770
2987771
2987772
2987773
2987774
2987775
2987776
2987777
2987778
2987779
2987780
2987781
2987782
2987783
2987784
2987785
2987786
2987787
2987788
2987896
2987897
2987898
2987899
2987900
2987901
2987902
2987903
2987904
2987905
2987906
2987907
2987908
2987909
2987910
2987911
2987912
2987913
2987914
2987915
2987916
2987917
2987918
2987919
2987920
2987921
2987922
2987923
2987924
2987925
2987926
2987927
2987928
2987929
2987930
2987931
2987932
2987933
2987934
2987935
2987936
2987937
2987938
2987939
2987940
2987941
2987942
2987943
2987944
2987945
2987946
2987947
2987948
2987949
2987950
2987951
2987952
2987953
2987954
2987955
2987956
2987957
2987958
2987959
2987960
2987961
2987962
2987963
2987964
2987965
2987966
2987967
2987968
2987969
2987970
2987971
2987972
2988089
2988090
2988091
2988092
2988093
2988094
2988095
2988096
2988097
2988098
2988099
2988100
2988101
2988102
2988103
2988104
2988105
2988106
2988107
2988108
2988109
2988110
2988111
2988112
2988113
2988114
2988115
2988116
2988117
2988118
2988119
2988120
2988121
2988122
2988123
2988124
2988125
2988126
2989059
2989060
2989061
2989062
2989063
2989064
2989065
2989066
2989067
2989068
2989069
2989070
2989071
2989072
2989073
2989074
2989075
2989076
2989077
2989078
2989079
2989080
2989081
2989082
2989083
2989084
2989085
2989086
2989087
2989088
2989089
2989090
2989091
2989092
2989093
2989094
2989095
2989096
2989097
2989098
2989099
2989100
2989101
2989102
2989103
2989104
2989105
2989106
2989107
2989108
2989109
2989110
2989111
2989112
2989113
2989114
2989115
2989116
2989117
2989118
2989119
2989120
2989121
2989122
2989123
2989124
2989125
2989126
2989127
2989128
2989129
2989130
2989131
2989132
2989133
2989134
2989135
2989136
2989137
2989138
2989139
2989140
2989141
2989142
2989143
2989144
2989145
2989146
2989147
2989148
2989149
2989150
2989151
2989152
2989153
2989154
2989155
2989156
2989157
2989158
2989159
2989160
2989161
2989162
2989163
2989164
2989165
2989166
2989167
2989168
2989169
2989170
2989171
2989172
2989173
2989174
2989175
2989176
2989177
2989178
2989179
2989180
2989181
2989182
2989183
2989184
2989185
2989186
2989187
2989188
2989189
2989190
2989191
2989192
2989193
2989194
2989195
2989196
2989197
2989198
2989199
2989200
2989201
2989202
2989203
2989204
2989205
2989206
2989207
2989208
2989209
2989210
2989211
2989212
2989213
2989214
2989215
2989216
2989217
2989218
2989219
2989220
2989221
2989222
2989223
2989224
2989225
2989226
2989227
2989228
2989229
2989230
2989231
2989232
2989233
2989234
2989235
2989236
2989237
2989238
2989239
2989240
2989241
2989242
2989243
2989244
2989245
2989246
2989247
2989248
2989249
2989250
2989251
2989252
2989253
2989254
2989255
2989256
2989257
2989258
2989259
2989260
2989261
2989262
2989263
2989264
2989265
2989266
2989267
2989268
2989269
2989270
2989271
2989272
2989273
2989274
2989275
2989276
2989277
2989278
2989279
2989280
2989281
2989282
2989283
2989284
2989285
2989286
2989287
2989288
2989289
2989290
2989291
2989292
2989293
2989294
2989295
2989296
2989297
2989298
2989299
2989300
2989301
2989302
2989303
2989304
2989305
2989306
2989307
2989308
2989309
2989310
2989311
2989533
2989534
2989535
2989536
2989537
2989538
2989539
2989540
2989541
2989542
2989543
2989544
2989545
2989546
2989547
2989548
2989549
2989550
2989551
2989552
2989553
2989554
2989555
2989556
2989557
2989558
2989559
2989560
2989561
2989562
2989563
2989564
2989565
2989566
2989567
2989568
2989569
2989570
2989571
2989572
2989573
2989574
2989575
2989576
2989577
2989578
2989579
2989580
2989581
2989582
2989583
2989584
2989585
2989586
2989587
2989588
2989589
2989590
2989591
2989592
2989593
2989594
2989595
2989596
2989597
2989598
2989599
2989600
2989601
2989602
2989603
2989604
2989605
2989606
2989607
2989608
2989609
2989610
2989611
2989612
2989613
2989614
2989615
2989616
2989617
2989618
2989619
2989620
2989621
2989622
2989623
2989624
2989625
2989626
2989627
2989628
2989629
2989630
2989631
2989632
2989633
2989634
2989635
2989636
2989637
2989638
2989639
2989640
2989641
2989642
2989643
2989644
2989645
2989646
2989647
2989648
2989649
2989650
2989651
2989652
2989653
2989654
2989655
2989656
2989657
2989658
2989659
2989660
2989661
2989662
2989663
2989664
2989665
2989666
2989667
2989668
2989669
2989670
2989671
2989672
2989673
2989674
2989675
2989676
2989677
2989678
2989679
2989680
2989681
2989682
2989683
2989684
2989685
2989686
2989687
2989688
2989689
2989690
2989691
2989692
2989693
2989694
2989695
2989696
2989697
2989698
2989699
2989700
2989701
2989702
2989703
2989704
2989705
2989706
2989707
2989708
2989709
2989710
2989711
2989712
2989713
2989714
2989715
2989716
2989717
2989718
2989719
2989720
2989721
2989722
2989723
2989724
2989725
2989726
2989727
2989728
2989729
2989730
2989731
2989732
2989733
2989734
2989735
2989736
2989737
2989738
2989739
2989740
2989741
2989742
2989743
2989744
2989745
2989746
2989747
2989748
2989749
2989750
2989751
2989752
2989753
2989754
2989755
2989756
2989757
2989758
2989759
2989760
2989761
2989762
2989763
2989764
2989765
2989766
2989767
2989768
2989769
2989770
2989771
2989772
2989773
2989774
2989775
2989776
2989777
2989778
2989779
2989780
2989781
2989782
2989783
2991841
2991842
2991843
2991844
2991845
2991846
2991847
2991848
2991849
2991850
2991851
2991852
2991853
2991854
2991855
2991856
2991857
2991858
2991859
2991860
2991861
2991862
2991863
2991864
2991865
2991866
2991867
2991868
2991869
2991870
2991871
2991872
2991873
2991874
2991875
2991876
2991877
2991878
2991879
2991880
2991881
2991882
2991883
2991884
2991885
2991886
2991887
2991888
2991889
2991890
2991891
2991892
2991893
2991894
2991895
2991896
2991897
2991898
2991899
2991900
2991901
2991902
2991903
2991904
2991905
2991906
2991907
2991908
2991909
2991910
2991911
2991912
2991913
2991914
2991915
2991916
2991917
2991918
2991919
2991920
2991921
2991922
2991923
2991924
2991925
2991926
2991927
2991928
2991929
2991930
2991931
2991932
2991933
2991934
2991935
2991936
2991937
2991938
2991939
2991940
2991941
2991942
2991943
2991944
2991945
2991946
2991947
2991948
2991949
2991950
2991951
2991952
2991953
2991954
2991955
2991956
2991957
2991958
2991959
2991960
2991961
2991962
2991963
2991964
2991965
2991966
2991967
2991968
2991969
2991970
2991971
2991972
2991973
2991974
2991975
2991976
2991977
2991978
2991979
2991980
2991981
2991982
2993430
2993431
2993432
2993433
2993434
2993435
2993436
2993437
2993438
2993439
2993440
2993441
2993442
2993443
2993444
2993445
2993446
2993447
2993448
2993449
2993450
2993451
2993452
2993453
2993454
2993455
2993456
2993457
2993458
2993459
2993460
2993461
2993462
2993463
2993464
2993465
2993466
2993467
2993468
2993469
2993470
2993471
2993472
2993473
2993474
2993475
2993476
2993477
2993478
2993479
2993480
2993481
2993482
2993483
2993484
2993485
2993486
2993487
2993488
2993489
2993490
2993491
2993492
2993493
2993494
2993495
2993496
2993497
2993498
2993499
2993500
2993501
2993502
2993503
2993504
2993505
2993506
2993507
2993508
2993509
2993510
2993511
2993512
2993513
2993514
2993515
2993516
2993517
2993518
2993519
2993520
2993521
2993522
2993523
2993524
2993525
2993526
2993527
2993528
2993529
2993530
2993531
2993532
2993533
2993534
2993535
2993536
2993537
2993538
2993539
2993540
2993541
2993542
2993543
2993544
2993545
2993546
2993547
2993548
2993549
2993550
2993551
2993552
2993553
2993554
2993555
2993556
2993557
2993558
2993559
2993560
2993561
2993562
2993563
2993564
2993565
2993566
2993567
2993568
2993569
2993570
2993571
2993572
2993573
2993574
2993575
2993576
2993577
2993578
2993579
2993580
2994017
2994018
2994019
2994020
2994021
2994022
2994023
2994024
2994025
2994026
2994027
2994028
2994029
2994030
2994031
2994032
2994033
2994034
2994035
2994036
2994037
2994038
2994039
2994040
2994041
2994042
2994043
2994044
2994045
2994046
2994047
2994048
2994049
2994050
2994051
2994052
2994053
2994054
2994055
2994056
2994057
2994058
2994059
2994060
2994061
2994062
2994063
2994064
2994065
2994066
2994067
2994068
2994069
2994070
2994071
2994072
2994073
2994074
2994075
2994076
2994077
2994078
2994079
2994080
2994081
2994082
2994083
2994084
2994085
2994086
2994087
2994088
2994089
2994090
2994091
2994092
2994093
2994898
2994899
2994900
2994901
2994902
2994903
2994904
2994905
2994906
2994907
2994908
2994909
2994910
2994911
2994912
2994913
2994914
2994915
2994916
2994917
2994918
2994919
2994920
2994921
2994922
2994923
2994924
2994925
2994926
2994927
2994928
2994929
2994930
2994931
2994932
2994933
2994934
2994935
2994936
2994937
2994938
2994939
2994940
2994941
2994942
2994943
2994944
2994945
2994946
2994947
2994948
2994949
2994950
2994951
2994952
2994953
2994954
2994955
2994956
2994957
2994958
2994959
2994960
2994961
2994962
2994963
2994964
2994965
2994966
2994967
2994968
2994969
2994970
2994971
2994972
2994973
2994974
2994975
2994976
2994977
2994978
2994979
2994980
2994981
2994982
2994983
2994984
2994985
2994986
2994987
2994988
2994989
2994990
2994991
2994992
2994993
2994994
2994995
2994996
2994997
2994998
2994999
3028879
3028880
3028881
3028882
3028883
3028884
3028885
3028886
3028887
3028888
3028889
3028890
3028891
3028892
3028893
3028894
3028895
3028896
3028897
3028898
3028899
3028900
3028901
3028902
3028704
3028705
3028706
3028707
3028708
3028709
3028710
3028711
3028712
3028713
3028714
3028715
3028716
3028717
3028718
3028719
3028720
3028721
3028722
3028723
3028724
3028725
3028726
3028727
3028728
3028729
3028730
3028731
3028732
3028733
3028734
3028735
3028736
3028737
3028738
3028739
3028740
3028741
3028742
3028743
3028744
3028745
3028746
3028747
3028748
3028749
3028750
3028751
3028752
3028753
3028754
3028755
3028756
3028757
3028758
3028759
3028760
3028761
3028762
3028763
3028764
3028765
3028766
3028767
3028768
3028769
3028770
3028771
3028772
3028773
3028774
3028775
3028776
3028777
3028778
3028779
3028780
3028781
3028782
3028783
3028784
3028785
3028786
3028787
3028788
3028789
3028790
3028791
3028792
3028793
3028794
3028795
3028796
3028797
3028798
3028799
3028800
3028801
3028317
3028318
3028319
3028320
3028321
3028322
3028323
3028324
3028325
3028326
3028327
3028328
3028329
3028330
3028331
3028332
3028333
3028334
3028335
3028336
3028337
3028338
3028339
3028340
3028341
3028342
3028343
3028344
3028345
3028346
3028347
3028348
3028349
3028350
3028351
3028352
3028353
3028354
3028355
3028356
3028357
3028358
3028359
3028360
3028361
3028362
3028363
3028364
3028365
3028366
3028367
3028368
3028369
3028370
3028371
3028372
3028373
3028374
3028375
3028376
3028377
3028378
3028379
3028380
3027827
3027828
3027829
3027830
3027831
3027832
3027833
3027834
3027835
3027836
3027837
3027838
3027839
3027840
3027841
3027842
3027843
3027844
3027845
3027846
3027847
3027848
3027849
3027850
3027851
3027852
3027853
3027854
3027855
3027856
3027857
3027858
3027859
3027860
3027861
3027862
3027863
3027864
3027865
3027866
3027867
3027868
3027869
3027870
3027871
3025018
3025019
3025020
3025021
3025022
3025023
3025024
3025025
3025026
3025027
3025028
3025029
3025030
3025031
3025032
3025033
3025034
3025035
3025036
3025037
3025038
3025039
3025040
3025041
3025042
3025043
3025044
3025045
3025046
3025047
3025048
3025049
3025050
3025051
3025052
3025053
3025054
3025055
3025056
3025057
3025058
3025059
3025060
3025061
3025062
3025063
3025064
3025065
3025066
3025067
3025068
3025069
3025070
3025071
3025072
3025073
3025074
3025075
3025076
3025077
3025078
3025079
3025080
3019697
3019698
3019699
3019700
3019701
3019702
3019703
3019704
3019705
3019706
3019707
3019708
3019709
3019710
3019711
3019712
3019713
3019714
3019715
3019716
3019717
3019718
3019719
3019720
3019721
3019722
3019723
3019724
3019725
3019726
3019727
3019728
3019729
3019730
3019731
3019732
3019733
3019734
3019735
3019736
3019737
3019738
3019739
3019740
3019741
3019742
3019743
3019744
3019745
3019746
3019747
3019748
3019749
3019750
3019751
3019752
3019753
3019754
3019755
3019756
3019757
3019758
3019759
3019760
3019761
3019762
3019763
3019764
3019765
3019766
3019767
3019768
3019769
3019770
3019771
3019281
3019282
3019283
3019284
3019285
3019286
3019287
3019288
3019289
3019290
3019291
3019292
3019293
3019294
3019295
3019296
3019297
3019298
3019299
3019300
3019301
3019302
3019303
3019304
3019305
3019306
3019307
3019308
3019309
3019310
3019311
3019312
3019313
3019314
3019315
3019316
3019317
3019318
3019319
3019320
3019321
3019322
3019323
3019324
3019325
3019326
3019327
3019328
3019329
3019330
3019331
3019332
3019333
3019334
3019335
3019336
3019337
3019338
3019339
3019340
3019341
3019342
3019343
3019344
3019345
3019346
3019347
3019348
3019349
3019350
3019351
3019352
3019353
3019354
3019355
3019356
3019357
3019358
3019359
3019360
3019361
3019362
3019363
3019364
3019365
3019366
3019367
3019368
3019369
3019370
3019371
3019372
3019373
3019374
3019375
3019376
3019377
3019378
3019379
3019380
3019381
3019382
3019383
3019384
3019385
3019386
3019387
3019388
3019389
3019390
3019391
3019392
3019393
3019394
3019395
3019396
3019397
3019398
3019399
3019400
3019401
3019402
3019403
3019404
3019405
3019406
3019407
3019408
3019409
3019410
3019411
3019412
3019413
3019414
3019415
3019416
3019417
3019418
3019419
3019420
3019421
3019422
3019423
3019424
3019425
3019426
3019427
3019428
3019429
3019430
3019431
3019432
3019433
3019434
3019435
3019436
3019437
3019438
3019439
3019440
3019441
3019442
3019443
3019444
3019445
3019446
3019447
3019448
3019449
3019450
3019451
3019452
3019453
3019454
3019455
3019456
3019457
3019458
3019459
3019460
3019461
3017838
3017839
3017840
3017841
3017842
3017843
3017844
3017845
3017846
3017847
3017848
3017849
3017850
3017851
3017852
3017853
3017854
3017855
3017856
3017857
3015651
3015652
3015653
3015654
3015655
3015656
3015657
3015658
3015659
3015660
3015661
3015662
3015663
3015664
3015665
3015666
3015667
3015668
3015669
3015670
3015671
3015672
3015673
3015674
3015675
3015676
3015677
3015678
3015679
3015680
3015681
3015682
3015683
3015684
3015685
3015686
3015687
3015688
3015689
3015690
3015691
3015692
3015693
3015694
3015695
3015696
3015697
3015698
3015699
3015700
3015701
3015702
3015703
3015704
3015705
3015706
3015707
3015708
3015709
3015710
3015711
3015712
3015713
3015714
3015715
3015716
3015717
3015718
3015719
3015720
3015721
3015722
3015723
3015724
3015725
3015726
3015727
3015728
3015729
3015730
3015731
3015732
3015733
3015734
3015735
3015736
3015737
3015738
3015739
3015740
3015741
3015742
3015743
3015744
3015745
3015746
3015747
3015748
3015749
3015750
3015751
3015752
3015753
3015754
3015755
3015756
3015757
3015758
3014568
3014569
3014570
3014571
3014572
3014573
3014574
3014575
3014576
3014577
3014578
3014579
3014580
3014581
3014582
3014583
3014584
3014585
3014586
3014587
3014588
3014589
3014590
3014591
3014592
3014593
3014594
3014595
3014596
3014597
3014598
3014599
3014600
3014601
3014602
3014603
3014604
3014605
3014606
3014607
3014608
3014609
3014610
3014611
3014612
3013667
3013668
3013669
3013670
3013671
3013672
3013673
3013674
3013675
3013676
3013677
3013678
3013679
3013680
3013681
3013682
3013683
3013684
3013685
3013686
3013687
3013688
3013689
3013690
3013691
3013692
3013693
3013694
3013695
3013696
3013697
3013698
3013699
3013700
3013701
3013702
3013703
3013704
3013705
3013706
3013707
3013708
3013709
3013710
3013711
3013712
3013713
3013714
3013715
3013716
3013717
3013718
3013719
3013720
3013721
3013722
3013723
3013724
3013725
3013726
3013727
3013728
3013729
3013730
3013731
3013732
3013733
3013734
3013735
3013736
3013737
3013738
3013739
3013740
3013741
3013742
3013743
3013744
3013745
3013746
3013747
3013748
3013749
3013750
3013751
3013752
3013753
3013754
3013755
3013756
3013757
3013758
3013759
3013760
3013761
3013762
3013763
3013764
3013765
3013766
3013767
3013768
3013769
3013770
3013771
3013772
3013773
3013774
3013775
3013776
3013777
3013778
3013779
3013780
3013781
3013782
3013783
3013784
3013785
3013786
3013787
3013788
3013789
3013790
3013791
3013792
3013793
3013794
3013795
3013796
3013797
3013798
3013799
3013800
3013801
3013802
3013803
3013804
3013805
3013806
3013807
3013808
3013809
3013810
3013811
3013812
3013813
3013814
3013815
3013816
3011020
3011021
3011022
3011023
3011024
3011025
3011026
3011027
3011028
3011029
3011030
3011031
3011032
3011033
3011034
3011035
3011036
3011037
3011038
3011039
3011040
3011041
3011042
3011043
3011044
3011045
3011046
3011047
3011048
3011049
3011050
3011051
3011052
3011053
3011054
3011055
3011056
3011057
3011058
3011059
3011060
3011061
3011062
3011063
3011064
3011065
3011066
3011067
3011068
3011069
3011070
3011071
3011072
3011073
3011074
3011075
3011076
3011077
3011078
3011079
3011080
3011081
3011082
3011083
3011084
3011085
3011086
3011087
3011088
3011089
3011090
3011091
3011092
3011093
3011094
3011095
3011096
3011097
3011098
3011099
3011100
3011101
3011102
3011103
3011104
3011105
3011106
3011107
3011108
3011109
3011110
3011111
3011112
3011113
3011114
3011115
3011116
3011117
3011118
3011119
3011120
3011121
3011122
3011123
3011124
3011125
3011126
3011127
3011128
3011129
3011130
3011131
3011132
3011133
3011134
3011135
3011136
3011137
3011138
3011139
3011140
3011141
3011142
3011143
3011144
3011145
3011146
3011147
3011148
3011149
3011150
3011151
3011152
3011153
3011154
3011155
3011156
3011157
3011158
3009540
3009541
3009542
3009543
3009544
3009545
3009546
3009547
3009548
3009549
3009550
3009551
3009552
3009553
3009554
3009555
3009556
3009557
3009558
3009559
3009560
3009561
3009562
3009563
3009564
3009565
3009566
3009567
3009568
3009569
3009570
3009571
3009572
3009573
3009574
3009575
3009576
3009577
3009578
3009579
3009580
3009581
3009582
3009583
3009584
3009585
3009586
3009587
3009588
3009589
3009590
3009591
3009592
3009593
3009594
3009595
3009596
3009597
3009598
3009599
3009600
3009601
3009602
3009603
3009604
3009605
3009606
3009607
3009608
3009609
3009610
3009611
3009612
3009613
3009614
3009615
3009616
3009617
3009618
3009619
3009620
3009621
3009622
3009623
3009624
3009625
3009626
3009627
3009628
3009629
3009630
3009631
3009632
3009633
3009634
3009635
3009636
3009637
3009638
3009639
3009640
3009641
3009642
3009643
3009644
3009645
3009646
3009647
3009648
3009649
3009650
3009651
3009652
3009653
3009654
3009655
3009656
3009657
3009658
3009659
3009660
3009661
3009662
3009663
3009664
3009665
3009666
3009667
3009668
3009669
3009670
3009671
3009672
3009673
3009674
3009675
3009676
3009677
3009678
3009679
3009680
3009681
3009682
3009683
3009684
3009685
3009686
3009687
3009688
3009689
3009690
3009691
3009692
3009693
3009694
3009695
3009696
3009697
3009698
3009699
3009700
3008867
3008868
3008869
3008870
3008871
3008872
3008873
3008874
3008875
3008876
3008877
3008878
3008879
3008880
3008881
3008882
3008883
3008884
3008885
3008886
3008887
3008888
3008889
3008890
3008891
3008892
3008893
3008894
3008895
3008896
3008897
3008898
3008899
3008900
3008901
3008902
3008903
3008904
3008905
3008906
3008907
3008908
3008909
3008910
3008911
3008912
3008913
3008914
3008915
3008916
3008917
3008918
3008919
3008920
3008921
3008922
3008923
3008924
3008925
3008926
3008927
3008928
3008929
3008930
3008931
3008932
3008933
3008934
3008935
3008936
3008937
3008938
3008939
3008940
3008941
3008942
3008943
3006418
3006419
3006420
3006421
3006422
3006423
3006424
3006425
3006426
3006427
3006428
3006429
3006430
3006431
3006432
3006433
3006434
3006435
3006436
3006437
3006438
3006439
3006440
3006441
3006442
3006443
3006444
3006445
3006446
3006447
3006448
3006449
3006450
3006451
3006452
3006453
3006454
3006455
3006456
3006457
3006458
3006459
3006460
3006461
3006462
3006463
3006464
3006465
3006466
3006467
3006468
3006469
3006470
3006471
3006472
3006473
3006474
3006475
3006476
3006477
3006478
3006479
3006480
3006481
3006482
3006483
3006484
3006485
3006486
3006487
3006488
3006489
3006490
3006491
3006492
3006493
3006494
3006495
3006496
3006497
3006498
3006499
3006500
3006501
3006502
3006503
3006504
3006505
3006506
3006507
3006508
3006509
3006510
3006511
3006512
3006513
3006514
3006515
3006516
3006517
3006518
3006519
3006520
3006521
3006522
3006523
3006524
3006525
3006526
3006527
3006528
3006529
3006530
3006531
3006532
3006533
3006534
3006535
3006536
3006537
3006538
3006539
3006540
3006541
3006542
3006543
3006544
3006545
3006546
3006547
3006548
3006549
3006550
3006551
3006552
3006553
3006554
3006555
3006556
3006557
3006558
3006559
3006560
3006561
3006562
3006563
3006564
3006565
3006566
3006567
3006568
3006569
3006570
3006571
3006572
3006573
3006574
3006575
3006576
3006577
3006578
3006579
3006580
3006581
3006582
3006583
3006584
3006585
3006586
3006587
3006588
3006589
3006590
3006591
3006592
3006593
3006594
3006595
3006596
3006597
3006598
3006599
3006600
3006601
3006602
3006603
3006604
3006605
3006606
3006607
3006608
3006609
3006610
3006611
3006612
3006613
3006614
3006615
3006616
3006617
3006618
3006619
3006620
3006621
3006622
3006623
3006624
3006625
3006626
3006627
3006628
3006629
3006630
3006631
3006632
3006633
3006634
3006635
3006636
3006637
3006638
3006639
3006640
3006641
3006642
3006643
3006644
3006645
3006646
3006647
3006648
3006649
3006650
3006651
3006652
3006653
3006654
3006655
3006656
3006657
3006658
3006659
3006660
3006661
3006662
3006663
3006664
3006665
3006666
3006667
3005719
3005720
3005721
3005722
3005723
3005724
3005725
3005726
3005727
3005728
3005729
3005730
3005731
3005732
3005733
3005734
3005735
3005736
3005737
3005738
3005739
3005740
3005741
3005742
3005743
3005744
3005745
3005746
3005747
3005748
3005749
3005750
3005751
3005752
3005753
3005754
3005755
3005756
3005757
3005758
3005759
3005760
3005761
3005762
3005763
3005764
3005765
3005766
3005767
3005768
3005769
3005770
3005771
3005772
3005773
3005774
3005775
3005776
3005777
3005778
3005779
3005780
3005781
3005782
3005783
3005784
3005785
3005786
3005787
3005788
3005789
3005790
3005791
3005792
3005793
3005794
3005795
3005796
3005797
3005798
3005799
3005800
3005801
3005802
3005803
3005804
3005805
3005806
3005807
3005808
3005809
3005810
3005811
3005812
3005813
3005814
3005815
3005816
3005817
3005818
3005819
3005820
3005821
3005822
3005823
3005824
3005825
3005826
3005827
3005828
3005829
3005830
3005831
3005832
3005833
3005834
3005835
3005836
3005837
3005838
3005839
3005840
3005841
3005842
3005843
3005844
3005845
3005846
3005847
3005848
3005849
3005850
3005851
3005852
3005853
3005854
3005855
3005856
3005857
3005858
3005859
3005860
3005861
3005862
3005863
3005864
3005865
3005866
3005867
3005868
3005869
3005870
3005871
3005872
3005873
3005874
3005875
3005876
3005877
3005878
3005879
3005880
3005881
3005882
3005883
3005884
3005885
3005886
3005887
3005888
3005889
3005890
3005891
3005892
3005893
3005894
3005895
3005896
3005897
3005898
3005899
3005900
3005901
3005902
3005903
3005904
3005905
3005906
3005907
3005908
3005909
3005910
3005911
3005912
3005913
3005914
3005915
3005916
3005917
3005918
3005919
3005920
3005921
3005922
3005923
3005924
3005925
3005926
3005927
3005928
3005929
3005930
3005931
3005932
3005933
3005934
3005935
3005936
3005937
3005938
3005939
3005940
3005941
3005942
3005943
3005944
3005945
3005946
3005947
3005948
3005949
3005950
3005951
3005952
3005953
3005954
3005955
3005956
3005957
3005958
3005959
3005960
3005961
3005962
3005963
3005964
3005965
3005966
3005435
3005436
3005437
3005438
3005439
3005440
3005441
3005442
3005443
3005444
3005445
3005446
3005447
3005448
3005449
3005450
3005451
3005452
3005453
3005454
3005455
3005456
3005457
3005458
3005459
3005460
3005461
3005462
3005463
3005464
3005465
3005466
3005467
3005468
3005469
3005470
3005471
3005472
3005473
3005474
3005475
3005476
3005477
3005478
3005479
3005480
3005481
3005482
3005483
3005484
3005485
3005486
3005487
3005488
3005489
3005490
3005491
3005492
3005493
3005494
3005495
3005496
3005497
3005498
3005499
3005500
3005501
3005502
3005503
3005504
3005505
3005506
3005507
3005508
3005509
3005510
3005511
3005512
3005513
3005514
3005515
3005516
3005517
3005518
3005519
3005520
3005521
3005522
3005523
3005524
3005525
3005526
3005527
3005528
3005529
3005530
3005531
3005532
3005533
3005534
3005535
3005536
3005537
3005538
3005539
3005540
3005541
3005542
3005543
3005544
3005545
3005546
3005547
3005548
3005549
3005550
3005551
3005552
3005553
3005554
3005555
3005556
3005557
3005558
3005559
3005560
3005561
3005562
3005563
3005564
3005565
3005566
3005567
3005568
3005569
3005570
3005571
3005572
3005573
3005574
3005575
3005576
3005577
3005578
3005579
3005580
3005581
3005582
3002351
3002352
3002353
3002354
3002355
3002356
3002357
3002358
3002359
3002360
3002361
3002362
3002363
3002364
3002365
3002366
3002367
3002368
3002369
3002370
3002371
3002372
3002373
3002374
3002375
3002376
3002377
3002378
3002379
3002380
3002381
3002382
3002383
3002384
3002385
3002386
3002387
3002388
3002389
3002390
3002391
3002392
3002393
3002394
3002395
3002396
3002397
3002398
3002399
3002400
3002401
3002402
3002403
3002404
3002405
3002406
3002407
3002408
3002409
3002410
3002411
3002412
3002413
3002414
3002415
3002416
3002417
3002418
3002419
3002420
3002421
3002422
3002423
3002424
3002425
3002426
3002427
3002428
3002429
3002430
3002431
3002432
3002433
3002434
3002435
3002436
3002437
3002438
3002439
3002440
3002441
3002442
3002443
3002444
3002445
3002446
3002447
3002448
3002449
3002450
3002451
3002452
3002453
3002454
3002455
3002456
3002457
3002458
3002459
3002460
3002461
3002462
3002463
3002464
3002465
3002466
3002467
3002468
3002469
3002470
3002471
3002472
3002473
3002474
3002475
3002476
3002477
3002478
3002479
3002480
3002481
3002482
3002483
3002484
3002485
3002486
3002487
3002488
3002489
3002490
3002491
3002492
3002493
3002494
3002495
3002496
3002497
3002498
3002499
3002500
3002501
3000645
3000646
3000647
3000648
3000649
3000650
3000651
3000652
3000653
3000654
3000655
3000656
3000657
3000658
3000659
3000660
3000661
3000662
3000663
3000664
3000665
3000666
3000667
3000668
3000669
3000670
3000671
3000672
3000673
3000674
3000675
3000676
3000677
3000678
3000679
3000680
3000681
3000682
3000683
3000684
3000685
3000686
3000687
3000688
3000689
3000690
3000691
3000692
3000693
3000694
3000695
3000696
3000697
3000698
3000699
3000700
3000701
3000702
3000703
3000704
3000705
3000706
3000707
3000708
3000709
3000710
3000711
3000712
3000713
3000714
3000715
3000716
3000717
3000718
3000719
3000720
3000721
2997849
2997850
2997851
2997852
2997853
2997854
2997855
2997856
2997857
2997858
2997859
2997860
2997861
2997862
2997863
2997864
2997865
2997866
2997867
2997868
2997869
2997870
2997871
2997872
2997873
2997874
2997875
2997876
2997877
2997878
2997879
2997880
2997881
2997882
2997883
2997884
2997885
2997886
2997887
2997888
2997889
2997890
2997891
2997892
2997893
2997894
2997895
2997896
2997897
2997898
2997899
2997900
2997901
2997902
2997903
2997904
2997905
2997906
2997907
2997908
2997909
2997910
2997911
2997912
2997913
2997914
2997915
2997916
2997917
2997918
2997919
2997920
2997921
2997922
2997923
2997924
2997925
2997926
2997927
2997928
2997929
2997930
2997931
2997932
2997933
2997934
2997935
2997936
2997937
2997938
2997939
2997940
2997941
2997942
2997943
2997944
2997945
2997946
2997947
2997948
2997949
2997950
2997951
2997952
2997953
3062698
3062699
3062700
3062701
3062702
3062703
3062704
3062705
3062706
3062707
3062708
3062709
3062710
3062711
3062712
3062713
3062714
3062715
3062716
3062717
3062718
3062719
3062720
3062721
3062722
3062723
3062724
3062725
3062726
3062727
3062728
3062729
3062730
3062731
3062732
3062733
3062734
3062735
3062736
3062737
3062738
3062739
3062740
3062741
3062742
3062743
3062744
3062745
3062746
3062747
3062748
3062749
3062750
3062751
3062752
3062753
3062754
3062755
3062756
3062757
3062758
3062759
3062760
3062761
3062762
3062763
3062764
3062765
3062766
3062767
3062768
3062769
3062770
3062771
3062772
3062773
3062774
3062775
3062776
3062777
3062778
3062779
3062780
3062781
3062782
3062783
3062784
3062785
3062786
3062787
3062788
3062789
3062790
3062791
3062792
3062793
3062794
3062795
3062796
3062797
3062798
3062799
3062800
3062801
3062802
3062803
3062804
3062805
3062806
3062807
3062808
3062809
3062810
3062811
3062812
3062813
3062814
3062815
3062816
3062817
3062818
3062819
3062820
3062821
3062822
3062823
3062824
3062825
3062826
3062827
3062828
3062829
3062830
3062831
3062832
3062833
3062834
3062835
3062836
3062837
3062838
3062839
3062840
3062841
3062842
3062843
3062844
3062845
3062846
3062847
3062848
3062849
3062850
3062851
3062852
3062853
3062854
3062855
3062856
3062857
3062858
3062859
3062860
3062861
3062862
3062863
3062864
3062865
3062866
3062867
3062868
3062869
3062870
3062871
3062872
3062873
3062874
3062875
3062876
3062877
3062878
3062879
3062880
3062881
3062882
3062883
3062884
3062885
3062886
3062887
3062888
3062889
3062890
3062891
3062892
3062893
3062894
3062895
3062896
3062897
3062898
3062899
3062900
3062901
3062902
3062903
3062904
3062905
3062906
3062907
3062908
3062909
3062910
3062911
3062912
3062913
3062914
3062915
3062916
3062917
3062918
3062919
3062920
3062921
3062922
3062923
3062924
3062925
3061158
3061159
3061160
3061161
3061162
3061163
3061164
3061165
3061166
3061167
3061168
3061169
3061170
3061171
3061172
3061173
3061174
3061175
3061176
3061177
3061178
3061179
3061180
3061181
3061182
3061183
3061184
3061185
3061186
3061187
3061188
3061189
3061190
3061191
3061192
3061193
3061194
3061195
3061196
3061197
3061198
3061199
3061200
3061201
3061202
3061203
3061204
3061205
3061206
3061207
3061208
3061209
3061210
3061211
3061212
3061213
3061214
3061215
3061216
3061217
3061218
3061219
3061220
3061221
3061222
3061223
3061224
3061225
3061226
3061227
3061228
3061229
3061230
3061231
3061232
3061233
3061234
3061235
3061236
3061237
3061238
3061239
3061240
3061241
3061242
3061243
3061244
3061245
3061246
3061247
3061248
3061249
3061250
3061251
3061252
3061253
3061254
3061255
3057677
3057678
3057679
3057680
3057681
3057682
3057683
3057684
3057685
3057686
3057687
3057688
3057689
3057690
3057691
3057692
3057693
3057694
3057695
3057696
3057697
3057698
3057699
3057700
3057701
3057702
3057703
3057704
3057705
3057706
3057707
3057708
3057709
3057710
3057711
3057712
3057713
3057714
3057715
3057716
3057717
3057718
3057719
3057720
3057721
3057722
3057723
3057724
3057725
3057726
3057727
3057728
3057729
3057730
3057731
3057732
3057733
3057734
3057735
3057736
3057737
3057738
3057739
3057740
3056310
3056311
3056312
3056313
3056314
3056315
3056316
3056317
3056318
3056319
3056320
3056321
3056322
3056323
3056324
3056325
3056326
3056327
3056328
3056329
3056330
3056331
3056332
3056333
3056334
3056335
3056336
3056337
3056338
3056339
3056340
3056341
3056342
3056343
3056344
3056345
3056346
3056347
3056348
3056349
3056350
3056351
3056352
3056353
3056354
3055662
3055663
3055664
3055665
3055666
3055667
3055668
3055669
3055670
3055671
3055672
3055673
3055674
3055675
3055676
3055677
3055678
3055679
3055680
3055681
3055682
3055683
3055684
3055685
3055686
3055687
3055688
3055689
3055690
3055691
3055692
3055693
3055694
3055695
3055696
3055697
3055698
3055699
3055700
3055701
3055702
3055703
3055704
3055705
3055706
3055707
3055708
3055709
3055710
3055711
3055712
3055713
3055714
3055715
3055716
3055717
3055718
3055719
3055720
3055721
3055722
3055723
3055724
3054118
3054119
3054120
3054121
3054122
3054123
3054124
3054125
3054126
3054127
3054128
3054129
3054130
3054131
3054132
3054133
3054134
3054135
3054136
3054137
3054138
3054139
3054140
3054141
3054142
3054143
3054144
3054145
3054146
3054147
3054148
3054149
3054150
3054151
3054152
3054153
3054154
3054155
3054156
3054157
3054158
3054159
3054160
3054161
3054162
3054163
3054164
3054165
3054166
3054167
3054168
3054169
3054170
3054171
3054172
3054173
3054174
3054175
3054176
3054177
3054178
3054179
3054180
3054181
3054182
3054183
3054184
3054185
3054186
3054187
3054188
3054189
3054190
3054191
3054192
3053820
3053821
3053822
3053823
3053824
3053825
3053826
3053827
3053828
3053829
3053830
3053831
3053832
3053833
3053834
3053835
3053836
3053837
3053838
3053839
3053840
3053841
3053842
3053843
3053844
3053845
3053846
3053847
3053848
3053849
3053850
3053851
3053852
3053853
3053854
3053855
3053856
3053857
3053858
3053859
3053860
3053861
3053862
3053863
3053864
3053865
3053866
3053867
3053868
3053869
3053870
3053871
3053872
3053873
3053874
3053875
3053876
3053877
3053878
3053879
3053880
3053881
3053882
3053883
3053884
3053885
3053886
3053887
3053888
3053889
3053890
3053891
3053892
3053893
3053894
3053895
3053896
3053897
3053898
3053899
3053900
3053901
3053902
3053903
3053904
3053905
3053906
3053907
3053908
3053909
3053910
3053911
3053912
3053913
3053914
3053915
3053916
3053917
3053918
3053919
3053920
3053921
3053922
3053923
3053924
3053925
3053926
3053927
3053928
3053929
3053930
3053931
3053932
3053933
3053934
3053935
3053936
3053937
3053938
3053939
3053940
3053941
3053942
3053943
3053944
3053945
3053946
3053947
3053948
3053949
3053950
3053951
3053952
3053953
3053954
3053955
3053956
3053957
3053958
3053959
3053960
3053961
3053962
3053963
3053964
3053965
3053966
3053967
3053968
3053969
3053970
3053971
3053972
3053973
3053974
3053975
3053976
3053977
3053978
3053979
3053980
3053981
3053982
3053983
3053984
3053985
3053986
3053987
3053988
3053989
3053990
3053991
3053992
3053993
3053994
3053995
3053996
3053997
3053998
3053999
3054000
3054001
3054002
3054003
3054004
3054005
3054006
3054007
3054008
3054009
3054010
3054011
3054012
3054013
3054014
3054015
3054016
3054017
3054018
3054019
3054020
3054021
3054022
3054023
3054024
3054025
3054026
3054027
3054028
3054029
3054030
3054031
3054032
3054033
3054034
3054035
3054036
3054037
3054038
3094650
3094651
3094652
3094653
3094654
3094655
3094656
3094657
3094658
3094659
3094660
3094661
3094662
3094663
3094664
3094665
3094666
3094667
3094668
3094669
3094670
3094671
3094672
3094673
3094674
3094675
3094676
3094677
3094678
3094679
3094680
3094681
3094682
3094683
3094684
3094685
3094686
3094687
3094688
3094689
3094690
3094691
3094692
3094693
3094694
3094695
3094696
3094697
3094698
3094699
3094700
3094701
3094702
3094703
3094704
3094705
3094706
3094707
3094708
3094709
3094710
3094711
3094712
3094713
3094714
3094715
3094716
3094717
3094718
3094719
3094720
3094721
3094722
3094723
3094724
3094725
3094726
3094727
3094728
3094729
3094730
3094731
3094732
3094733
3094734
3094735
3094736
3094737
3094738
3094739
3094740
3094741
3094742
3094743
3094744
3094745
3094746
3094747
3094748
3094749
3094750
3094751
3094752
3094753
3094754
3094755
3094756
3094757
3094758
3094759
3094760
3094761
3094762
3094763
3094764
3094765
3094766
3094767
3094768
3094769
3094770
3094771
3094772
3094773
3094774
3094775
3094776
3094777
3094778
3094779
3094780
3094781
3094782
3094783
3094784
3094785
3110147
3110148
3110149
3110150
3110151
3110152
3110153
3110154
3110155
3110156
3110157
3110158
3110159
3110160
3110161
3110162
3110163
3110164
3110165
3110166
3110167
3110168
3110169
3110170
3110171
3110172
3110173
3110174
3110175
3110176
3110177
3110178
3110179
3110180
3110181
3110182
3110183
3110184
3110185
3110186
3110187
3110188
3110189
3110190
3110191
3110192
3110193
3110194
3110195
3110196
3110197
3110198
3110199
3110200
3110201
3110202
3110203
3110204
3110205
3110206
3110207
3110208
3110209
3110210
3110211
3110212
3110213
3110214
3110215
3110216
3110217
3110218
3110219
3110220
3110221
3110222
3110223
3110224
3110225
3110226
3110227
3110228
3110229
3110230
3110231
3110232
3110233
3110234
3110235
3110236
3110237
3110238
3110239
3110240
3110241
3110242
3110243
3110244
3110245
3110246
3110247
3110248
3110249
3110250
3110251
3110252
3110253
3110254
3110255
3110256
3110257
3110258
3110259
3110260
3110261
3110262
3110263
3110264
3110265
3110266
3110267
3110268
3110269
3110270
3110271
3110272
3110273
3110274
3110275
3110276
3110277
3110278
3110279
3110280
3110281
3110282
3110283
3110284
3110285
3110286
3110287
3110288
3110289
3110290
3110291
3110292
3110293
3110294
3110295
3110296
3110297
3110298
3110299
3110300
3110301
3110302
3110303
3110304
3110305
3110306
3110307
3110308
3110309
3110310
3110311
3110312
3110313
3110314
3110315
3110316
3110317
3110318
3110319
3110320
3110321
3110322
3110323
3110324
3110325
3110326
3110327
3110328
3110329
3110330
3110331
3113328
3113329
3113330
3113331
3113332
3113333
3113334
3113335
3113336
3113337
3113338
3113339
3113340
3113341
3113342
3113343
3113344
3113345
3113346
3113347
3113348
3113349
3113350
3113351
3113352
3113353
3113354
3113355
3113356
3113357
3113358
3113359
3113360
3113361
3113362
3113363
3113364
3113365
3113366
3113367
3113368
3113369
3113370
3113371
3113372
3113373
3113374
3113375
3113376
3113377
3113378
3113379
3113380
3113381
3113382
3113383
3113384
3113385
3113386
3113387
3113388
3113389
3113390
3113391
3113392
3113393
3113394
3113395
3113396
3113397
3113398
3113399
3113400
3113401
3113402
3113403
3113404
3113405
3113406
3113407
3113408
3113409
3113410
3113411
3113412
3113413
3113414
3113415
3113416
3113417
3113418
3113419
3113420
3113421
3113422
3113423
3113424
3113425
3113426
3113427
3113428
3113429
3113430
3113431
3113432
3113433
3113434
3113435
3113436
3113437
3113438
3113439
3113440
3113441
3113442
3113443
3113444
3113445
3113446
3113447
3113448
3113449
3113450
3113451
3113452
3113453
3113454
3113455
3113456
3113457
3113458
3113459
3113460
3113461
3113462
3113463
3113464
3113465
3113466
3113467
3113468
3113469
3113470
3113471
3113472
3113473
3113474
3113475
3113476
3113477
3113478
3113479
3113480
3113481
3113482
3114942
3114943
3114944
3114945
3114946
3114947
3114948
3114949
3114950
3114951
3114952
3114953
3114954
3114955
3114956
3114957
3114958
3114959
3114960
3114961
3114962
3114963
3114964
3114965
3114966
3114967
3114968
3114969
3114970
3114971
3114972
3114973
3114974
3114975
3114976
3114977
3114978
3114979
3114980
3114981
3114982
3114983
3114984
3114985
3114986
3114987
3114988
3114989
3114990
3114991
3114992
3114993
3114994
3114995
3114996
3114997
3114998
3114999
3115000
3115001
3115002
3115003
3115004
3115005
3115006
3115007
3115008
3115009
3115010
3115011
3115012
3115013
3115014
3115015
3115016
3115017
3115018
3115019
3115020
3115021
3115022
3115023
3115024
3115025
3115026
3115027
3115028
3115029
3115030
3115031
3115032
3115033
3115034
3115035
3115036
3115037
3115038
3115039
3115040
3115041
3115042
3115043
3115044
3115045
3115046
3115047
3115048
3115049
3115050
3115051
3115052
3115053
3115054
3115055
3115056
3115057
3115058
3115059
3115060
3115061
3115062
3115063
3115064
3115065
3115066
3115067
3115068
3115069
3115070
3118922
3118923
3118924
3118925
3118926
3118927
3118928
3118929
3118930
3118931
3118932
3118933
3118934
3118935
3118936
3118937
3118938
3118939
3118940
3118941
3118942
3118943
3118944
3118945
3118946
3118947
3118948
3118949
3118950
3118951
3118952
3118953
3118954
3118955
3118956
3118957
3118958
3118959
3118960
3118961
3118962
3118963
3118964
3118965
3118966
3118967
3118968
3118969
3118970
3118971
3118972
3118973
3118974
3118975
3118976
3118977
3118978
3118979
3118980
3118981
3118982
3118983
3118984
3118985
3118986
3118987
3118988
3118989
3118990
3118991
3118992
3118993
3118994
3118995
3118996
3118997
3118998
3118999
3119000
3119001
3119002
3119003
3119004
3119005
3119006
3119007
3119008
3119009
3119010
3119011
3119012
3119013
3119014
3119015
3119016
3119017
3119018
3119019
3119020
3119021
3119022
3119023
3119024
3119025
3119026
3119027
3119028
3119029
3119030
3119031
3119032
3119033
3119034
3119035
3119036
3119037
3119038
3119039
3119040
3119041
3119042
3119043
3119044
3119045
3119046
3119047
3119048
3119049
3119050
3119051
3119204
3119205
3119206
3119207
3119208
3119209
3119210
3119211
3119212
3119213
3119214
3119215
3119216
3119217
3119218
3119219
3119220
3119221
3119222
3119223
3119224
3119225
3119226
3119227
3119228
3119229
3119230
3119231
3119232
3119233
3119234
3119235
3119236
3119237
3119238
3119239
3119240
3119241
3119242
3119243
3119244
3119245
3119246
3119247
3119248
3119249
3119250
3119251
3119252
3119253
3119254
3119255
3119256
3119257
3119258
3119259
3119260
3119261
3119262
3119263
3119264
3119265
3119266
3119267
3119268
3119269
3119270
3119271
3119272
3119273
3119274
3119275
3119276
3119277
3119278
3119279
3119280
3119281
3119282
3119283
3119284
3119285
3119286
3119287
3119288
3119289
3119290
3119291
3119292
3119293
3119294
3119295
3119296
3119297
3119298
3119299
3119300
3119301
3119302
3119303
3119304
3119305
3119306
3119307
3119308
3119309
3119310
3119311
3119312
3119313
3119314
3119315
3119316
3119317
3119318
3119319
3119320
3119321
3119322
3119323
3119324
3119325
3119326
3119327
3119328
3119329
3119330
3119331
3119332
3119333
3119334
3119335
3119336
3119337
3119338
3119339
3119340
3119341
3119342
3119343
3119344
3119345
3119346
3119347
3119348
3119349
3119350
3119351
3119352
3119353
3119354
3119355
3119356
3119357
3120987
3120988
3120989
3120990
3120991
3120992
3120993
3120994
3120995
3120996
3120997
3120998
3120999
3121000
3121001
3121002
3121003
3121004
3121005
3121006
3121007
3121008
3121009
3121010
3121011
3121012
3121013
3121014
3121015
3121016
3121017
3121018
3121019
3121020
3121021
3121022
3121023
3121024
3121025
3121026
3121027
3121028
3121029
3121030
3121031
3121032
3121033
3121034
3121035
3121036
3121037
3121038
3121039
3121040
3121041
3121042
3121043
3121044
3121045
3121046
3121047
3121048
3121049
3121050
3121051
3121052
3121053
3121054
3121055
3121056
3121057
3121058
3121059
3121060
3121061
3121062
3121063
3121064
3121065
3121066
3121067
3121068
3121069
3121070
3121071
3121072
3121073
3121074
3121075
3121076
3121077
3121078
3121079
3121080
3121081
3121082
3121083
3121084
3121085
3121086
3121087
3121088
3121089
3121090
3121091
3121092
3121093
3121094
3121095
3121096
3121097
3121098
3121099
3121100
3121101
3121102
3121103
3121104
3121105
3121106
3121107
3121108
3121109
3121110
3121111
3121112
3121113
3121114
3121115
3121116
3121117
3121118
3121119
3121120
3121121
3121122
3121123
3121124
3121125
3121126
3121127
3121128
3121129
3121130
3121131
3121132
3121133
3121134
3121135
3121136
3121137
3121138
3121139
3121140
3121141
3121142
3121143
3121144
3121145
3121146
3121147
3121148
3121149
3121150
3121151
3121152
3121153
3121154
3121155
3121156
3121157
3121158
3121159
3121160
3121161
3121162
3121163
3121164
3121165
3121166
3121167
3121168
3121169
3121170
3121171
3121172
3121173
3121174
3136449
3136450
3136451
3136452
3136453
3136454
3136455
3136456
3136457
3136458
3136459
3136460
3136461
3136462
3136463
3136464
3136465
3136466
3136467
3136468
3136469
3136470
3136471
3136472
3136473
3136474
3136475
3136476
3136477
3136478
3136479
3136480
3136481
3136482
3136483
3136484
3136485
3136486
3136487
3136488
3136489
3136490
3136491
3136492
3136493
3136494
3136495
3136496
3136497
3136498
3136499
3136500
3136501
3136502
3136503
3136504
3136505
3136506
3136507
3136508
3136509
3136510
3136511
3136512
3136513
3136514
3136515
3136516
3136517
3136518
3136519
3136520
3136521
3136522
3136523
3136524
3136525
3136526
3136527
3136528
3136529
3136530
3136531
3136532
3136533
3136534
3136535
3136536
3136537
3136538
3136539
3136540
3136541
3136542
3136543
3136544
3136545
3136546
3136547
3136548
3136549
3136550
3136551
3136552
3136553
3136554
3136555
3136556
3136557
3136558
3136559
3136560
3136561
3136562
3136563
3136564
3136565
3136566
3136567
3136568
3136569
3136570
3136571
3136572
3136573
3136574
3136575
3136576
3136577
3136578
3136579
3136580
3136581
3136582
3136583
3136584
3136585
3136586
3136587
3136588
3136589
3136590
3136591
3136592
3136593
3148589
3148590
3148591
3148592
3148593
3148594
3148595
3148596
3148597
3148598
3148599
3148600
3148601
3148602
3148603
3148604
3148605
3148606
3148607
3148608
3148609
3148610
3148611
3148612
3148613
3148614
3148615
3148616
3148617
3148618
3148619
3148620
3148621
3148622
3148623
3148624
3148625
3148626
3148627
3148628
3148629
3148630
3148631
3148632
3148633
3148634
3148635
3148636
3148637
3148638
3148639
3148640
3148641
3148642
3148643
3148644
3148645
3148646
3148647
3148648
3148649
3148650
3148651
3148652
3148653
3148654
3148655
3148656
3148657
3148658
3148659
3148660
3148661
3148662
3148663
3148664
3148665
3148666
3148667
3148668
3148669
3148670
3148671
3148672
3148673
3148674
3148675
3148676
3148677
3148678
3148679
3148680
3148681
3148682
3148683
3148684
3148685
3148686
3148687
3148688
3148689
3148690
3148691
3148692
3148693
3148694
3148695
3148696
3148697
3148698
3148699
3148700
3148701
3148702
3148703
3148704
3148705
3148706
3148707
3148708
3148709
3148710
3148711
3148712
3148713
3148714
3148715
3148716
3148717
3148718
3148719
3148720
3148721
3148722
3148723
3148724
3148725
3148726
3148727
3148728
3148729
3148730
3148731
3148732
3148733
3148734
3148735
3148736
3148737
3148738
3148739
3148740
3148741
3148742
3148743
3148744
3148745
3148746
3148747
3148748
3148749
3148750
3148751
3148752
3148753
3148754
3148755
3148756
3148757
3148758
3148759
3148760
3148761
3148762
3148763
3148764
3148765
3148766
3148767
3148768
3148769
3148770
3148771
3148772
3148773
3150129
3150130
3150131
3150132
3150133
3150134
3150135
3150136
3150137
3150138
3150139
3150140
3150141
3150142
3150143
3150144
3150145
3150146
3150147
3150148
3150149
3150150
3150151
3150152
3150153
3150154
3150155
3150156
3150157
3150158
3150159
3150160
3150161
3150162
3150163
3150164
3150165
3150166
3150167
3150168
3150169
3150170
3150171
3150172
3150173
3150174
3150175
3150176
3150177
3150178
3150179
3150180
3150181
3150182
3150183
3150184
3150185
3150186
3150187
3150188
3150189
3150190
3150191
3150192
3150193
3150194
3150195
3150196
3150197
3150198
3150199
3150200
3150201
3150202
3150203
3150204
3150205
3150206
3150207
3150208
3150209
3150210
3150211
3150212
3150213
3150214
3150215
3150216
3150217
3150218
3150219
3150220
3150221
3150222
3150223
3150224
3150225
3150226
3150227
3150228
3150229
3150230
3150231
3150232
3150233
3150234
3150235
3150236
3150237
3150238
3150239
3150240
3150241
3150242
3150243
3150244
3150245
3150246
3150247
3150248
3150249
3150250
3150251
3150252
3150253
3150254
3150255
3150256
3150257
3150258
3150259
3150260
3150261
3150262
3150263
3150264
3150265
3150266
3150267
3150268
3150269
3150270
3150271
3150272
3150273
3150274
3150275
3150276
3150277
3150278
3150279
3150280
3150281
3150282
3150283
3151705
3151706
3151707
3151708
3151709
3151710
3151711
3151712
3151713
3151714
3151715
3151716
3151717
3151718
3151719
3151720
3151721
3151722
3151723
3151724
3151725
3151726
3151727
3151728
3151729
3151730
3151731
3151732
3151733
3151734
3151735
3151736
3151737
3151738
3151739
3151740
3151741
3151742
3151743
3151744
3151745
3151746
3151747
3151748
3151749
3151750
3151751
3151752
3151753
3151754
3151755
3151756
3151757
3151758
3151759
3151760
3151761
3151762
3151763
3151764
3151765
3151766
3151767
3151768
3151769
3151770
3151771
3151772
3151773
3151774
3151775
3151776
3151777
3151778
3151779
3151780
3151781
3151782
3151783
3151784
3151785
3151786
3151787
3151788
3151789
3151790
3151791
3151792
3151793
3151794
3151795
3151796
3151797
3151798
3151799
3151800
3151801
3151802
3151803
3151804
3151805
3151806
3151807
3151808
3151809
3151810
3151811
3151812
3151813
3151814
3151815
3151816
3151817
3151818
3151819
3151820
3151821
3151822
3151823
3151824
3151825
3151826
3151827
3151828
3151829
3151830
3151831
3151832
3151833
3155821
3155822
3155823
3155824
3155825
3155826
3155827
3155828
3155829
3155830
3155831
3155832
3155833
3155834
3155835
3155836
3155837
3155838
3155839
3155840
3155841
3155842
3155843
3155844
3155845
3155846
3155847
3155848
3155849
3155850
3155851
3155852
3155853
3155854
3155855
3155856
3155857
3155858
3155859
3155860
3155861
3155862
3155863
3155864
3155865
3155866
3155867
3155868
3155869
3155870
3155871
3155872
3155873
3155874
3155875
3155876
3155877
3155878
3155879
3155880
3155881
3155882
3155883
3155884
3155885
3155886
3155887
3155888
3155889
3155890
3155891
3155892
3155893
3155894
3155895
3155896
3155897
3155898
3155899
3155900
3155901
3155902
3155903
3155904
3155905
3155906
3155907
3155908
3155909
3155910
3155911
3155912
3155913
3155914
3155915
3155916
3155917
3155918
3155919
3155920
3155921
3155922
3155923
3155924
3155925
3155926
3155927
3155928
3155929
3155930
3155931
3155932
3155933
3155934
3155935
3155936
3155937
3155938
3155939
3155940
3155941
3155942
3155943
3155944
3155945
3155946
3155947
3155948
3155949
3155950
3157726
3157727
3157728
3157729
3157730
3157731
3157732
3157733
3157734
3157735
3157736
3157737
3157738
3157739
3157740
3157741
3157742
3157743
3157744
3157745
3157746
3157747
3157748
3157749
3157750
3157751
3157752
3157753
3157754
3157755
3157756
3157757
3157758
3157759
3157760
3157761
3157762
3157763
3157764
3157765
3157766
3157767
3157768
3157769
3157770
3157771
3157772
3157773
3157774
3157775
3157776
3157777
3157778
3157779
3157780
3157781
3157782
3157783
3157784
3157785
3157786
3157787
3157788
3157789
3157790
3157791
3157792
3157793
3157794
3157795
3157796
3157797
3157798
3157799
3157800
3157801
3157802
3157803
3157804
3157805
3157806
3157807
3157808
3157809
3157810
3157811
3157812
3157813
3157814
3157815
3157816
3157817
3157818
3157819
3157820
3157821
3157822
3157823
3157824
3157825
3157826
3157827
3157828
3157829
3157830
3157831
3157832
3157833
3157834
3157835
3157836
3157837
3157838
3157839
3157840
3157841
3157842
3157843
3157844
3157845
3157846
3157847
3157848
3157849
3157850
3157851
3157852
3157853
3157854
3157855
3157856
3157857
3157858
3157859
3157860
3157861
3157862
3157863
3157864
3157865
3157866
3157867
3157868
3157869
3157870
3157871
3157872
3157873
3157874
3157875
3157876
3157877
3157878
3157879
3162791
3162792
3162793
3162794
3162795
3162796
3162797
3162798
3162799
3162800
3162801
3162802
3162803
3162804
3162805
3162806
3162807
3162808
3162809
3162810
3162811
3162812
3162813
3162814
3162815
3162816
3162817
3162818
3162819
3162820
3162821
3162822
3162823
3162824
3162825
3162826
3162827
3162828
3162829
3162830
3162831
3162832
3162833
3162834
3162835
3162836
3162837
3162838
3162839
3162840
3162841
3162842
3162843
3162844
3162845
3162846
3162847
3162848
3162849
3162850
3162851
3162852
3162853
3162854
3162855
3162856
3162857
3162858
3162859
3162860
3162861
3162862
3162863
3162864
3162865
3162866
3162867
3162868
3162869
3162870
3162871
3162872
3162873
3162874
3162875
3162876
3162877
3162878
3162879
3162880
3162881
3162882
3162883
3162884
3162885
3162886
3162887
3162888
3162889
3162890
3162891
3162892
3162893
3162894
3162895
3162896
3162897
3162898
3162899
3162900
3162901
3162902
3162903
3162904
3162905
3162906
3162907
3162908
3162909
3162910
3162911
3162912
3162913
3162914
3162915
3162916
3162917
3162918
3162919
3162920
3162921
3162922
3162923
3162924
3162925
3162926
3162927
3162928
3162929
3162930
3162931
3162932
3162933
3162934
3162935
3162936
3162937
3162938
3162939
3162940
3162941
3162942
3162943
3162944
3162945
3162946
3162947
3162948
3162949
3162950
3162951
3162952
3162953
3162954
3162955
3162956
3162957
3162958
3162959
3162960
3162961
3162962
3162963
3162964
3162965
3162966
3162967
3162968
3162969
3162970
3162971
3162972
3162973
3162974
3162975
3162976
3162977
3162978
3162979
3162980
3162981
3162982
3162983
3162984
3162985
3162986
3162987
3162988
3162989
3162990
3162991
3162992
3162993
3162994
3162995
3162996
3162997
3162998
3162999
3163000
3163001
3163002
3163003
3163004
3163005
3163006
3163007
3163008
3163009
3163010
3163011
3163012
3163013
3163014
