54106606
54106607
54106608
54106609
54106610
54106611
54106612
54106613
54106614
54106615
54106616
54106617
54106618
54106619
54106620
54106621
54106622
54106623
54106624
54106625
54106626
54106627
54106628
54106629
54106630
54106631
54106632
54106633
54106634
54106635
54106636
54106637
54106638
54106639
54106640
54106641
54106642
54106643
54105251
54105252
54105253
54105254
54105255
54105256
54105257
54105258
54105259
54105260
54105261
54105262
54105263
54105264
54105265
54105266
54105267
54105268
54105269
54105270
54105271
54105272
54105273
54105274
54105275
54105276
54105277
54105278
54105279
54105280
54105281
54105282
54105283
54105284
54105285
54105286
54105287
54105288
54105289
54105290
54105291
54105292
54105293
54105294
54105295
54105296
54105297
54105298
54105299
54105300
54105301
54105302
54105303
54105304
54105305
54105306
54105307
54105308
54105309
54105310
54105311
54105312
54105313
54105314
54105315
54105316
54105317
54105318
54105319
54105320
54105321
54105322
54105323
54105324
54105325
54105326
54105327
54105328
54105329
54105330
54105331
54105332
54105333
54105334
54105335
54105336
54105337
54105338
54105339
54105340
54105341
54105342
54105343
54105344
54105345
54105346
54105347
54105348
54105349
54105350
54105351
54105352
54105353
54105354
54105355
54105356
54105357
54105358
54105359
54105360
54105361
54105362
54105363
54105364
54105365
54105366
54105367
54105368
54105369
54105370
54105371
54105372
54105373
54105374
54105375
54105376
54105377
54105378
54105379
54105380
54105381
54105382
54105383
54105384
54105385
54105386
54105387
54105388
54105389
54105390
54105391
54105392
54105393
54105394
54105395
54105396
54105397
54105398
54105399
54105400
54105401
54105402
54105403
54105404
54105405
54105406
54105407
54105408
54105409
54105410
54105411
54105412
54105413
54105414
54105415
54105416
54105417
54104519
54104520
54104521
54104522
54104523
54104524
54104525
54104526
54104527
54104528
54104529
54104530
54104531
54104532
54104533
54104534
54104535
54104536
54104537
54104538
54104539
54104540
54104541
54104542
54104543
54104544
54104545
54104546
54104547
54104548
54104549
54104550
54104551
54104552
54104553
54104554
54104555
54104556
54104557
54104558
54104559
54104560
54104561
54104562
54104563
54104564
54104565
54104566
54104567
54104568
54104569
54104570
54104571
54104572
54104573
54104574
54104575
54104576
54104577
54104578
54104579
54104580
54104581
54104582
54104583
54104584
54104585
54104586
54104587
54104588
54104589
54104590
54104591
54104592
54104593
54104594
54104595
54104596
54104597
54104598
54104599
54104600
54104601
54104602
54104603
54104604
54104605
54104606
54104607
54104608
54104609
54104610
54104611
54104612
54104613
54104614
54104615
54104616
54104617
54104618
54104619
54104620
54104621
54104622
54104623
54104624
54104625
54104626
54103576
54103577
54103578
54103579
54103580
54103581
54103582
54103583
54103584
54103585
54103586
54103587
54103588
54103589
54103590
54103591
54103592
54103593
54103594
54103595
54103596
54103597
54103598
54103599
54103600
54103601
54103602
54103603
54103604
54103605
54103606
54103607
54103608
54103609
54103610
54103611
54103612
54103613
54103614
54103615
54103616
54103617
54103618
54103619
54103620
54103621
54103622
54103623
54103624
54103625
54103626
54103627
54103628
54103629
54103630
54103631
54103632
54103633
54103634
54103635
54103636
54103637
54103638
54103639
54103640
54103641
54103642
54103643
54103644
54103645
54103646
54103647
54103648
54103649
54103650
54103651
54103652
54103653
54103654
54103655
54103656
54103657
54103658
54103659
54103660
54103661
54103662
54103663
54103664
54103665
54103666
54103667
54103668
54103669
54103670
54103671
54103672
54103673
54103674
54103675
54103676
54103677
54103678
54103679
54103680
54103681
54103682
54103683
54103684
54103685
54103686
54103687
54103688
54135361
54135362
54135363
54135364
54135365
54135366
54135367
54135368
54135369
54135370
54135371
54135372
54135373
54135374
54135375
54135376
54135377
54135378
54135379
54135380
54135381
54135382
54135383
54135384
54135385
54135386
54135387
54135388
54137785
54137786
54137787
54137788
54137789
54137790
54137791
54137792
54137793
54137794
54137795
54137796
54137797
54137798
54137799
54137800
54137801
54137802
54137803
54137804
54137805
54137806
54137807
54137808
54137809
54137810
54137811
54137812
54137813
54137814
54137815
54137816
54137817
54137818
54137819
54137820
54137821
54137822
54137823
54137824
54137825
54137826
54137827
54137828
54137829
54137830
54137831
54137832
54137833
54137834
54137835
54137836
54137837
54137838
54137839
54137840
54137841
54137842
54137843
54137844
54137845
54137846
54137847
54137848
54137849
54137850
54137851
54137852
54137853
54137854
54137855
54137856
54137857
54137858
54137859
54137860
54137861
54137862
54137863
54137864
54137865
54137866
54137867
54137868
54137869
54137870
54137871
54137872
54137873
54137874
54137875
54137876
54137877
54137878
54137879
54137880
54137881
54137882
54137883
54137884
54137885
54137886
54137887
54137888
54137889
54137890
54137891
54137892
54137893
54137894
54137895
54137896
54137897
54137898
54137899
54137900
54137901
54137902
54137903
54137904
54137905
54137906
54137907
54137908
54137909
54137910
54137911
54137912
54137913
54137914
54137915
54137916
54137917
54137918
54137919
54137920
54137921
54137922
54137923
54137924
54137925
54137926
54137927
54137928
54137929
54137930
54137931
54137932
54137933
54137934
54137935
54137936
54137937
54137938
54137939
54139850
54139851
54139852
54139853
54139854
54139855
54139856
54139857
54139858
54139859
54139860
54139861
54139862
54139863
54139864
54139865
54139866
54139867
54139868
54139869
54139870
54139871
54139872
54139873
54139874
54139875
54139876
54139877
54139878
54139879
54139880
54139881
54139882
54139883
54139884
54139885
54139886
54139887
54139888
54139889
54139890
54139891
54139892
54139893
54139894
54139895
54139896
54139897
54139898
54139899
54139900
54139901
54139902
54139903
54139904
54139905
54139906
54139907
54139908
54139909
54139910
54139911
54139912
54139913
54139914
54139915
54139916
54139917
54139918
54139919
54139920
54139921
54139922
54139923
54139924
54139925
54139926
54139927
54139928
54139929
54139930
54139931
54139932
54139933
54139934
54139935
54139936
54139937
54139938
54139939
54139940
54139941
54139942
54139943
54139944
54139945
54139946
54139947
54139948
54139949
54139950
54139951
54139952
54139953
54139954
54139955
54139956
54139957
54139958
54139959
54139960
54139961
54139962
54139963
54139964
54139965
54139966
54139967
54139968
54139969
54139970
54139971
54139972
54139973
54139974
54139975
54139976
54139977
54139978
54139979
54139980
54139981
54139982
54139983
54139984
54139985
54139986
54139987
54139988
54139989
54139990
54139991
54139992
54139993
54139994
54139995
54139996
54139997
54139998
54139999
54140000
54140001
54140002
54140003
54140004
54140005
54140006
54140007
54140008
54140009
54140010
54140011
54140012
54140013
54140014
54140015
54140016
54140017
54140018
54140019
54140020
54140021
54140022
54140023
54140024
54140025
54140026
54140027
54140028
54140029
54140030
54140031
54140032
54140033
54140034
54140035
54140036
54140037
54140038
54140039
54140040
54140041
54140042
54140043
54140044
54140045
54140046
54140047
54140048
54140049
54140050
54140051
54140052
54140053
54140054
54140055
54140056
54140057
54140058
54140059
54140060
54140061
54140062
54140063
54140064
54140065
54140066
54140067
54140068
54140069
54140070
54140071
54140072
54140073
54140074
54140075
54140076
54140077
54140078
54140079
54140080
54140081
54140082
54140083
54140084
54140085
54140086
54140087
54140088
54140089
54140090
54140091
54140092
54140093
54140094
54140095
54140096
54140097
54140098
54140099
54140100
54140101
54140102
54140103
54140104
54140105
54140106
54140107
54140108
54140109
54140110
54140111
54140112
54140113
54140114
54140115
54140116
54140117
54140118
54140119
54140120
54140121
54140122
54140123
54140124
54140125
54140126
54140127
54140128
54140129
54140130
54140131
54140132
54140133
54140134
54140135
54140136
54140137
54140138
54140139
54140140
54140141
54140142
54140143
54140144
54140145
54140146
54140147
54140148
54140149
54140150
54140151
54140152
54140153
54140154
54140155
54140156
54140157
54140158
54140159
54140160
54140161
54140162
54140163
54140164
54140165
54140166
54140167
54140168
54140169
54140170
54140171
54140172
54140173
54140174
54140175
54140176
54140177
54140178
54140179
54140180
54140181
54140182
54140183
54140184
54140185
54140186
54140187
54140188
54140189
54140190
54140191
54140192
54140193
54140194
54140195
54140196
54140197
54140198
54140199
54140200
54140201
54140202
54140203
54140204
54140205
54140206
54140207
54140208
54140209
54140210
54140211
54140212
54140213
54140214
54140215
54140216
54140217
54140218
54140219
54140220
54140221
54140222
54140223
54140224
54140225
54140226
54140227
54140228
54140229
54140230
54140231
54140232
54140233
54140234
54140235
54140236
54140237
54140238
54140239
