51455841
51455842
51455843
51455844
51455845
51455846
51455847
51455848
51455849
51455850
51455851
51455852
51455853
51455854
51455855
51455856
51455857
51455858
51455859
51455860
51455861
51455862
51455863
51455864
51455865
51455866
51455867
51455868
51455869
51455870
51455871
51455872
51455873
51455874
51455875
51455876
51455877
51455878
51455879
51455880
51455881
51455882
51455883
51455884
51455885
51455886
51455887
51455888
51455889
51455890
51455891
51455892
51455893
51455894
51455895
51455896
51455897
51455898
51455899
51455900
51455901
51455902
51455903
51455904
51455905
51455906
51455907
51455908
51455909
51455910
51455911
51455912
51455913
51453111
51453112
51453113
51453114
51453115
51453116
51453117
51453118
51453119
51453120
51453121
51453122
51453123
51453124
51453125
51453126
51453127
51453128
51453129
51453130
51453131
51453132
51453133
51453134
51453135
51453136
51453137
51453138
51453139
51453140
51453141
51453142
51453143
51453144
51453145
51453146
51453147
51453148
51453149
51453150
51453151
51453152
51453153
51453154
51453155
51453156
51453157
51453158
51453159
51453160
51453161
51453162
51453163
51453164
51453165
51453166
51453167
51453168
51453169
51453170
51453171
51453172
51453173
51453174
51453175
51453176
51453177
51453178
51453179
51453180
51453181
51453182
51453183
51453184
51453185
51453186
51453187
51453188
51453189
51453190
51453191
51453192
51453193
51453194
51453195
51453196
51453197
51453198
51453199
51453200
51453201
51453202
51453203
51453204
51453205
51453206
51453207
51453208
51453209
51453210
51453211
51453212
51453213
51453214
51453215
51453216
51453217
51453218
51453219
51453220
51453221
51453222
51453223
51453224
51453225
51453226
51453227
51453228
51453229
51453230
51453231
51453232
51453233
51453234
51453235
51453236
51453237
51453238
51453239
51453240
51453241
51453242
51453243
51453244
51453245
51453246
51453247
51453248
51453249
51453250
51453251
51453252
51453253
51453254
51453255
51453256
51453257
51453258
51453259
51453260
51453261
51453262
51453263
51453264
51453265
51453266
51453267
51453268
51453269
51453270
51453271
51453272
51453273
51453274
51453275
51453276
51453277
51453278
51453279
51453280
51453281
51453282
51453283
51453284
51453285
51453286
51453287
51453288
51453289
51453290
51453291
51453292
51453293
51453294
51453295
51453296
51453297
51453298
51453299
51453300
51453301
51453302
51453303
51453304
51453305
51453306
51453307
51453308
51453309
51453310
51453311
51453312
51453313
51453314
51453315
51453316
51453317
51453318
51453319
51453320
51453321
51453322
51453323
51453324
51453325
51453326
51453327
51453328
51453329
51453330
51453331
51453332
51453333
51453334
51453335
51453336
51453337
51453338
51453339
51453340
51453341
51453342
51453343
51453344
51453345
51453346
51453347
51453348
51453349
51453350
51453351
51453352
51453353
51453354
51453355
51453356
51453357
51453358
51453359
51453360
51453361
51453362
51453363
51453364
51453365
51453366
51453367
51453368
51453369
51453370
51453371
51453372
51452115
51452116
51452117
51452118
51452119
51452120
51452121
51452122
51452123
51452124
51452125
51452126
51452127
51452128
51452129
51452130
51452131
51452132
51452133
51452134
51452135
51452136
51452137
51452138
51452139
51452140
51452141
51452142
51452143
51452144
51452145
51452146
51452147
51452148
51452149
51452150
51452151
51452152
51452153
51452154
51452155
51452156
51452157
51452158
51452159
51452160
51452161
51452162
51452163
51452164
51452165
51452166
51452167
51452168
51452169
51452170
51452171
51452172
51452173
51452174
51452175
51452176
51452177
51452178
51452179
51452180
51452181
51452182
51452183
51452184
51452185
51452186
51452187
51452188
51452189
51452190
51452191
51452192
51452193
51452194
51452195
51452196
51452197
51452198
51452199
51452200
51452201
51452202
51452203
51452204
51452205
51452206
51452207
51452208
51452209
51452210
51452211
51452212
51452213
51452214
51452215
51452216
51452217
51452218
51452219
51452220
51452221
51452222
51452223
51452224
51452225
51452226
51452227
51452228
51452229
51452230
51452231
51452232
51452233
51452234
51452235
51452236
51452237
51452238
51452239
51452240
51452241
51452242
51452243
51452244
51452245
51452246
51452247
51452248
51452249
51452250
51452251
51452252
51452253
51452254
51452255
51452256
51452257
51452258
51452259
51452260
51452261
51452262
51452263
51452264
51452265
51452266
51452267
51452268
51452269
51452270
51452271
51452272
51452273
51452274
51452275
51452276
51452277
51452278
51452279
51452280
51452281
51452282
51452283
51452284
51452285
51452286
51452287
51452288
51452289
51452290
51452291
51452292
51452293
51452294
51452295
51452296
51452297
51452298
51452299
51452300
51452301
51452302
51452303
51452304
51452305
51452306
51452307
51452308
51452309
51452310
51452311
51452312
51452313
51452314
51452315
51452316
51452317
51452318
51452319
51452320
51452321
51452322
51452323
51452324
51452325
51452326
51452327
51452328
51452329
51452330
51452331
51452332
51452333
51452334
51452335
51452336
51452337
51452338
51452339
51452340
51452341
51452342
51452343
51452344
51452345
51452346
51452347
51452348
51452349
51452350
51452351
51452352
51452353
51452354
51452355
51452356
51452357
51452358
51452359
51452360
51452361
51452362
51452363
51452364
51452365
51452366
51452367
51452368
51452369
51452370
51452371
51451896
51451897
51451898
51451899
51451900
51451901
51451902
51451903
51451904
51451905
51451906
51451907
51451908
51451909
51451910
51451911
51451912
51451913
51451914
51451915
51451916
51451917
51451918
51451919
51451920
51451921
51451922
51451923
51451924
51451925
51451926
51451927
51451928
51451929
51451930
51451931
51451932
51451933
51451934
51451935
51451936
51451937
51451938
51451939
51451940
51451941
51451942
51451943
51451944
51451945
51451946
51451947
51451948
51451949
51451950
51451951
51451952
51451953
51451954
51451955
51451956
51451957
51451958
51451959
51451960
51451961
51451962
51451963
51451964
51451965
51451966
51451967
51451968
51451969
51451970
51451971
51451972
51451973
51451974
51451975
51451976
51451977
51451978
51451979
51451980
51451981
51451982
51451983
51451984
51451985
51451986
51451987
51451988
51451989
51451990
51451991
51451992
51451993
51451994
51451995
51451996
51451997
51451998
51451999
51452000
51452001
51452002
51452003
51452004
51452005
51452006
51452007
51452008
51452009
51452010
51452011
51452012
51452013
51452014
51452015
51452016
51452017
51452018
51452019
51452020
51452021
51452022
51452023
51452024
51452025
51452026
51452027
51452028
51452029
51446890
51446891
51446892
51446893
51446894
51446895
51446896
51446897
51446898
51446899
51446900
51446901
51446902
51446903
51446904
51446905
51446906
51446907
51446908
51446909
51446910
51446911
51446912
51446913
51446914
51446915
51446916
51446917
51446918
51446919
51446920
51446921
51446922
51446923
51446924
51446925
51446926
51446927
51446928
51446929
51446930
51446931
51446932
51446933
51446934
51446935
51446936
51446937
51446938
51446939
51446940
51446941
51446942
51446943
51446944
51446945
51446946
51446947
51446948
51446949
51446950
51446951
51446952
51446953
51446954
51446955
51446956
51446957
51446958
51446959
51446960
51446961
51446962
51446963
51446964
51446965
51446966
51446967
51446968
51446969
51446970
51446971
51446972
51446973
51446974
51446975
51446976
51446977
51446978
51446979
51446980
51446981
51446982
51446983
51446984
51446985
51446986
51446987
51446988
51446989
51446990
51446991
51446992
51446993
51446994
51446995
51446996
51446997
51446998
51446999
51447000
51447001
51447002
51447003
51447004
51447005
51447006
51447007
51447008
51447009
51447010
51447011
51447012
51447013
51447014
51447015
51447016
51447017
51447018
51447019
51447020
51447021
51447022
51447023
51447024
51447025
51447026
51447027
51447028
51447029
51447030
51447031
51447032
51447033
51447034
51447035
51447036
51447037
51447038
51447039
51447040
51447041
51447042
51471321
51471322
51471323
51471324
51471325
51471326
51471327
51471328
51471329
51471330
51471331
51471332
51471333
51471334
51471335
51471336
51471337
51471338
51471339
51471340
51471341
51471342
51471343
51471344
51471345
51471346
51471347
51471348
51471349
51471350
51471351
51471352
51471353
51471354
51471355
51471356
51471357
51471358
51471359
51471360
51470425
51470426
51470427
51470428
51470429
51470430
51470431
51470432
51470433
51470434
51470435
51470436
51470437
51470438
51470439
51470440
51470441
51470442
51470443
51470444
51470445
51470446
51470447
51470448
51470449
51470450
51470451
51470452
51470453
51470454
51470455
51470456
51470457
51470458
51470459
51470460
51470461
51470462
51470463
51470464
51470465
51470466
51470467
51470468
51470469
51470470
51470471
51470472
51470473
51470474
51470475
51470476
51470477
51470478
51470479
51470480
51470481
51470482
51470483
51470484
51470485
51470486
51470487
51470488
51470489
51470490
51470491
51470492
51470493
51470494
51470495
51470496
51470497
51470498
51470499
51470500
51470501
51470502
51470503
51470504
51470505
51470506
51470507
51470508
51470509
51470510
51470511
51470512
51470513
51470514
51470515
51470516
51470517
51470518
51470519
51470520
51470521
51470522
51470523
51470524
51470525
51470526
51470527
51470528
51470529
51470530
51470531
51470532
51470533
51470534
51470535
51470536
51470537
51470538
51470539
51470540
51470541
51470542
51470543
51470544
51470545
51470546
51470547
51470548
51470549
51470550
51470551
51470552
51470553
51470554
51470555
51470556
51470557
51470558
51470559
51470560
51470561
51470562
51470563
51470564
51470565
51470566
51470567
51470568
51470569
51470570
51470571
51470572
51470573
51470574
51470575
51470576
51470577
51470578
51470579
51470580
51470581
51466558
51466559
51466560
51466561
51466562
51466563
51466564
51466565
51466566
51466567
51466568
51466569
51466570
51466571
51466572
51466573
51466574
51466575
51466576
51466577
51466578
51466579
51466580
51466581
51466582
51466583
51466584
51466585
51466586
51466587
51466588
51466589
51466590
51466591
51466592
51466593
51466594
51466595
51466596
51466597
51466598
51466599
51466600
51466601
51466602
51466603
51466604
51466605
51466606
51466607
51466608
51466609
51466610
51466611
51466612
51466613
51466614
51466615
51466616
51466617
51466618
51466619
51466620
51466621
51466622
51466623
51466624
51466625
51466626
51466627
51466628
51466629
51466630
51466631
51466632
51466633
51466634
51466635
51466636
51466637
51466638
51466639
51466640
51466641
51466642
51466643
51466644
51466645
51466646
51466647
51466648
51466649
51466650
51466651
51466652
51466653
51466654
51466655
51466656
51466657
51466658
51466659
51466660
51466661
51466662
51466663
51466664
51466665
51466666
51466667
51466668
51466669
51466670
51466671
51466672
51466673
51466674
51466675
51466676
51466677
51466678
51466679
51466680
51466681
51466682
51466683
51466684
51466685
51466686
51466687
51466688
51466689
51466690
51466691
51466692
51466693
51466694
51466695
51466696
51466697
51466698
51466699
51466700
51466701
51466702
51466703
51466704
51466705
51466706
51466707
51466708
51466709
51466710
51466711
51466712
51466713
51466714
51466715
51466716
51466717
51466718
51466719
51466720
51466721
51466722
51466723
51466724
51466725
51466726
51466727
51466728
51466729
51466730
51466731
51466732
51466733
51466734
51466735
51466736
51466737
51466738
51466739
51466740
51466741
51466742
51466743
51466744
51466745
51466746
51466747
51466748
51466749
51466750
51466751
51466752
51466753
51466754
51466755
51466756
51466757
51466758
51466759
51466760
51466761
51466762
51466763
51466764
51466765
51466766
51466767
51466768
51466769
51466770
51466771
51466772
51466773
51466774
51466775
51466776
51466777
51466778
51466779
51466780
51466781
51466782
51466783
51466784
51466785
51466786
51466787
51466788
51466789
51466790
51466791
51466792
51466793
51466794
51466795
51466796
51466797
51466798
51466799
51466800
51466801
51466802
51466803
51466804
51466805
51465000
51465001
51465002
51465003
51465004
51465005
51465006
51465007
51465008
51465009
51465010
51465011
51465012
51465013
51465014
51465015
51465016
51465017
51465018
51465019
51465020
51465021
51465022
51465023
51465024
51465025
51465026
51465027
51465028
51465029
51465030
51465031
51465032
51465033
51465034
51465035
51465036
51465037
51465038
51465039
51465040
51465041
51465042
51465043
51465044
51465045
51465046
51465047
51465048
51465049
51465050
51465051
51465052
51465053
51465054
51465055
51465056
51465057
51465058
51465059
51465060
51465061
51465062
51465063
51465064
51465065
51465066
51465067
51465068
51465069
51465070
51465071
51465072
51465073
51465074
51465075
51465076
51465077
51465078
51465079
51465080
51465081
51465082
51465083
51465084
51465085
51465086
51465087
51465088
51465089
51465090
51465091
51465092
51465093
51465094
51465095
51465096
51465097
51465098
51465099
51465100
51465101
51465102
51465103
51465104
51465105
51465106
51465107
51465108
51465109
51465110
51465111
51465112
51465113
51465114
51465115
51465116
51465117
51465118
51465119
51465120
51465121
51465122
51465123
51465124
51465125
51465126
51465127
51465128
51465129
51465130
51465131
51465132
51465133
51465134
51465135
51465136
51462423
51462424
51462425
51462426
51462427
51462428
51462429
51462430
51462431
51462432
51462433
51462434
51462435
51462436
51462437
51462438
51462439
51462440
51462441
51462442
51462443
51462444
51462445
51462446
51462447
51462448
51462449
51462450
51462451
51462452
51462453
51462454
51462455
51462456
51462457
51462458
51462459
51462460
51462461
51462462
51462463
51462464
51462465
51462466
51462467
51462468
51462469
51462470
51462471
51462472
51462473
51462474
51462475
51462476
51462477
51462478
51462479
51462480
51462481
51462482
51462483
51462484
51462485
51462486
51462487
51462488
51462489
51462490
51462491
51462492
51462493
51462494
51462495
51462496
51462497
51462498
51462499
51462500
51462501
51462502
51462503
51462504
51462505
51462506
51462507
51462508
51462509
51462510
51462511
51462512
51462513
51462514
51462515
51462516
51462517
51462518
51462519
51462520
51462521
51462522
51462523
51462524
51462525
51462526
51462527
51462528
51462529
51462530
51462531
51462532
51462533
51462534
51462535
51462536
51462537
51462538
51462539
51462540
51462541
51462542
51462543
51462544
51462545
51462546
51462547
51462548
51462549
51462550
51462551
51462552
51462553
51462554
51462555
51462556
51462557
51462558
51462559
51462560
51462561
51462562
51462563
51462564
51462565
51462566
51462567
51462568
51462569
51462570
51462571
51462572
51485583
51485584
51485585
51485586
51485587
51485588
51485589
51485590
51485591
51485592
51485593
51485594
51485595
51485596
51485597
51485598
51485599
51485600
51485601
51485602
51485603
51485604
51485605
51485606
51485607
51485608
51485609
51485610
51485611
51485612
51485613
51485614
51485615
51485616
51485617
51485618
51485619
51485620
51485621
51485622
51485623
51485624
51485625
51485626
51485627
51485628
51485629
51485630
51485631
51485632
51485633
51485634
51485635
51485636
51485637
51485638
51485639
51485640
51485641
51485642
51485643
51485644
51485645
51485646
51485647
51485648
51485649
51485650
51485651
51485652
51485653
51485654
51485655
51485023
51485024
51485025
51485026
51485027
51485028
51485029
51485030
51485031
51485032
51485033
51485034
51485035
51485036
51485037
51485038
51485039
51485040
51485041
51485042
51485043
51485044
51485045
51485046
51485047
51485048
51485049
51485050
51485051
51485052
51485053
51485054
51485055
51485056
51485057
51485058
51485059
51485060
51485061
51485062
51485063
51485064
51485065
51485066
51485067
51485068
51485069
51485070
51485071
51485072
51485073
51485074
51485075
51485076
51485077
51485078
51485079
51485080
51485081
51485082
51485083
51485084
51485085
51485086
51485087
51485088
51485089
51485090
51485091
51485092
51485093
51485094
51485095
51485096
51485097
51485098
51485099
51485100
51485101
51485102
51485103
51485104
51485105
51485106
51485107
51485108
51485109
51485110
51485111
51485112
51485113
51485114
51485115
51485116
51485117
51485118
51485119
51485120
51485121
51485122
51485123
51485124
51485125
51485126
51485127
51485128
51485129
51485130
51485131
51485132
51485133
51485134
51485135
51485136
51485137
51485138
51485139
51485140
51485141
51485142
51485143
51485144
51485145
51485146
51485147
51485148
51485149
51485150
51485151
51485152
51485153
51485154
51485155
51485156
51485157
51485158
51485159
51485160
51485161
51485162
51485163
51485164
51485165
51485166
51485167
51485168
51485169
51485170
51483496
51483497
51483498
51483499
51483500
51483501
51483502
51483503
51483504
51483505
51483506
51483507
51483508
51483509
51483510
51483511
51483512
51483513
51483514
51483515
51483516
51483517
51483518
51483519
51483520
51483521
51483522
51483523
51483524
51483525
51483526
51483527
51483528
51483529
51483530
51483531
51483532
51483533
51483534
51483535
51483536
51483537
51483538
51483539
51483540
51483541
51483542
51483543
51483544
51483545
51483546
51483547
51483548
51483549
51483550
51483551
51483552
51483553
51483554
51483555
51483556
51483557
51483558
51483559
51483560
51483561
51483562
51483563
51483564
51483565
51483566
51483567
51483568
51483569
51483570
51483571
51483572
51483573
51483574
51483575
51483576
51483577
51483578
51483579
51483580
51483581
51483582
51483583
51483584
51483585
51483586
51483587
51483588
51483589
51483590
51483591
51483592
51483593
51483594
51483595
51483596
51483597
51483598
51483599
51483600
51483601
51483602
51483603
51483604
51483605
51483606
51483607
51483608
51483609
51483610
51483611
51483612
51483613
51483614
51483615
51483616
51483617
51483618
51483619
51483620
51483621
51483622
51483623
51483624
51483625
51483626
51483627
51483628
51483629
51483630
51483631
51483632
51483633
51483634
51483635
51483636
51483637
51483638
51483639
51483640
51483641
51483642
51483643
51483644
51483645
51483646
51483647
51483648
51483649
51483650
51483651
51483652
51483653
51483654
51483655
51483656
51483657
51483658
51483659
51483660
51483661
51483662
51483663
51483664
51483665
51483666
51483667
51483668
51483669
51483670
51483671
51483672
51483673
51483674
51483675
51483676
51483677
51483678
51483679
51483680
51483681
51483682
51483683
51483684
51483685
51483686
51483687
51483688
51483689
51483690
51483691
51483692
51483693
51483694
51483695
51483696
51483697
51483698
51483699
51483700
51483701
51483702
51483703
51483704
51483705
51483706
51483707
51483708
51483709
51483710
51483711
51483712
51483713
51483714
51483715
51483716
51483717
51483718
51483719
51483720
51483721
51483722
51483723
51483724
51483725
51483726
51483727
51483728
51483729
51483730
51483731
51483732
51483733
51483734
51483735
51483736
51483737
51483738
51483739
51483740
51483741
51483742
51483743
51483044
51483045
51483046
51483047
51483048
51483049
51483050
51483051
51483052
51483053
51483054
51483055
51483056
51483057
51483058
51483059
51483060
51483061
51483062
51483063
51483064
51483065
51483066
51483067
51483068
51483069
51483070
51483071
51483072
51483073
51483074
51483075
51483076
51483077
51483078
51483079
51483080
51483081
51483082
51483083
51483084
51483085
51483086
51483087
51483088
51483089
51483090
51483091
51483092
51483093
51483094
51483095
51483096
51483097
51483098
51483099
51483100
51483101
51483102
51483103
51483104
51483105
51483106
51483107
51483108
51483109
51483110
51483111
51483112
51483113
51483114
51483115
51483116
51483117
51483118
51483119
51483120
51483121
51483122
51483123
51483124
51483125
51483126
51483127
51483128
51483129
51483130
51483131
51483132
51483133
51483134
51483135
51483136
51483137
51483138
51483139
51483140
51483141
51483142
51483143
51483144
51483145
51483146
51483147
51483148
51483149
51483150
51483151
51483152
51483153
51483154
51483155
51483156
51483157
51483158
51483159
51483160
51483161
51483162
51483163
51483164
51483165
51483166
51483167
51483168
51483169
51483170
51483171
51483172
51483173
51483174
51483175
51483176
51483177
51483178
51483179
51483180
51480795
51480796
51480797
51480798
51480799
51480800
51480801
51480802
51480803
51480804
51480805
51480806
51480807
51480808
51480809
51480810
51480811
51480812
51480813
51480814
51480815
51480816
51480817
51480818
51480819
51480820
51480821
51480822
51480823
51480824
51480825
51480826
51480827
51480828
51480829
51480830
51480831
51480832
51480833
51480834
51480835
51480836
51480837
51480838
51480839
51480840
51480841
51480842
51480843
51480844
51480845
51480846
51480847
51480848
51480849
51480850
51480851
51480852
51480853
51480854
51480855
51480856
51480857
51480858
51480859
51480860
51480861
51480862
51480863
51480864
51480865
51480866
51480867
51480868
51480869
51480870
51480871
51480872
51480873
51480874
51480875
51480876
51480877
51480878
51480879
51480880
51480881
51480882
51480883
51480884
51480885
51480886
51480887
51480888
51480889
51480890
51480891
51480892
51480893
51480894
51480895
51480896
51480897
51480898
51480899
51480900
51480901
51480902
51480903
51480904
51480905
51480906
51480907
51480908
51480909
51480910
51480911
51480912
51480913
51480914
51480915
51480916
51480917
51480918
51480919
51480920
51480921
51480922
51480923
51480924
51480925
51480926
51480927
51480928
51480929
51480930
51480931
51480932
51480933
51480934
51480935
51480936
51480937
51480938
51480939
51480940
51480941
51480942
51480943
51480944
51480945
51480946
51480947
51504354
51504355
51504356
51504357
51504358
51504359
51504360
51504361
51504362
51504363
51504364
51504365
51504366
51504367
51504368
51504369
51504370
51504371
51504372
51504373
51504374
51504375
51504376
51504377
51504378
51504379
51504380
51504381
51504382
51504383
51504384
51504385
51504386
51504387
51504388
51504389
51504390
51504391
51504392
51504393
51504394
51504395
51504396
51504397
51504398
51504399
51504400
51504401
51504402
51504403
51504404
51504405
51504406
51504407
51504408
51504409
51504410
51504411
51504412
51504413
51504414
51504415
51504416
51504417
51504418
51504419
51504420
51504421
51504422
51504423
51503680
51503681
51503682
51503683
51503684
51503685
51503686
51503687
51503688
51503689
51503690
51503691
51503692
51503693
51503694
51503695
51503696
51503697
51503698
51503699
51503700
51503701
51503702
51503703
51503704
51503705
51503706
51503707
51503708
51503709
51503710
51503711
51503712
51503713
51503714
51503715
51503716
51503717
51503718
51503719
51503720
51503721
51503722
51503723
51503724
51503725
51503726
51503727
51503728
51503729
51503730
51503731
51503732
51503733
51503734
51503735
51503736
51503737
51503738
51503739
51503740
51503741
51503742
51503743
51503744
51503745
51503746
51503747
51503748
51503749
51503750
51503751
51503752
51503753
51503754
51503755
51503756
51503757
51503758
51503759
51503760
51503761
51503762
51503763
51503764
51503765
51503766
51503767
51503768
51503769
51503770
51503771
51503772
51503773
51503774
51503775
51503776
51503777
51503778
51503779
51503780
51503781
51503782
51503783
51503784
51503785
51503786
51503787
51503788
51503789
51503790
51503791
51503792
51503793
51503794
51503795
51503796
51503797
51503798
51503799
51503800
51503801
51503802
51503803
51503804
51503805
51503806
51503807
51503808
51503809
51503810
51503811
51503812
51503813
51503814
51503815
51503816
51503817
51503818
51503819
51503820
51503821
51503822
51503823
51503824
51503825
51503826
51503827
51503828
51503829
51503830
51503831
51503832
51503833
51503834
51503835
51503836
51503837
51503838
51503839
51503840
51503841
51503842
51503843
51503844
51503845
51503846
51503847
51503848
51503849
51503850
51503851
51503852
51503853
51503854
51503855
51503856
51503857
51503858
51503859
51503860
51503861
51503862
51503863
51503864
51503865
51503866
51503867
51503868
51503869
51503870
51503871
51503872
51503873
51503874
51503875
51503876
51503877
51503878
51503879
51503880
51503881
51503882
51503883
51503884
51503885
51503886
51503887
51503888
51503889
51503890
51503891
51503892
51503893
51503894
51503895
51503896
51503897
51503898
51503899
51503900
51503901
51503902
51503903
51503904
51503905
51503906
51503907
51503908
51503909
51503910
51503911
51503912
51503913
51503914
51503915
51503916
51503917
51503918
51503919
51503920
51503921
51503922
51503923
51503924
51503925
51503926
51503927
51503928
51503929
51503930
51503931
51503932
51503933
51503934
51503935
51503936
51503937
51503938
51503939
51503940
51503941
51503942
51503943
51503944
51503945
51503946
51503947
51503948
51503949
51503950
51503951
51503952
51503953
51503954
51503955
51503956
51503957
51503958
51503959
51503960
51503961
51503962
51503963
51503964
51503965
51503966
51503967
51503968
51503969
51503970
51503971
51503972
51503973
51503974
51503252
51503253
51503254
51503255
51503256
51503257
51503258
51503259
51503260
51503261
51503262
51503263
51503264
51503265
51503266
51503267
51503268
51503269
51503270
51503271
51503272
51503273
51503274
51503275
51503276
51503277
51503278
51503279
51503280
51503281
51503282
51503283
51503284
51503285
51503286
51503287
51503288
51503289
51503290
51503291
51503292
51503293
51503294
51503295
51503296
51503297
51503298
51503299
51503300
51503301
51503302
51503303
51503304
51503305
51503306
51503307
51503308
51503309
51503310
51503311
51503312
51503313
51503314
51503315
51503316
51503317
51503318
51503319
51503320
51503321
51503322
51503323
51503324
51503325
51503326
51503327
51503328
51503329
51503330
51503331
51503332
51503333
51503334
51503335
51503336
51503337
51503338
51503339
51503340
51503341
51503342
51503343
51503344
51503345
51503346
51503347
51503348
51503349
51503350
51503351
51503352
51503353
51503354
51503355
51503356
51503357
51503358
51503359
51503360
51503361
51503362
51503363
51503364
51503365
51503366
51503367
51503368
51503369
51503370
51503371
51503372
51503373
51503374
51503375
51503376
51503377
51503378
51503379
51503380
51503381
51503382
51503383
51503384
51503385
51503386
51503387
51503388
51503389
51503390
51503391
51503392
51503393
51503394
51503395
51503396
51503397
51503398
51503399
51503400
51503401
51503402
51503403
51503404
51503405
51503406
51503407
51503408
51503409
51503410
51503411
51503412
51503413
51503414
51503415
51503416
51503417
51503418
51503419
51503420
51503421
51503422
51503423
51503424
51503425
51503426
51503427
51503428
51503429
51503430
51503431
51503432
51503433
51503434
51503435
51503436
51503437
51503438
51503439
51503440
51503441
51503442
51503443
51503444
51503445
51503446
51503447
51503448
51503449
51503450
51503451
51503452
51503453
51503454
51503455
51503456
51503457
51503458
51503459
51503460
51503461
51503462
51503463
51503464
51503465
51503466
51503467
51503468
51503469
51503470
51503471
51503472
51503473
51503474
51503475
51503476
51503477
51503478
51503479
51503480
51503481
51503482
51503483
51503484
51503485
51503486
51503487
51503488
51503489
51503490
51503491
51503492
51503493
51503494
51503495
51503496
51503497
51503498
51503499
51503500
51503501
51503502
51503503
51503504
51503505
51503506
51503507
51503508
51503509
51503510
51503511
51503512
51503513
51503514
51501007
51501008
51501009
51501010
51501011
51501012
51501013
51501014
51501015
51501016
51501017
51501018
51501019
51501020
51501021
51501022
51501023
51501024
51501025
51501026
51501027
51501028
51501029
51501030
51501031
51501032
51501033
51501034
51501035
51501036
51501037
51501038
51501039
51501040
51501041
51501042
51501043
51501044
51501045
51501046
51501047
51501048
51501049
51501050
51501051
51501052
51501053
51501054
51501055
51501056
51501057
51501058
51501059
51501060
51501061
51501062
51501063
51501064
51501065
51501066
51501067
51501068
51501069
51501070
51501071
51501072
51501073
51501074
51501075
51501076
51501077
51501078
51501079
51501080
51501081
51501082
51501083
51501084
51501085
51501086
51501087
51501088
51501089
51501090
51501091
51501092
51501093
51501094
51501095
51501096
51501097
51501098
51501099
51501100
51501101
51501102
51501103
51501104
51501105
51501106
51501107
51501108
51501109
51501110
51501111
51501112
51501113
51501114
51501115
51501116
51501117
51501118
51501119
51501120
51501121
51501122
51501123
51501124
51501125
51501126
51501127
51501128
51501129
51501130
51501131
51501132
51501133
51501134
51501135
51501136
51501137
51501138
51501139
51501140
51499318
51499319
51499320
51499321
51499322
51499323
51499324
51499325
51499326
51499327
51499328
51499329
51499330
51499331
51499332
51499333
51499334
51499335
51499336
51499337
51499338
51499339
51499340
51499341
51499342
51499343
51499344
51499345
51499346
51499347
51499348
51499349
51499350
51499351
51499352
51499353
51499354
51499355
51499356
51499357
51499358
51499359
51499360
51499361
51499362
51499363
51499364
51499365
51499366
51499367
51499368
51499369
51499370
51499371
51499372
51499373
51499374
51499375
51499376
51499377
51499378
51499379
51499380
51499381
51499382
51499383
51499384
51499385
51499386
51499387
51499388
51499389
51499390
51499391
51499392
51499393
51499394
51499395
51499396
51499397
51499398
51499399
51499400
51499401
51499402
51499403
51499404
51499405
51499406
51499407
51499408
51499409
51499410
51499411
51499412
51499413
51499414
51499415
51499416
51499417
51499418
51499419
51499420
51499421
51499422
51499423
51499424
51499425
51499426
51499427
51499428
51499429
51499430
51499431
51499432
51499433
51499434
51499435
51499436
51499437
51499438
51499439
51499440
51499441
51499442
51499443
51499444
51499445
51499446
51499447
51499448
51499449
51499450
51499451
51499452
51499453
51499454
51499455
51499456
51499457
51499458
51499459
51499460
51499461
51499462
51499463
51499464
51499465
51499466
51499467
51499468
51499469
51499470
51512761
51512762
51512763
51512764
51512765
51512766
51512767
51512768
51512769
51512770
51512771
51512772
51512773
51512774
51512775
51512776
51512777
51512778
51512779
51512780
51512781
51512782
51512783
51512784
51512785
51512786
51512787
51512788
51512789
51512790
51512791
51512792
51512793
51512794
51512795
51512796
51512797
51512798
51512799
51512800
51512801
51512802
51512803
51512439
51512440
51512441
51512442
51512443
51512444
51512445
51512446
51512447
51512448
51512449
51512450
51512451
51512452
51512453
51512454
51512455
51512456
51512457
51512458
51512459
51512460
51512461
51512462
51512463
51512464
51512465
51512466
51512467
51512468
51512469
51512470
51512471
51512472
51512473
51512474
51512475
51512476
51512477
51512478
51512479
51512480
51512481
51512482
51512483
51512484
51512485
51512486
51512487
51512488
51512489
51512490
51512491
51512492
51512493
51512494
51512495
51512496
51512497
51512498
51512499
51512500
51512501
51512502
51512503
51512504
51512505
51512506
51512507
51512508
51512509
51512510
51512511
51512512
51512513
51512514
51512515
51512516
51512517
51512518
51512519
51512520
51512521
51512522
51512523
51512524
51512525
51512526
51512527
51512528
51512529
51512530
51512531
51512532
51512533
51512534
51512535
51512536
51512537
51512538
51512539
51512540
51512541
51512542
51512543
51512544
51512545
51512546
51512547
51512548
51512549
51512550
51512551
51512552
51512553
51512554
51512555
51512556
51512557
51512558
51512559
51512560
51512561
51512562
51512563
51512564
51512565
51512566
51512567
51512568
51512569
51512570
51512571
51512572
51512573
51512574
51512575
51512576
51512577
51512578
51512579
51512580
51512581
51512582
51512583
51512584
51512585
51512586
51512587
51512588
51512589
51512590
51512591
51512592
51512593
51512594
51512595
51509714
51509715
51509716
51509717
51509718
51509719
51509720
51509721
51509722
51509723
51509724
51509725
51509726
51509727
51509728
51509729
51509730
51509731
51509732
51509733
51509734
51509735
51509736
51509737
51509738
51509739
51509740
51509741
51509742
51509743
51509744
51509745
51509746
51509747
51509748
51509749
51509750
51509751
51509752
51509753
51509754
51509755
51509756
51509757
51509758
51509759
51509760
51509761
51509762
51509763
51509764
51509765
51509766
51509767
51509768
51509769
51509770
51509771
51509772
51509773
51509774
51509775
51509776
51509777
51509778
51509779
51509780
51509781
51509782
51509783
51509784
51509785
51509786
51509787
51509788
51509789
51509790
51509791
51509792
51509793
51509794
51509795
51509796
51509797
51509798
51509799
51509800
51509801
51509802
51509803
51509804
51509805
51509806
51509807
51509808
51509809
51509810
51509811
51509812
51509813
51509814
51509815
51509816
51509817
51509818
51509819
51509820
51509821
51509822
51509823
51509824
51509825
51509826
51509827
51509828
51509829
51509830
51509831
51509832
51509833
51509834
51509835
51509836
51509837
51509838
51509839
51509840
51509841
51509842
51509843
51509844
51509845
51509846
51509847
51509848
51509849
51509850
51509851
51509852
51509853
51509854
51509855
51509856
51509857
51509858
51509859
51509860
51509861
51509862
51509863
51509864
51509865
51509866
51509867
51509868
51509869
51509870
51509871
51509872
51509873
51509874
51509875
51509876
51509877
51509878
51509879
51509880
51509881
51509882
51509883
51509884
51509885
51509886
51509887
51509888
51509889
51509890
51509891
51509892
51509893
51509894
51509895
51509896
51509897
51509898
51509899
51509900
51509901
51509902
51509903
51509904
51509905
51509906
51509907
51509908
51509909
51509910
51509911
51509912
51509913
51509914
51509915
51509916
51509917
51509918
51509919
51509920
51509921
51509922
51509923
51509924
51509925
51509926
51509927
51509928
51509929
51509930
51509931
51509932
51509933
51509934
51509935
51509936
51509937
51509938
51509939
51509940
51509941
51509942
51509943
51509944
51509945
51509946
51509947
51509948
51509949
51509950
51509951
51509952
51509953
51509954
51509955
51509956
51509957
51509958
51509959
51509960
51509961
51509962
51509963
51509964
51509965
51509966
51509967
51509968
51509969
51509970
51509971
51509972
51509973
51509974
51509975
51509976
51509977
51509978
51509979
51506960
51506961
51506962
51506963
51506964
51506965
51506966
51506967
51506968
51506969
51506970
51506971
51506972
51506973
51506974
51506975
51506976
51506977
51506978
51506979
51506980
51506981
51506982
51506983
51506984
51506985
51506986
51506987
51506988
51506989
51506990
51506991
51506992
51506993
51506994
51506995
51506996
51506997
51506998
51506999
51507000
51507001
51507002
51507003
51507004
51507005
51507006
51507007
51507008
51507009
51507010
51507011
51507012
51507013
51507014
51507015
51507016
51507017
51507018
51507019
51507020
51507021
51507022
51507023
51507024
51507025
51507026
51507027
51507028
51507029
51507030
51507031
51507032
51507033
51507034
51507035
51507036
51507037
51507038
51507039
51507040
51507041
51507042
51507043
51507044
51507045
51507046
51507047
51507048
51507049
51507050
51507051
51507052
51507053
51507054
51507055
51507056
51507057
51507058
51507059
51507060
51507061
51507062
51507063
51507064
51507065
51507066
51507067
51507068
51507069
51507070
51507071
51507072
51507073
51507074
51507075
51507076
51507077
51507078
51507079
51507080
51507081
51507082
51507083
51507084
51507085
51507086
51507087
51507088
51507089
51507090
51507091
51507092
51507093
51507094
51507095
51507096
51506370
51506371
51506372
51506373
51506374
51506375
51506376
51506377
51506378
51506379
51506380
51506381
51506382
51506383
51506384
51506385
51506386
51506387
51506388
51506389
51506390
51506391
51506392
51506393
51506394
51506395
51506396
51506397
51506398
51506399
51506400
51506401
51506402
51506403
51506404
51506405
51506406
51506407
51506408
51506409
51506410
51506411
51506412
51506413
51506414
51506415
51506416
51506417
51506418
51506419
51506420
51506421
51506422
51506423
51506424
51506425
51506426
51506427
51506428
51506429
51506430
51506431
51506432
51506433
51506434
51506435
51506436
51506437
51506438
51506439
51506440
51506441
51506442
51506443
51506444
51506445
51506446
51506447
51506448
51506449
51506450
51506451
51506452
51506453
51506454
51506455
51506456
51506457
51506458
51506459
51506460
51506461
51506462
51506463
51506464
51506465
51506466
51506467
51506468
51506469
51506470
51506471
51506472
51506473
51506474
51506475
51506476
51506477
51506478
51506479
51506480
51506481
51506482
51506483
51506484
51506485
51506486
51506487
51506488
51506489
51506490
51506491
51506492
51506493
51506494
51506495
51506496
51506497
51506498
51506499
51506500
51506501
51506502
51506503
51506504
51506505
51506506
51506507
51506508
51506509
51506510
51506511
51506512
51506513
51506514
51506515
51506516
51522299
51522300
51522301
51522302
51522303
51522304
51522305
51522306
51522307
51522308
51522309
51522310
51522311
51522312
51522313
51522314
51522315
51522316
51522317
51522318
51522319
51522320
51522321
51522322
51522323
51522324
51522325
51522326
51522327
51522328
51522329
51522330
51522331
51522332
51522333
51522334
51522335
51522336
51522337
51522338
51522339
51522340
51522341
51522342
51522343
51522344
51522345
51522346
51522347
51522348
51522349
51522350
51522351
51522352
51522353
51522354
51522355
51522356
51522357
51522358
51522359
51522360
51522361
51522362
51522363
51522364
51522365
51522366
51522367
51522368
51522369
51522370
51522371
51522372
51522373
51522374
51522375
51522376
51522377
51522378
51522379
51522380
51522381
51522382
51522383
51522384
51522385
51522386
51520366
51520367
51520368
51520369
51520370
51520371
51520372
51520373
51520374
51520375
51520376
51520377
51520378
51520379
51520380
51520381
51520382
51520383
51520384
51520385
51520386
51520387
51520388
51520389
51520390
51520391
51520392
51520393
51520394
51520395
51520396
51520397
51520398
51520399
51520400
51520401
51520402
51520403
51520404
51520405
51520406
51520407
51520408
51520409
51520410
51520411
51520412
51520413
51520414
51520415
51520416
51520417
51520418
51520419
51520420
51520421
51520422
51520423
51520424
51520425
51520426
51520427
51520428
51520429
51520430
51520431
51520432
51520433
51520434
51520435
51520436
51520437
51520438
51520439
51520440
51520441
51520442
51520443
51520444
51520445
51520446
51520447
51520448
51520449
51520450
51520451
51520452
51520453
51520454
51520455
51520456
51520457
51520458
51520459
51520460
51520461
51520462
51520463
51520464
51520465
51520466
51520467
51520468
51520469
51520470
51520471
51520472
51520473
51520474
51520475
51520476
51520477
51520478
51520479
51520480
51520481
51520482
51520483
51520484
51520485
51520486
51520487
51520488
51520489
51520490
51520491
51520492
51520493
51520494
51520495
51520496
51520497
51520498
51520499
51520500
51520501
51520502
51520503
51520504
51520505
51520506
51520507
51520508
51520509
51520510
51520511
51520512
51520513
51520514
51520515
51520516
51520517
51520518
51520519
51520520
51520521
51520522
51520523
51520524
51520525
51520526
51520527
51520528
51520529
51520530
51520531
51520532
51520533
51520534
51520535
51520536
51520537
51520538
51520539
51520540
51520541
51520542
51520543
51520544
51520545
51520546
51519138
51519139
51519140
51519141
51519142
51519143
51519144
51519145
51519146
51519147
51519148
51519149
51519150
51519151
51519152
51519153
51519154
51519155
51519156
51519157
51519158
51519159
51519160
51519161
51519162
51519163
51519164
51519165
51519166
51519167
51519168
51519169
51519170
51519171
51519172
51519173
51519174
51519175
51519176
51519177
51519178
51519179
51519180
51519181
51519182
51519183
51519184
51519185
51519186
51519187
51519188
51519189
51519190
51519191
51519192
51519193
51519194
51519195
51519196
51519197
51519198
51519199
51519200
51519201
51519202
51519203
51519204
51519205
51519206
51519207
51519208
51519209
51519210
51519211
51519212
51519213
51519214
51519215
51519216
51519217
51519218
51519219
51519220
51519221
51519222
51519223
51519224
51519225
51519226
51519227
51519228
51519229
51519230
51519231
51519232
51519233
51519234
51519235
51519236
51519237
51519238
51519239
51519240
51519241
51519242
51519243
51519244
51519245
51519246
51519247
51519248
51519249
51519250
51519251
51519252
51519253
51519254
51519255
51519256
51519257
51519258
51519259
51519260
51519261
51519262
51519263
51519264
51519265
51519266
51519267
51519268
51519269
51519270
51519271
51519272
51519273
51519274
51519275
51519276
51519277
51519278
51519279
51519280
51519281
51519282
51519283
51519284
51519285
51519286
51519287
51519288
51519289
51519290
51519291
51519292
51519293
51519294
51519295
51519296
51519297
51519298
51519299
51519300
51519301
51519302
51519303
51519304
51519305
51519306
51519307
51519308
51519309
51519310
51519311
51519312
51519313
51519314
51519315
51519316
51519317
51519318
51519319
51519320
51519321
51519322
51519323
51519324
51519325
51519326
51519327
51519328
51519329
51519330
51519331
51519332
51519333
51519334
51519335
51519336
51519337
51519338
51519339
51519340
51519341
51519342
51519343
51519344
51519345
51519346
51519347
51519348
51519349
51519350
51519351
51519352
51519353
51519354
51519355
51519356
51519357
51519358
51519359
51519360
51519361
51519362
51519363
51519364
51519365
51519366
51519367
51519368
51519369
51519370
51519371
51519372
51519373
51519374
51519375
51519376
51519377
51519378
51519379
51519380
51519381
51519382
51519383
51519384
51519385
51519386
51519387
51519388
51519389
51519390
51519391
51519392
51519393
51519394
51519395
51519396
51519397
51519398
51519399
51519400
51519401
51519402
51519403
51519404
51519405
51519406
51519407
51519408
51519409
51519410
51519411
51519412
51518673
51518674
51518675
51518676
51518677
51518678
51518679
51518680
51518681
51518682
51518683
51518684
51518685
51518686
51518687
51518688
51518689
51518690
51518691
51518692
51518693
51518694
51518695
51518696
51518697
51518698
51518699
51518700
51518701
51518702
51518703
51518704
51518705
51518706
51518707
51518708
51518709
51518710
51518711
51518712
51518713
51518714
51518715
51518716
51518717
51518718
51518719
51518720
51518721
51518722
51518723
51518724
51518725
51518726
51518727
51518728
51518729
51518730
51518731
51518732
51518733
51518734
51518735
51518736
51518737
51518738
51518739
51518740
51518741
51518742
51518743
51518744
51518745
51518746
51518747
51518748
51518749
51518750
51518751
51518752
51518753
51518754
51518755
51518756
51518757
51518758
51518759
51518760
51518761
51518762
51518763
51518764
51518765
51518766
51518767
51518768
51518769
51518770
51518771
51518772
51518773
51518774
51518775
51518776
51518777
51518778
51518779
51518780
51518781
51518782
51518783
51518784
51518785
51518786
51518787
51518788
51518789
51518790
51518791
51518792
51518793
51518794
51518795
51518796
51518797
51518798
51518799
51518800
51518801
51518802
51518803
51518804
51518805
51518806
51518059
51518060
51518061
51518062
51518063
51518064
51518065
51518066
51518067
51518068
51518069
51518070
51518071
51518072
51518073
51518074
51518075
51518076
51518077
51518078
51518079
51518080
51518081
51518082
51518083
51518084
51518085
51518086
51518087
51518088
51518089
51518090
51518091
51518092
51518093
51518094
51518095
51518096
51518097
51518098
51518099
51518100
51518101
51518102
51518103
51518104
51518105
51518106
51518107
51518108
51518109
51518110
51518111
51518112
51518113
51518114
51518115
51518116
51518117
51518118
51518119
51518120
51518121
51518122
51518123
51518124
51518125
51518126
51518127
51518128
51518129
51518130
51518131
51518132
51518133
51518134
51518135
51518136
51518137
51518138
51518139
51518140
51518141
51518142
51518143
51518144
51518145
51518146
51518147
51518148
51518149
51518150
51518151
51518152
51518153
51518154
51518155
51518156
51518157
51518158
51518159
51518160
51518161
51518162
51518163
51518164
51518165
51518166
51518167
51518168
51518169
51518170
51518171
51518172
51518173
51518174
51518175
51518176
51518177
51518178
51518179
51518180
51518181
51518182
51518183
51518184
51518185
51518186
51518187
51518188
51518189
51518190
51518191
51518192
51518193
51518194
51518195
51518196
51518197
51518198
51518199
51518200
51518201
51518202
51518203
51518204
51518205
51518206
51518207
51518208
51530713
51530714
51530715
51530716
51530717
51530718
51530719
51530720
51530721
51530722
51530723
51530724
51530725
51530726
51530727
51530728
51530729
51530730
51530731
51530732
51530733
51530734
51530735
51530736
51530737
51530738
51530739
51530740
51530741
51530742
51530743
51530744
51530745
51530746
51530747
51530748
51530749
51530750
51530751
51530752
51530753
51530754
51530755
51530756
51530757
51530758
51530759
51530760
51530761
51530762
51530763
51530764
51530765
51530766
51530767
51530768
51530769
51530770
51530771
51530772
51530773
51528848
51528849
51528850
51528851
51528852
51528853
51528854
51528855
51528856
51528857
51528858
51528859
51528860
51528861
51528862
51528863
51528864
51528865
51528866
51528867
51528868
51528869
51528870
51528871
51528872
51528873
51528874
51528875
51528876
51528877
51528878
51528879
51528880
51528881
51528882
51528883
51528884
51528885
51528886
51528887
51528888
51528889
51528890
51528891
51528892
51528893
51528894
51528895
51528896
51528897
51528898
51528899
51528900
51528901
51528902
51528903
51528904
51528905
51528906
51528907
51528908
51528909
51528910
51528911
51528912
51528913
51528914
51528915
51528916
51528917
51528918
51528919
51528920
51528921
51528922
51527894
51527895
51527896
51527897
51527898
51527899
51527900
51527901
51527902
51527903
51527904
51527905
51527906
51527907
51527908
51527909
51527910
51527911
51527912
51527913
51527914
51527915
51527916
51527917
51527918
51527919
51527920
51527921
51527922
51527923
51527924
51527925
51527926
51527927
51527928
51527929
51527930
51527931
51527932
51527933
51527934
51527935
51527936
51527937
51527938
51527939
51527940
51527941
51527942
51527943
51527944
51527945
51527946
51527947
51527948
51527949
51527950
51527951
51527952
51527953
51527954
51527955
51527956
51527957
51527958
51527959
51527960
51527961
51527962
51527963
51527964
51527965
51527966
51527967
51527968
51527969
51527970
51527971
51527972
51527973
51527974
51527975
51527976
51527977
51527978
51527979
51527980
51527981
51527982
51527983
51527984
51527985
51527986
51527987
51527988
51527989
51527990
51527991
51527992
51527993
51527994
51527995
51527996
51527997
51527998
51527999
51528000
51528001
51528002
51528003
51528004
51528005
51528006
51528007
51528008
51528009
51528010
51528011
51528012
51528013
51528014
51528015
51528016
51528017
51528018
51528019
51528020
51528021
51528022
51528023
51528024
51528025
51528026
51528027
51528028
51528029
51528030
51528031
51528032
51528033
51528034
51528035
51528036
51528037
51528038
51528039
51528040
51528041
51528042
51528043
51528044
51528045
51528046
51528047
51528048
51528049
51528050
51527301
51527302
51527303
51527304
51527305
51527306
51527307
51527308
51527309
51527310
51527311
51527312
51527313
51527314
51527315
51527316
51527317
51527318
51527319
51527320
51527321
51527322
51527323
51527324
51527325
51527326
51527327
51527328
51527329
51527330
51527331
51527332
51527333
51527334
51527335
51527336
51527337
51527338
51527339
51527340
51527341
51527342
51527343
51527344
51527345
51527346
51527347
51527348
51527349
51527350
51527351
51527352
51527353
51527354
51527355
51527356
51527357
51527358
51527359
51527360
51527361
51527362
51527363
51527364
51527365
51527366
51527367
51527368
51527369
51527370
51527371
51527372
51527373
51527374
51527375
51527376
51527377
51527378
51527379
51527380
51527381
51527382
51527383
51527384
51527385
51527386
51527387
51527388
51527389
51527390
51527391
51527392
51527393
51527394
51527395
51527396
51527397
51527398
51527399
51527400
51527401
51527402
51527403
51527404
51527405
51527406
51527407
51527408
51527409
51527410
51527411
51527412
51527413
51527414
51527415
51527416
51527417
51527418
51527419
51527420
51527421
51527422
51527423
51527424
51527425
51527426
51527427
51527428
51527429
51527430
51527431
51527432
51527433
51527434
51527435
51527436
51527437
51527438
51527439
51527440
51527441
51527442
51527443
51527444
51527445
51527446
51527447
51527448
51527449
51527450
51527451
51527452
51527453
51527454
51527455
51527456
51527457
51527458
51527459
51527460
51527461
51527462
51527463
51527464
51527465
51527466
51527467
51527468
51527469
51527470
51527471
51527472
51527473
51527474
51527475
51527476
51527477
51527478
51527479
51527480
51527481
51527482
51527483
51527484
51527485
51527486
51527487
51527488
51527489
51527490
51527491
51527492
51527493
51527494
51527495
51527496
51527497
51527498
51527499
51527500
51527501
51527502
51527503
51527504
51527505
51527506
51527507
51527508
51527509
51527510
51527511
51527512
51527513
51527514
51527515
51527516
51527517
51527518
51527519
51527520
51527521
51527522
51527523
51527524
51527525
51527526
51527527
51527528
51527529
51527530
51527531
51527532
51527533
51527534
51527535
51527536
51527537
51527538
51527539
51527540
51527541
51527542
51527543
51527544
51527545
51527546
51527547
51527548
51527549
51527550
51527551
51527552
51527553
51527554
51527555
51527556
51527557
51527558
51527559
51527560
51527561
51527562
51527563
51527564
51527565
51527566
51526348
51526349
51526350
51526351
51526352
51526353
51526354
51526355
51526356
51526357
51526358
51526359
51526360
51526361
51526362
51526363
51526364
51526365
51526366
51526367
51526368
51526369
51526370
51526371
51526372
51526373
51526374
51526375
51526376
51526377
51526378
51526379
51526380
51526381
51526382
51526383
51526384
51526385
51526386
51526387
51526388
51526389
51526390
51526391
51526392
51526393
51526394
51526395
51526396
51526397
51526398
51526399
51526400
51526401
51526402
51526403
51526404
51526405
51526406
51526407
51526408
51526409
51526410
51526411
51526412
51526413
51526414
51526415
51526416
51526417
51526418
51526419
51526420
51526421
51526422
51526423
51526424
51526425
51526426
51526427
51526428
51526429
51526430
51526431
51526432
51526433
51526434
51526435
51526436
51526437
51526438
51526439
51526440
51526441
51526442
51526443
51526444
51526445
51526446
51526447
51526448
51526449
51526450
51526451
51526452
51526453
51526454
51526455
51526456
51526457
51526458
51526459
51526460
51526461
51526462
51526463
51526464
51526465
51526466
51526467
51526468
51526469
51526470
51526471
51526472
51526473
51526474
51526475
51526476
51526477
51526478
51526479
51526480
51526481
51526482
51526483
51526484
51525804
51525805
51525806
51525807
51525808
51525809
51525810
51525811
51525812
51525813
51525814
51525815
51525816
51525817
51525818
51525819
51525820
51525821
51525822
51525823
51525824
51525825
51525826
51525827
51525828
51525829
51525830
51525831
51525832
51525833
51525834
51525835
51525836
51525837
51525838
51525839
51525840
51525841
51525842
51525843
51525844
51525845
51525846
51525847
51525848
51525849
51525850
51525851
51525852
51525853
51525854
51525855
51525856
51525857
51525858
51525859
51525860
51525861
51525862
51525863
51525864
51525865
51525866
51525867
51525868
51525869
51525870
51525871
51525872
51525873
51525874
51525875
51525876
51525877
51525878
51525879
51525880
51525881
51525882
51525883
51525884
51525885
51525886
51525887
51525888
51525889
51525890
51525891
51525892
51525893
51525894
51525895
51525896
51525897
51525898
51525899
51525900
51525901
51525902
51525903
51525904
51525905
51525906
51525907
51525908
51525909
51525910
51525911
51525912
51525913
51525914
51525915
51525916
51525917
51525918
51525919
51525920
51525921
51525922
51525923
51525924
51525925
51525926
51525927
51525928
51525929
51525930
51525931
51525932
51525933
51525934
51525935
51525936
51525937
51525938
51525939
51525940
51525941
51525942
51525943
51525944
51525945
51525946
51525947
51525948
51525949
51525950
51525951
51525952
51525953
51537841
51537842
51537843
51537844
51537845
51537846
51537847
51537848
51537849
51537850
51537851
51537852
51537853
51537854
51537855
51537856
51537857
51537858
51537859
51537860
51537861
51537862
51537863
51537864
51537865
51537866
51537867
51537868
51537869
51537870
51537871
51537872
51537873
51537874
51537875
51537876
51537877
51537236
51537237
51537238
51537239
51537240
51537241
51537242
51537243
51537244
51537245
51537246
51537247
51537248
51537249
51537250
51537251
51537252
51537253
51537254
51537255
51537256
51537257
51537258
51537259
51537260
51537261
51537262
51537263
51537264
51537265
51537266
51537267
51537268
51537269
51537270
51537271
51537272
51537273
51537274
51537275
51537276
51537277
51537278
51537279
51537280
51537281
51537282
51537283
51537284
51537285
51537286
51537287
51537288
51537289
51537290
51537291
51537292
51537293
51537294
51537295
51537296
51537297
51537298
51537299
51537300
51537301
51537302
51537303
51537304
51537305
51537306
51537307
51537308
51537309
51537310
51537311
51537312
51537313
51537314
51537315
51537316
51537317
51537318
51537319
51537320
51537321
51537322
51537323
51537324
51537325
51537326
51537327
51537328
51537329
51537330
51537331
51537332
51537333
51537334
51537335
51537336
51537337
51537338
51537339
51537340
51537341
51537342
51537343
51537344
51537345
51537346
51537347
51537348
51537349
51537350
51537351
51537352
51537353
51537354
51537355
51537356
51537357
51537358
51537359
51537360
51537361
51537362
51537363
51537364
51537365
51537366
51537367
51537368
51537369
51537370
51537371
51537372
51537373
51537374
51537375
51537376
51537377
51537378
51537379
51537380
51537381
51537382
51537383
51537384
51537385
51537386
51537387
51537388
51537389
51537390
51537391
51537392
51537393
51537394
51537395
51535132
51535133
51535134
51535135
51535136
51535137
51535138
51535139
51535140
51535141
51535142
51535143
51535144
51535145
51535146
51535147
51535148
51535149
51535150
51535151
51535152
51535153
51535154
51535155
51535156
51535157
51535158
51535159
51535160
51535161
51535162
51535163
51535164
51535165
51535166
51535167
51535168
51535169
51535170
51535171
51535172
51535173
51535174
51535175
51535176
51535177
51535178
51535179
51535180
51535181
51535182
51535183
51535184
51535185
51535186
51535187
51535188
51535189
51535190
51535191
51535192
51535193
51535194
51535195
51535196
51535197
51535198
51535199
51535200
51535201
51535202
51535203
51535204
51535205
51535206
51535207
51535208
51535209
51535210
51535211
51535212
51535213
51535214
51535215
51535216
51535217
51535218
51535219
51535220
51535221
51535222
51535223
51535224
51535225
51535226
51535227
51535228
51535229
51535230
51535231
51535232
51535233
51535234
51535235
51535236
51535237
51535238
51535239
51535240
51535241
51535242
51535243
51535244
51535245
51535246
51535247
51535248
51535249
51535250
51535251
51535252
51535253
51535254
51535255
51535256
51535257
51535258
51535259
51535260
51535261
51535262
51535263
51535264
51535265
51535266
51535267
51535268
51535269
51535270
51535271
51535272
51535273
51535274
51535275
51535276
51535277
51535278
51535279
51535280
51535281
51535282
51535283
51535284
51535285
51535286
51535287
51535288
51535289
51535290
51535291
51535292
51535293
51535294
51535295
51535296
51535297
51535298
51535299
51535300
51535301
51535302
51535303
51535304
51535305
51535306
51535307
51535308
51535309
51535310
51535311
51535312
51535313
51535314
51535315
51535316
51535317
51535318
51535319
51535320
51535321
51535322
51535323
51535324
51535325
51535326
51535327
51535328
51535329
51535330
51535331
51535332
51535333
51535334
51535335
51535336
51535337
51535338
51535339
51535340
51535341
51535342
51535343
51535344
51535345
51535346
51535347
51535348
51535349
51535350
51535351
51535352
51535353
51535354
51535355
51535356
51535357
51535358
51535359
51535360
51535361
51535362
51535363
51535364
51535365
51535366
51535367
51535368
51535369
51535370
51535371
51535372
51535373
51535374
51535375
51535376
51535377
51535378
51535379
51535380
51535381
51535382
51535383
51535384
51535385
51535386
51535387
51535388
51535389
51535390
51535391
51534044
51534045
51534046
51534047
51534048
51534049
51534050
51534051
51534052
51534053
51534054
51534055
51534056
51534057
51534058
51534059
51534060
51534061
51534062
51534063
51534064
51534065
51534066
51534067
51534068
51534069
51534070
51534071
51534072
51534073
51534074
51534075
51534076
51534077
51534078
51534079
51534080
51534081
51534082
51534083
51534084
51534085
51534086
51534087
51534088
51534089
51534090
51534091
51534092
51534093
51534094
51534095
51534096
51534097
51534098
51534099
51534100
51534101
51534102
51534103
51534104
51534105
51534106
51534107
51534108
51534109
51534110
51534111
51534112
51534113
51534114
51534115
51534116
51534117
51534118
51534119
51534120
51534121
51534122
51534123
51534124
51534125
51534126
51534127
51534128
51534129
51534130
51534131
51534132
51534133
51534134
51534135
51534136
51534137
51534138
51534139
51534140
51534141
51534142
51534143
51534144
51534145
51534146
51534147
51534148
51534149
51534150
51534151
51534152
51534153
51534154
51534155
51534156
51534157
51534158
51534159
51534160
51534161
51534162
51534163
51534164
51534165
51534166
51534167
51534168
51534169
51534170
51534171
51534172
51534173
51534174
51534175
51534176
51534177
51532598
51532599
51532600
51532601
51532602
51532603
51532604
51532605
51532606
51532607
51532608
51532609
51532610
51532611
51532612
51532613
51532614
51532615
51532616
51532617
51532618
51532619
51532620
51532621
51532622
51532623
51532624
51532625
51532626
51532627
51532628
51532629
51532630
51532631
51532632
51532633
51532634
51532635
51532636
51532637
51532638
51532639
51532640
51532641
51532642
51532643
51532644
51532645
51532646
51532647
51532648
51532649
51532650
51532651
51532652
51532653
51532654
51532655
51532656
51532657
51532658
51532659
51532660
51532661
51532662
51532663
51532664
51532665
51532666
51532667
51532668
51532669
51532670
51532671
51532672
51532673
51532674
51532675
51532676
51532677
51532678
51532679
51532680
51532681
51532682
51532683
51532684
51532685
51532686
51532687
51532688
51532689
51532690
51532691
51532692
51532693
51532694
51532695
51532696
51532697
51532698
51532699
51532700
51532701
51532702
51532703
51532704
51532705
51532706
51532707
51532708
51532709
51532710
51532711
51532712
51532713
51532414
51532415
51532416
51532417
51532418
51532419
51532420
51532421
51532422
51532423
51532424
51532425
51532426
51532427
51532428
51532429
51532430
51532431
51532432
51532433
51532434
51532435
51532436
51532437
51532438
51532439
51532440
51532441
51532442
51532443
51532444
51532445
51532446
51532447
51532448
51532449
51532450
51532451
51532452
51532453
51532454
51532455
51532456
51532457
51532458
51532459
51532460
51532461
51532462
51532463
51532464
51532465
51532466
51532467
51532468
51568273
51568274
51568275
51568276
51568277
51568278
51568279
51568280
51568281
51568282
51568283
51568284
51568285
51568286
51568287
51568288
51568289
51568290
51568291
51568292
51568293
51568294
51568295
51568296
51568297
51568298
51568299
51568300
51568301
51568302
51568303
51568304
51568305
51568306
51568307
51568308
51568309
51568310
51568311
51568312
51568313
51568314
51568315
51568316
51568317
51568318
51568319
51568320
51568321
51568322
51568323
51568324
51563690
51563691
51563692
51563693
51563694
51563695
51563696
51563697
51563698
51563699
51563700
51563701
51563702
51563703
51563704
51563705
51563706
51563707
51563708
51563709
51563710
51563711
51563712
51563713
51563714
51563715
51563716
51563717
51563718
51563719
51563720
51563721
51563722
51563723
51563724
51563725
51563726
51563727
51563728
51563729
51563730
51563731
51563732
51563733
51563734
51563735
51563736
51563737
51563738
51563739
51563740
51563741
51563742
51563743
51563744
51563745
51563746
51563747
51563748
51563749
51563750
51563751
51563752
51563753
51563754
51563755
51563756
51563757
51563758
51563759
51563760
51563761
51563762
51563763
51563764
51563765
51563766
51563767
51563768
51563769
51563770
51563771
51563772
51563773
51563774
51563775
51563776
51563777
51563778
51563779
51563780
51563781
51563782
51563783
51563784
51563785
51563786
51563787
51563788
51563789
51563790
51563791
51563792
51563793
51563794
51563795
51563796
51563797
51563798
51563799
51563800
51563801
51563802
51563803
51563804
51563805
51563806
51563807
51563808
51563809
51563810
51563811
51563812
51563813
51563814
51563815
51563816
51563817
51563818
51563819
51563820
51563821
51563822
51563823
51563824
51563825
51563826
51563827
51563828
51563829
51563830
51563831
51563832
51563833
51563834
51563835
51563836
51563837
51563838
51563839
51563840
51563841
51563842
51563843
51563844
51563845
51563846
51563847
51563848
51563849
51563850
51563851
51563852
51563853
51563854
51563855
51563856
51563857
51563858
51563859
51563860
51563861
51563862
51563863
51563864
51563865
51563866
51563867
51563868
51563869
51563870
51563871
51563872
51563873
51563874
51563875
51563876
51563082
51563083
51563084
51563085
51563086
51563087
51563088
51563089
51563090
51563091
51563092
51563093
51563094
51563095
51563096
51563097
51563098
51563099
51563100
51563101
51563102
51563103
51563104
51563105
51563106
51563107
51563108
51563109
51563110
51563111
51563112
51563113
51563114
51563115
51563116
51563117
51563118
51563119
51563120
51563121
51563122
51563123
51563124
51563125
51563126
51563127
51563128
51563129
51563130
51563131
51563132
51563133
51563134
51563135
51563136
51563137
51563138
51563139
51563140
51563141
51563142
51563143
51563144
51563145
51563146
51563147
51563148
51563149
51563150
51563151
51563152
51563153
51563154
51563155
51563156
51563157
51563158
51563159
51563160
51563161
51563162
51563163
51563164
51563165
51563166
51563167
51563168
51563169
51563170
51563171
51563172
51563173
51563174
51563175
51563176
51563177
51563178
51563179
51563180
51563181
51563182
51563183
51563184
51563185
51563186
51563187
51563188
51563189
51563190
51563191
51563192
51563193
51563194
51563195
51563196
51563197
51563198
51563199
51563200
51563201
51563202
51563203
51563204
51563205
51563206
51563207
51563208
51563209
51563210
51563211
51563212
51563213
51563214
51563215
51563216
51563217
51563218
51563219
51563220
51563221
51563222
51563223
51563224
51563225
51563226
51563227
51563228
51563229
51563230
51563231
51563232
51563233
51563234
51563235
51563236
51563237
51563238
51563239
51563240
51563241
51563242
51563243
51563244
51563245
51563246
51563247
51563248
51563249
51563250
51563251
51563252
51563253
51563254
51563255
51563256
51563257
51563258
51563259
51563260
51563261
51563262
51563263
51563264
51563265
51563266
51563267
51563268
51563269
51563270
51563271
51563272
51563273
51563274
51563275
51563276
51563277
51563278
51563279
51563280
51563281
51563282
51563283
51563284
51563285
51563286
51563287
51563288
51563289
51563290
51563291
51563292
51563293
51563294
51563295
51563296
51563297
51563298
51563299
51563300
51563301
51563302
51563303
51563304
51563305
51563306
51563307
51563308
51563309
51563310
51563311
51563312
51563313
51563314
51563315
51563316
51563317
51563318
51563319
51563320
51563321
51563322
51563323
51563324
51563325
51563326
51563327
51563328
51563329
51563330
51563331
51563332
51563333
51563334
51563335
51563336
51563337
51563338
51563339
51563340
51563341
51563342
51563343
51563344
51563345
51563346
51563347
51563348
51563349
51563350
51561795
51561796
51561797
51561798
51561799
51561800
51561801
51561802
51561803
51561804
51561805
51561806
51561807
51561808
51561809
51561810
51561811
51561812
51561813
51561814
51561815
51561816
51561817
51561818
51561819
51561820
51561821
51561822
51561823
51561824
51561825
51561826
51561827
51561828
51561829
51561830
51561831
51561832
51561833
51561834
51561835
51561836
51561837
51561838
51561839
51561840
51561841
51561842
51561843
51561844
51561845
51561846
51561847
51561848
51561849
51561850
51561851
51561852
51561853
51561854
51561855
51561856
51561857
51561858
51561859
51561860
51561861
51561862
51561863
51561864
51561865
51561866
51561867
51561868
51561869
51561870
51561871
51561872
51561873
51561874
51561875
51561876
51561877
51561878
51561879
51561880
51561881
51561882
51561883
51561884
51561885
51561886
51561887
51561888
51561889
51561890
51561891
51561892
51561893
51561894
51561895
51561896
51561897
51561898
51561899
51561900
51561901
51561902
51561903
51561904
51561905
51561906
51561907
51561908
51561909
51561910
51561911
51561912
51561913
51561914
51561915
51561916
51561917
51561918
51561919
51561920
51561921
51561922
51561923
51561924
51561925
51561926
51561927
51561928
51561929
51561930
51561931
51559847
51559848
51559849
51559850
51559851
51559852
51559853
51559854
51559855
51559856
51559857
51559858
51559859
51559860
51559861
51559862
51559863
51559864
51559865
51559866
51559867
51559868
51559869
51559870
51559871
51559872
51559873
51559874
51559875
51559876
51559877
51559878
51559879
51559880
51559881
51559882
51559883
51559884
51559885
51559886
51559887
51559888
51559889
51559890
51559891
51559892
51559893
51559894
51559895
51559896
51559897
51559898
51559899
51559900
51559901
51559902
51559903
51559904
51559905
51559906
51559907
51559908
51559909
51559910
51559911
51559912
51559913
51559914
51559915
51559916
51559917
51559918
51559919
51559920
51559921
51559922
51559923
51559924
51559925
51559926
51559927
51559928
51559929
51559930
51559931
51559932
51559933
51559934
51559935
51559936
51559937
51559938
51559939
51559940
51559941
51559942
51559943
51559944
51559945
51559946
51559947
51559948
51559949
51559950
51559951
51559952
51559953
51559954
51559955
51559956
51559957
51559958
51559959
51559960
51559961
51559962
51559963
51559964
51559965
51559966
51559967
51559968
51559969
51559970
51559971
51559972
51559973
51559974
51559975
51559976
51559977
51559978
51559979
51559980
51559981
51559982
51559983
51559984
51559985
51559986
51559987
51559988
51559989
51559990
51559991
51559992
51559993
51559994
51559995
51559996
51559997
51559998
51559999
51560000
51560001
51560002
51560003
51560004
51560005
51560006
51560007
51560008
51560009
51560010
51560011
51560012
51560013
51560014
51560015
51560016
51560017
51560018
51560019
51560020
51560021
51560022
51560023
51560024
51560025
51560026
51560027
51560028
51560029
51560030
51560031
51560032
