51585979
51585980
51585981
51585982
51585983
51585984
51585985
51585986
51585987
51585988
51585989
51585990
51585991
51585992
51585993
51585994
51585995
51585996
51585997
51585998
51585999
51586000
51586001
51586002
51586003
51586004
51585832
51585833
51585834
51585835
51585836
51585837
51585838
51585839
51585840
51585841
51585842
51585843
51585844
51585845
51585846
51585847
51585848
51585849
51585850
51585851
51585852
51585853
51585854
51585855
51585856
51585857
51585858
51585859
51585860
51585861
51585862
51585863
51585864
51585865
51585866
51585867
51585868
51585869
51585870
51585871
51585872
51585873
51585874
51585875
51585876
51585877
51585878
51585879
51585880
51585881
51585882
51585883
51585884
51585885
51585886
51585887
51585888
51585889
51585890
51585891
51585892
51585893
51584789
51584790
51584791
51584792
51584793
51584794
51584795
51584796
51584797
51584798
51584799
51584800
51584801
51584802
51584803
51584804
51584805
51584806
51584807
51584808
51584809
51584810
51584811
51584812
51584813
51584814
51584815
51584816
51584817
51584818
51584819
51584820
51584821
51584822
51584823
51584824
51584825
51584826
51584827
51584828
51584829
51584830
51584831
51584832
51584833
51584834
51584835
51584836
51584837
51584838
51584839
51584840
51584841
51584842
51584843
51584844
51584845
51584846
51584847
51584848
51584849
51584850
51584851
51584852
51584853
51584854
51584855
51584856
51584857
51584858
51584859
51584860
51584861
51584862
51584863
51584864
51584865
51584866
51584867
51584868
51584869
51584870
51584871
51584872
51584873
51584874
51584875
51584876
51584877
51584878
51584879
51584880
51584881
51584882
51584883
51584884
51584885
51584886
51584887
51584888
51584889
51584890
51584891
51584892
51584893
51584894
51584895
51584896
51584897
51584898
51584899
51584900
51584901
51584902
51584903
51584904
51584905
51584906
51584907
51584908
51584909
51584910
51584911
51584912
51584913
51584914
51584915
51584916
51584917
51584918
51584919
51584920
51584921
51584922
51584923
51584924
51584925
51584926
51584927
51584928
51584929
51584930
51584931
51584932
51584933
51584934
51584935
51584936
51584937
51584938
51584939
51584940
51584941
51584942
51584943
51584944
51584945
51584946
51584947
51584948
51584949
51584950
51584951
51584952
51584953
51584954
51584955
51584956
51584957
51584958
51584959
51584960
51582706
51582707
51582708
51582709
51582710
51582711
51582712
51582713
51582714
51582715
51582716
51582717
51582718
51582719
51582720
51582721
51582722
51582723
51582724
51582725
51582726
51582727
51582728
51582729
51582730
51582731
51582732
51582733
51582734
51582735
51582736
51582737
51582738
51582739
51582740
51582741
51582742
51582743
51582744
51582745
51582746
51582747
51582748
51582749
51582750
51582751
51582752
51582753
51582754
51582755
51582756
51582757
51582758
51582759
51582760
51582761
51582762
51582763
51582764
51582765
51582766
51582767
51582768
51582769
51582770
51582771
51582772
51582773
51582774
51582775
51582776
51582777
51582778
51582779
51582780
51582781
51582782
51582783
51582784
51582785
51582786
51582787
51582788
51582789
51582790
51582791
51582792
51582793
51582794
51582795
51582796
51582797
51582798
51582799
51582800
51582801
51582802
51582803
51582804
51582805
51582806
51582807
51582808
51582809
51582810
51582811
51582812
51582813
51582814
51582815
51582816
51582817
51582818
51582819
51582820
51582821
51582822
51582823
51582824
51582825
51582826
51582827
51582828
51582829
51582830
51582831
51582832
51582833
51582834
51582835
51582836
51582837
51582838
51582839
51582840
51582841
51582842
51582843
51582844
51582845
51582846
51582847
51582848
51582849
51582850
51582851
51582852
51582853
51582854
51582855
51582856
51582857
51582858
51582859
51582860
51582861
51582862
51582863
51582864
51582865
51582866
51582867
51582868
51582869
51582870
51582871
51582872
51582873
51582874
51582875
51582876
51582877
51582878
51582879
51582880
51582881
51582882
51582883
51582884
51582885
51582886
51582887
51582888
51582889
51582890
51582891
51582892
51582893
51582894
51582895
51582896
51582897
51582898
51582899
51582900
51582901
51582902
51582903
51582904
51582905
51582906
51582907
51582908
51582909
51582910
51582911
51582912
51582913
51582914
51582915
51582916
51582917
51582918
51582919
51582920
51582921
51582922
51582923
51582924
51582925
51582926
51582927
51582928
51582929
51582930
51582931
51582932
51582933
51582934
51582935
51582936
51582937
51582938
51582939
51582940
51582941
51582942
51582943
51582944
51582945
51582946
51582947
51582948
51582949
51582950
51582951
51582952
51582953
51582954
51582955
51582956
51582957
51582958
51582959
51582072
51582073
51582074
51582075
51582076
51582077
51582078
51582079
51582080
51582081
51582082
51582083
51582084
51582085
51582086
51582087
51582088
51582089
51582090
51582091
51582092
51582093
51582094
51582095
51582096
51582097
51582098
51582099
51582100
51582101
51582102
51582103
51582104
51582105
51582106
51582107
51582108
51582109
51582110
51582111
51582112
51582113
51582114
51582115
51582116
51582117
51582118
51582119
51582120
51582121
51582122
51582123
51582124
51582125
51582126
51582127
51582128
51582129
51582130
51582131
51582132
51582133
51582134
51582135
51582136
51582137
51582138
51582139
51582140
51582141
51582142
51582143
51582144
51582145
51582146
51582147
51582148
51582149
51582150
51582151
51582152
51582153
51582154
51582155
51582156
51582157
51582158
51582159
51582160
51582161
51582162
51582163
51582164
51582165
51582166
51582167
51582168
51582169
51582170
51582171
51582172
51582173
51582174
51582175
51582176
51582177
51582178
51582179
51582180
51582181
51582182
51582183
51582184
51582185
51582186
51582187
51582188
51582189
51582190
51582191
51582192
51582193
51582194
51582195
51582196
51582197
51582198
51582199
51582200
51582201
51582202
51582203
51582204
51582205
51582206
51582207
51582208
51581267
51581268
51581269
51581270
51581271
51581272
51581273
51581274
51581275
51581276
51581277
51581278
51581279
51581280
51581281
51581282
51581283
51581284
51581285
51581286
51581287
51581288
51581289
51581290
51581291
51581292
51581293
51581294
51581295
51581296
51581297
51581298
51581299
51581300
51581301
51581302
51581303
51581304
51581305
51581306
51581307
51581308
51581309
51581310
51581311
51581312
51581313
51581314
51581315
51581316
51581317
51581318
51581319
51581320
51581321
51581322
51581323
51581324
51581325
51581326
51581327
51581328
51581329
51581330
51581331
51581332
51581333
51581334
51581335
51581336
51581337
51581338
51581339
51581340
51581341
51581342
51581343
51581344
51581345
51581346
51581347
51581348
51581349
51581350
51581351
51581352
51581353
51581354
51581355
51581356
51581357
51581358
51581359
51581360
51581361
51581362
51581363
51581364
51581365
51581366
51581367
51581368
51581369
51581370
51581371
51581372
51581373
51581374
51581375
51581376
51581377
51581378
51581379
51581380
51581381
51581382
51581383
51581384
51581385
51581386
51581387
51581388
51581389
51581390
51581391
51581392
51581393
51581394
51581395
51581396
51581397
51581398
51581399
51581400
51581401
51581402
51581403
51581404
51581405
51581406
51581407
51581408
51581409
51581410
51581411
51581412
51581413
51581414
51581415
51581416
51607319
51607320
51607321
51607322
51607323
51607324
51607325
51607326
51607327
51607328
51607329
51607330
51607331
51607332
51607333
51607334
51607335
51607336
51607337
51607338
51607339
51607340
51607341
51607342
51607343
51607344
51607345
51607346
51607347
51607348
51607349
51607350
51607351
51607352
51607353
51607354
51607355
51607356
51607357
51607358
51607359
51607360
51607361
51607362
51607363
51607364
51607365
51607366
51607367
51607368
51607369
51607370
51607371
51607372
51607373
51607374
51607375
51607376
51607377
51607378
51607379
51607380
51607381
51607382
51607383
51607384
51607385
51607386
51607387
51607388
51607389
51607390
51607391
51607392
51607393
51607394
51607395
51607396
51607397
51607398
51607399
51607400
51607401
51607402
51607403
51607404
51607405
51607406
51607407
51607408
51607409
51607410
51607411
51607412
51607413
51607414
51607415
51607416
51607417
51607418
51607419
51607420
51607421
51607422
51607423
51607424
51607425
51607426
51607427
51607428
51607429
51607430
51607431
51607432
51607433
51607434
51607435
51607436
51607437
51607438
51607439
51607440
51607441
51607442
51607443
51607444
51607445
51607446
51607447
51607448
51607449
51607450
51607451
51607452
51607453
51607454
51607455
51607456
51607457
51607458
51607459
51607460
51607461
51607462
51607463
51607464
51607465
51607466
51607467
51607468
51607469
51607470
51607471
51607472
51607473
51607474
51607475
51607476
51607477
51607478
51607479
51607480
51607481
51607482
51607483
51607484
51607485
51607486
51607487
51607488
51607489
51607490
51607491
51607492
51607493
51607494
51607495
51607496
51607497
51607498
51607499
51607500
51607501
51607502
51607503
51607504
51607505
51607506
51607507
51607508
51607509
51607510
51607511
51607512
51607513
51607514
51607515
51607516
51607517
51607518
51607519
51607520
51607521
51607522
51607523
51607524
51607525
51607526
51607527
51607528
51607529
51607530
51607531
51607532
51607533
51607534
51607535
51607536
51607537
51607538
51607539
51607540
51607541
51607542
51607543
51607544
51607545
51607546
51607547
51607548
51607549
51607550
51607551
51607552
51607553
51607554
51607555
51607556
51607557
51607558
51607559
51607560
51607561
51607562
51607563
51607564
51607565
51607566
51607567
51607568
51607569
51607570
51607571
51607572
51607573
51607574
51607575
51607576
51607577
51607578
51607579
51607580
51607581
51607582
51607583
51607584
51607585
51607586
51607587
51607588
51607589
51607590
51607591
51607592
51607593
51607594
51607595
51607596
51607597
51607598
51607599
51607600
51607601
51607602
51607603
51607604
51607605
51607606
51607607
51607608
51607609
51607610
51607611
51607612
51607613
51607614
51607615
51607616
51607617
51607618
51607619
51607620
51607621
51607622
51607623
51607624
51607625
51607626
51607627
51607628
51607629
51607630
51607631
51607632
51607633
51607634
51607635
51607636
51607637
51607638
51607639
51607640
51607641
51607642
51607643
51607644
51607645
51607646
51607647
51607648
51607649
51607650
51607651
51607652
51607653
51607654
51607655
51607656
51607657
51607658
51607659
51607660
51607661
51607662
51607663
51607664
51607665
51607666
51607667
51607668
51607669
51607670
51607671
51607672
51607673
51607674
51607675
51607676
51607677
51607678
51607679
51607680
51607681
51607682
51607683
51607684
51607685
51607686
51607687
51607688
51607689
51607690
51607691
51607692
51607693
51607694
51607695
51607696
51607697
51607698
51607699
51607700
51607701
51607702
51607703
51607704
51607705
51607706
51607707
51607708
51607709
51607710
51607711
51607712
51607713
51607714
51607715
51607716
51607717
51607718
51607719
51607720
51607721
51607722
51607723
51607724
51607725
51607726
51607727
51607728
51607729
51607730
51607731
51607732
51607733
51607734
51607735
51607736
51607737
51607738
51607739
51607740
51607741
51607742
51607743
51607744
51607745
51607746
51607747
51607748
51607749
51607750
51607751
51607752
51607753
51607754
51607755
51607756
51607757
51607758
51607759
51607760
51607761
51607762
51607763
51607764
51607765
51607766
51607767
51607768
51607769
51607770
51607771
51607772
51607773
51607774
51607775
51607776
51607777
51607778
51607779
51607780
51607781
51607782
51607783
51607784
51607785
51607786
51607787
51607788
51607789
51607790
51607791
51607792
51607793
51607794
51607795
51607796
51607797
51607798
51607799
51607800
51607801
51607802
51607803
51607804
51607805
51607806
51607807
51607808
51607809
51607810
51607811
51607812
51607813
51607814
51607815
51607816
51607817
51607818
51607819
51607820
51607821
51607822
51607823
51607824
51607825
51607826
51601861
51601862
51601863
51601864
51601865
51601866
51601867
51601868
51601869
51601870
51601871
51601872
51601873
51601874
51601875
51601876
51601877
51601878
51601879
51601880
51601881
51601882
51601883
51601884
51601885
51601886
51601887
51601888
51601889
51601890
51601891
51601892
51601893
51601894
51601895
51601896
51601897
51601898
51601899
51601900
51601901
51601902
51601903
51601904
51601905
51601906
51601907
51601908
51601909
51601910
51601911
51601912
51601913
51601914
51601915
51601916
51601917
51601918
51601919
51601920
51601921
51601922
51601923
51601924
51601925
51601926
51601927
51601928
51601929
51601930
51601931
51601932
51601933
51601934
51601935
51601936
51601937
51601938
51601939
51601940
51601941
51601942
51601943
51601944
51601945
51601946
51601947
51601948
51601949
51601950
51601951
51601952
51601953
51601954
51601955
51601956
51601957
51601958
51601959
51601960
51601961
51601962
51601963
51601964
51601965
51601966
51601967
51601968
51601969
51601970
51601971
51601972
51601973
51601974
51601975
51601976
51601977
51601978
51601979
51601980
51601981
51601982
51601983
51601984
51601985
51601986
51601987
51601988
51601989
51601990
51601991
51601992
51601993
51601994
51601995
51601996
51601997
51601998
51601999
51602000
51602001
51602002
51602003
51602004
51602005
51602006
51602007
51602008
51602009
51602010
51602011
51602012
51602013
51602014
51602015
51602016
51602017
51602018
51602019
51602020
51602021
51602022
51602023
51602024
51602025
51602026
51602027
51602028
51602029
51602030
51602031
51602032
51602033
51602034
51602035
51602036
51602037
51602038
51602039
51602040
51602041
51602042
51602043
51602044
51602045
51602046
51602047
51602048
51602049
51602050
51602051
51602052
51602053
51602054
51602055
51602056
51602057
51602058
51602059
51602060
51602061
51602062
51602063
51602064
51602065
51602066
51602067
51602068
51602069
51602070
51602071
51602072
51602073
51602074
51602075
51602076
51602077
51602078
51602079
51602080
51602081
51602082
51602083
51602084
51602085
51602086
51602087
51602088
51602089
51602090
51602091
51602092
51602093
51602094
51602095
51602096
51602097
51602098
51602099
51602100
51602101
51602102
51602103
51602104
51602105
51602106
51602107
51602108
51602109
51602110
51602111
51602112
51602113
51602114
51602115
51602116
51602117
51602118
51602119
51602120
51602121
51602122
51602123
51602124
51602125
51602126
51602127
51602128
51602129
51602130
51602131
51602132
51602133
51602134
51602135
51602136
51602137
51602138
51602139
51602140
51602141
51602142
51602143
51602144
51602145
51602146
51602147
51602148
51602149
51602150
51602151
51602152
51602153
51602154
51602155
51602156
51602157
51602158
51602159
51602160
51602161
51602162
51602163
51602164
51602165
51602166
51602167
51602168
51602169
51602170
51602171
51602172
51602173
51602174
51602175
51602176
51602177
51602178
51602179
51602180
51602181
51602182
51602183
51602184
51602185
51602186
51602187
51602188
51602189
51602190
51602191
51602192
51602193
51602194
51602195
51602196
51602197
51602198
51602199
51602200
51602201
51602202
51602203
51602204
51602205
51602206
51602207
51602208
51602209
51602210
51602211
51602212
51602213
51602214
51602215
51602216
51602217
51602218
51602219
51602220
51602221
51602222
51602223
51602224
51602225
51602226
51602227
51602228
51602229
51602230
51602231
51602232
51602233
51602234
51602235
51602236
51602237
51602238
51602239
51602240
51602241
51602242
51602243
51602244
51602245
51602246
51602247
51602248
51602249
51602250
51602251
51602252
51602253
51602254
51602255
51602256
51602257
51602258
51602259
51602260
51602261
51602262
51602263
51602264
51602265
51602266
51602267
51602268
51602269
51602270
51602271
51602272
51602273
51602274
51602275
51602276
51602277
51602278
51602279
51602280
51602281
51602282
51602283
51602284
51602285
51602286
51602287
51602288
51602289
51602290
51602291
51602292
51602293
51602294
51602295
51602296
51602297
51602298
51602299
51602300
51602301
51602302
51602303
51602304
51602305
51602306
51602307
51602308
51602309
51602310
51602311
51602312
51602313
51602314
51602315
51602316
51602317
51602318
51602319
51602320
51602321
51602322
51602323
51602324
51602325
51602326
51602327
51602328
51602329
51602330
51602331
51602332
51602333
51602334
51602335
51602336
51602337
51602338
51602339
51602340
51602341
51602342
51602343
51602344
51602345
51602346
51602347
51602348
51602349
51602350
51602351
51602352
51602353
51602354
51602355
51602356
51602357
51602358
51602359
51602360
51602361
51602362
51602363
51602364
51602365
51602366
51602367
51602368
51602369
51602370
51602371
51602372
51602373
51602374
51602375
51602376
51602377
51602378
51602379
51602380
51602381
51602382
51602383
51602384
51602385
51602386
51602387
51602388
51602389
51602390
51602391
51602392
51602393
51602394
51602395
51602396
51628232
51628233
51628234
51628235
51628236
51628237
51628238
51628239
51628240
51628241
51628242
51628243
51628244
51628245
51628246
51628247
51628248
51628249
51628250
51628251
51628252
51628253
51628254
51628255
51628256
51628257
51628258
51628259
51628260
51628261
51628262
51628263
51628264
51628265
51628266
51628267
51628268
51628269
51628270
51628271
51628272
51628273
51628274
51628275
51628276
51628277
51628278
51628279
51628280
51628281
51628282
51628283
51628284
51628285
51628286
51628287
51628288
51628289
51628290
51628291
51628292
51628293
51628294
51628295
51628296
51628297
51628298
51628299
51628300
51628301
51628302
51628303
51628304
51628305
51628306
51628307
51628308
51628309
51628310
51628311
51628312
51628313
51628314
51628315
51628316
51628317
51628318
51628319
51628320
51628321
51628322
51628323
51628324
51628325
51628326
51628327
51628328
51628329
51628330
51628331
51628332
51628333
51628334
51628335
51628336
51628337
51628338
51628339
51628340
51628341
51628342
51628343
51628344
51628345
51628346
51628347
51628348
51628349
51628350
51628351
51628352
51628353
51628354
51628355
51628356
51628357
51628358
51628359
51628360
51628361
51628362
51628363
51628364
51628365
51628366
51628367
51628368
51628369
51628370
51628371
51628372
51628373
51628374
51628375
51628376
51628377
51628378
51628379
51628380
51628381
51628382
51628383
51628384
51628385
51628386
51628387
51628388
51628389
51628390
51628391
51628392
51628393
51628394
51628395
51628396
51628397
51628398
51628399
51628400
51628401
51628402
51628403
51628404
51628405
51628406
51628407
51628408
51628409
51628410
51628411
51628412
51628413
51628414
51628415
51628416
51628417
51628418
51628419
51628420
51628421
51628422
51628423
51628424
51628425
51628426
51628427
51628428
51628429
51628430
51628431
51628432
51628433
51628434
51628435
51628436
51628437
51628438
51628439
51628440
51628441
51628442
51628443
51628444
51628445
51628446
51628447
51628448
51628449
51628450
51628451
51628452
51628453
51628454
51628455
51628456
51628457
51628458
51628459
51628460
51628461
51628462
51628463
51628464
51628465
51628466
51628467
51628468
51628469
51628470
51628471
51628472
51628473
51628474
51628475
51628476
51628477
51628478
51628479
51628480
51628481
51628482
51628483
51628484
51628485
51628486
51628487
51628488
51628489
51628490
51628491
51628492
51628493
51628494
51628495
51628496
51628497
51628498
51628499
51628500
51628501
51628502
51628503
51628504
51628505
51628506
51628507
51628508
51628509
51628510
51628511
51628512
51628513
51628514
51628515
51628516
51628517
51628518
51628519
51628520
51628521
51628522
51628523
51628524
51628525
51628526
51628527
51628528
51628529
51628530
51628531
51628532
51628533
51628534
51628535
51628536
51628537
51628538
51628539
51628540
51628541
51628542
51628543
51628544
51628545
51628546
51628547
51628548
51628549
51628550
51628551
51628552
51628553
51628554
51628555
51628556
51628557
51628558
51628559
51628560
51628561
51628562
51628563
51628564
51628565
51628566
51628567
51628568
51628569
51628570
51628571
51628572
51628573
51628574
51628575
51628576
51628577
51628578
51628579
51628580
51628581
51628582
51628583
51628584
51628585
51628586
51628587
51628588
51628589
51628590
51628591
51628592
51628593
51628594
51628595
51628596
51628597
51628598
51628599
51628600
51628601
51628602
51628603
51628604
51628605
51628606
51628607
51628608
51628609
51628610
51628611
51628612
51628613
51628614
51628615
51628616
51628617
51628618
51628619
51628620
51628621
51628622
51628623
51628624
51628625
51628626
51628627
51628628
51628629
51628630
51628631
51628632
51628633
51628634
51628635
51628636
51628637
51628638
51628639
51628640
51628641
51628642
51628643
51628644
51628645
51628646
51628647
51628648
51628649
51628650
51628651
51628652
51628854
51628855
51628856
51628857
51628858
51628859
51628860
51628861
51628862
51628863
51628864
51628865
51628866
51628867
51628868
51628869
51628870
51628871
51628872
51628873
51628874
51628875
51628876
51628877
51628878
51628879
51628880
51628881
51628882
51628883
51628884
51628885
51628886
51628887
51628888
51628889
51628890
51628891
51628892
51628893
51628894
51628895
51628896
51628897
51628898
51628899
51628900
51628901
51628902
51628903
51628904
51628905
51628906
51628907
51628908
51628909
51628910
51628911
51628912
51628913
51628914
51628915
51628916
51628917
51628918
51628919
51628920
51628921
51628922
51628923
51628924
51628925
51628926
51628927
51628928
51628929
51628930
51628931
51628932
51628933
51628934
51628935
51628936
51628937
51628938
51628939
51628940
51628941
51628942
51628943
51628944
51628945
51628946
51628947
51628948
51628949
51628950
51628951
51628952
51628953
51628954
51628955
51628956
51628957
51628958
51628959
51628960
51628961
51628962
51628963
51628964
51628965
51628966
51628967
51628968
51628969
51628970
51628971
51628972
51628973
51628974
51628975
51628976
51628977
51628978
51628979
51628980
51628981
51628982
51628983
51628984
51628985
51628986
51628987
51628988
51628989
51628990
51628991
51628992
51628993
51628994
51628995
51628996
51628997
51628998
51628999
51629000
51629001
51629002
51629003
51629004
51629005
51629006
51629007
51629008
51629009
51629010
51629011
51629012
51629013
51629014
51629015
51629016
51629017
51629018
51629019
51629020
51629021
51629022
51629023
51629024
51629025
51629026
51629027
51629028
51629029
51629030
51629031
51629032
51629033
51629034
51629035
51629036
51629037
51629038
51629039
51629040
51629041
51629042
51629043
51629044
51629045
51629046
51629047
51629048
51629049
51629050
51629051
51629052
51629053
51629054
51629055
51629056
51629057
51629058
51629059
51629060
51629061
51629062
51629063
51629064
51629065
51629066
51629067
51629068
51629069
51629070
51629071
51629072
51629073
51629074
51629075
51629076
51629077
51629078
51629079
51629080
51629081
51629082
51629083
51629084
51629085
51629086
51629087
51629088
51629089
51629090
51629091
51629092
51629093
51629094
51629095
51629096
51629097
51629098
51629099
51629100
51629101
51629102
51629103
51629104
51629105
51629106
51629107
51629108
51629109
51629110
51629111
51629112
51629113
51629114
51629115
51629116
51629117
51629118
51629119
51629120
51629121
51629122
51629123
51629124
51629125
51629126
51629127
51629128
51629129
51629130
51629131
51629132
51629338
51629339
51629340
51629341
51629342
51629343
51629344
51629345
51629346
51629347
51629348
51629349
51629350
51629351
51629352
51629353
51629354
51629355
51629356
51629357
51629358
51629359
51629360
51629361
51629362
51629363
51629364
51629365
51629366
51629367
51629368
51629369
51629370
51629371
51629372
51629373
51629374
51629375
51629376
51629377
51629378
51629379
51629380
51629381
51629382
51629383
51629384
51629385
51630287
51630288
51630289
51630290
51630291
51630292
51630293
51630294
51630295
51630296
51630297
51630298
51630299
51630300
51630301
51630302
51630303
51630304
51630305
51630306
51630307
51630308
51630309
51630310
51630311
51630312
51630313
51630314
51630315
51630316
51630317
51630318
51630319
51630320
51630321
51630322
51630323
51630324
51630325
51630326
51630327
51630328
51630329
51630330
51630331
51630332
51630333
51630334
51630335
51630336
51630337
51630338
51630339
51630340
51630341
51630342
51630343
51630344
51630345
51630346
51630347
51630348
51630349
51630350
51630351
51630352
51630353
51630354
51630355
51630356
51630357
51630358
51630359
51630360
51630361
51630362
51630363
51630364
51630365
51630366
51630367
51630368
51630369
51630370
51630371
51630372
51630373
51630374
51630375
51630376
51630377
51630378
51630379
51630380
51630381
51630382
51630383
51630384
51630385
51630386
51630387
51630388
51630389
51630390
51630391
51630392
51630393
51630394
51630395
51630396
51630397
51630398
51630399
51630400
51630401
51630402
51630403
51630404
51630405
51630406
51630407
51630408
51630409
51630410
51630411
51630412
51630413
51630414
51630415
51630416
51630417
51630418
51630419
51630420
51630421
51630422
51630423
51630424
51630425
51630426
51630427
51630428
51630429
51630430
51630431
51630432
51630433
51630434
51630435
51630436
51630437
51630438
51630439
51630440
51630441
51630442
51630443
51630444
51630445
51630446
51630447
51630448
51630449
51630450
51630451
51630452
51630453
51630454
51630455
51630456
51630457
51630458
51630459
51630460
51630461
51630462
51630463
51630464
51630465
51630466
51630467
51630468
51630469
51630470
51630471
51630472
51630473
51630474
51630475
51630476
51630477
51630478
51630479
51630480
51630481
51630482
51630483
51630484
51630485
51630486
51630487
51630488
51630489
51630490
51630491
51630492
51630493
51630494
51630495
51630496
51630497
51630498
51630499
51630500
51630501
51630502
51630503
51630504
51630505
51630506
51630507
51630508
51630509
51630510
51630511
51630512
51630513
51630514
51630515
51630516
51630517
51630518
51630519
51630520
51630521
51630522
51630523
51630524
51630525
51630526
51630527
51630528
51630529
51630530
51630531
51630532
51630533
51630534
51630535
51630536
51630537
51630538
51630539
51630540
51630541
51630542
51630543
51630544
51630545
51630546
51630547
51630548
51630549
51630550
51630551
51630552
51630553
51631206
51631207
51631208
51631209
51631210
51631211
51631212
51631213
51631214
51631215
51631216
51631217
51631218
51631219
51631220
51631221
51631222
51631223
51631224
51631225
51631226
51631227
51631228
51631229
51631230
51631231
51631232
51631233
51631234
51631235
51631236
51631237
51631238
51631239
51631240
51631241
51631242
51631243
51631244
51631245
51631246
51631247
51631248
51631249
51631250
51631251
51631252
51631253
51631254
51631255
51631256
51631257
51631258
51631259
51631260
51631261
51631262
51631263
51631264
51631265
51631266
51631267
51631268
51631269
51631270
51631271
51631272
51631273
51631274
51631275
51631276
51631277
51631278
51631279
51631280
51631281
51631282
51631283
51631284
51631285
51631286
51631287
51631288
51631289
51631290
51631291
51631292
51631293
51631294
51631295
51631296
51631671
51631672
51631673
51631674
51631675
51631676
51631677
51631678
51631679
51631680
51631681
51631682
51631683
51631684
51631685
51631686
51631687
51631688
51631689
51631690
51631691
51631692
51631693
51631694
51631695
51631696
51631697
51631698
51631699
51631700
51631701
51631702
51631703
51631704
51631705
51631706
51631707
51631708
51631709
51631710
51631711
51631712
51631713
51631714
51631715
51631716
51631717
51631718
51631719
51631720
51631721
51631722
51631723
51631724
51631725
51631726
51631727
51631728
51631729
51631730
51631731
51631732
51631733
51631734
51631735
51631736
51631737
51631738
51631739
51631740
51631741
51631742
51631743
51631744
51631745
51631746
51631747
51631748
51631749
51631750
51631751
51631752
51631753
51631754
51631755
51631756
51631757
51631758
51631759
51631760
51631761
51631762
51631763
51631764
51631765
51631766
51631767
51639219
51639220
51639221
51639222
51639223
51639224
51639225
51639226
51639227
51639228
51639229
51639230
51639231
51639232
51639233
51639234
51639235
51639236
51639237
51639238
51639239
51639240
51639241
51639242
51639243
51639244
51639245
51639246
51639247
51639248
51639249
51639250
51639251
51639252
51639253
51639254
51639255
51639256
51639257
51639258
51639259
51639260
51639261
51639262
51639263
51639264
51639265
51639266
51639267
51639268
51639269
51639270
51639271
51639272
51639273
51639274
51639275
51639276
51639277
51639278
51639279
51639280
51639281
51639282
51639283
51639284
51639285
51639286
51639287
51639288
51639289
51639290
51639291
51639292
51639293
51639294
51639295
51639296
51639297
51639298
51639299
51639300
51639301
51639302
51639303
51639304
51639305
51639306
51639307
51639308
51639309
51639310
51639311
51639312
51639313
51639314
51639315
51639316
51639317
51639318
51639319
51639320
51639321
51639322
51639323
51639324
51639325
51639326
51639327
51639328
51639329
51639330
51639331
51639332
51639333
51639334
51639335
51639336
51639337
51639338
51639339
51639340
51639341
51639342
51639343
51639344
51639345
51639346
51639347
51639348
51639349
51639350
51639351
51639352
51639353
51639354
51639355
51639356
51639357
51639358
51639359
51639360
51639361
51639362
51639363
51639364
51639365
51639366
51639367
51639368
51639369
51639370
51639371
51639372
51639373
51639374
51639375
51639376
51639377
51639378
51639379
51639380
51639381
51639382
51639383
51639384
51639385
51639386
51639387
51639388
51639389
51639390
51639391
51639392
51639393
51639394
51639395
51639396
51639397
51639398
51639399
51639400
51639401
51639402
51639403
51639404
51639405
51639406
51639407
51639408
51639409
51639410
51639411
51639412
51639413
51639414
51639415
51639416
51639417
51639418
51639419
51639420
51639421
51639422
51639423
51639424
51639425
51639426
51639427
51639428
51639429
51639430
51639431
51639432
51639433
51639434
51639435
51639436
51639437
51639438
51639439
51639440
51639441
51639442
51639443
51639444
51639445
51639446
51639447
51639448
51639449
51639450
51639451
51639452
51645627
51645628
51645629
51645630
51645631
51645632
51645633
51645634
51645635
51645636
51645637
51645638
51645639
51645640
51645641
51645642
51645643
51645644
51645645
51645646
51645647
51645648
51645649
51645650
51645651
51645652
51645653
51645654
51645655
51645656
51645657
51645658
51645659
51645660
51645661
51645662
51645663
51645664
51645665
51645666
51645667
51645668
51645669
51645670
51645671
51645672
51645673
51645674
51645675
51645676
51645677
51645678
51645679
51645680
51645681
51645682
51645683
51645684
51645685
51645686
51645687
51645688
51645689
51645690
51645691
51645692
51645693
51645694
51645695
51645696
51645697
51645698
51645699
51645700
51645701
51645702
51645703
51645704
51645705
51645706
51645707
51645708
51645709
51645710
51645711
51645712
51645713
51645714
51645715
51645716
51645717
51645718
51645719
51645720
51645721
51645722
51645723
51645724
51645725
51645726
51645727
51645728
51645729
51645730
51645731
51645732
51645733
51645734
51645735
51645736
51645737
51645738
51645739
51645740
51645741
51645742
51645743
51645744
51645745
51645746
51645747
51645748
51645749
51645750
51645751
51645752
51645753
51645754
51645755
51645756
51645757
51645758
51645759
51645760
51645761
51645762
51645763
51645764
51645765
51645766
51645767
51645768
51645769
51645770
51645771
51645772
51645773
51645774
51645775
51645776
51645777
51645778
51645779
51645780
51645781
51645782
51645783
51645784
51645785
51645786
51645787
51645788
51645789
51645790
51645791
51645792
51645793
51645794
51645795
51645796
51645797
51645798
51645799
51645800
51645801
51645802
51645803
51645804
51645805
51645806
51645807
51645808
51645809
51645810
51645811
51645812
51645813
51645814
51645815
51645816
51645817
51645818
51645819
51645820
51645821
51645822
51645823
51645824
51645825
51645826
51645827
51645828
51645829
51645830
51645831
51645832
51645833
51645834
51645835
51645836
51645837
51645838
51645839
51645840
51645841
51645842
51645843
51645844
51645845
51645846
51645847
51645848
51645849
51645850
51645851
51645852
51645853
51645854
51645855
51645856
51645857
51645858
51645859
51645860
51645861
51645862
51645863
51645864
51645865
51645866
51645867
51645868
51645869
51645870
51645871
51645872
51645873
51645874
51645875
51645876
51645877
51645878
51645879
51645880
51645881
51645882
51645883
51645884
51645885
51645886
51645887
51645888
51645889
51645890
51645891
51645892
51645893
51645894
51645895
51645896
51645897
51645898
51645899
51645900
51645901
51645902
51645903
51645904
51645905
51645906
51645907
51645908
51645909
51645910
51645911
51645912
51645913
51645914
51645915
51645916
51645917
51645918
51645919
51645920
51645921
51645922
51645923
51645924
51645925
51645926
51645927
51645928
51645929
51645930
51645931
51645932
51645933
51645934
51645935
51645936
51645937
51645938
51645939
51645940
51645941
51645942
51645943
51645944
51645945
51645946
51645947
51645948
51645949
51645950
51645951
51645952
51645953
51645954
51645955
51645956
51645957
51645958
51645959
51645960
51645961
51645962
51645963
51645964
51645965
51645966
51645967
51645968
51645969
51645970
51645971
51645972
51645973
51645974
51645975
51645976
51645977
51645978
51645979
51645980
51645981
51645982
51645983
51645984
51645985
51645986
51645987
51645988
51645989
51645990
51645991
51645992
51645993
51645994
51645995
51645996
51645997
51645998
51645999
51646000
51646001
51646002
51646003
51646004
51646005
51646006
51646007
51646008
51646009
51646010
51646011
51646012
51646013
51646014
51646015
51646016
51646017
51646018
51646019
51646020
51646021
51646022
51646023
51646024
51646025
51646026
51646027
51646028
51646029
51646030
51646031
51646032
51646033
51646034
51646035
51646036
51646037
51646038
51646039
51646040
51646041
51646042
51646043
51646044
51646045
51646046
51646047
51646048
51646049
51646050
51646051
51646052
51646053
51646054
51646055
51646056
51646057
51646058
51646059
51647663
51647664
51647665
51647666
51647667
51647668
51647669
51647670
51647671
51647672
51647673
51647674
51647675
51647676
51647677
51647678
51647679
51647680
51647681
51647682
51647683
51647684
51647685
51647686
51647687
51647688
51647689
51647690
51647691
51647692
51647693
51647694
51647695
51647696
51647697
51647698
51647699
51647700
51647701
51647702
51647703
51647704
51647705
51647706
51647707
51647708
51647709
51647710
51647711
51647712
51647713
51647714
51647715
51647716
51647717
51647718
51647719
51647720
51647721
51647722
51647723
51647724
51647725
51647726
51647727
51647728
51647729
51647730
51647731
51647732
51647733
51647734
51647735
51647736
51647737
51647738
51647739
51647740
51647741
51647742
51647743
51647744
51647745
51647746
51647747
51647748
51647749
51647750
51647751
51647752
51647753
51647754
51647755
51647756
51647757
51647758
51647759
51647760
51647761
51647762
51647763
51647764
51647765
51647766
51647767
51647768
51647769
51647770
51647771
51647772
51647773
51647774
51647775
51647776
51647777
51647778
51647779
51647780
51647781
51647782
51647783
51647784
51647785
51647786
51647787
51647788
51647789
51647790
51647791
51647792
51647793
51647794
51647795
51647796
51647797
51647798
51647799
51647800
51647801
51647802
51647803
51647804
51647805
51647806
51647807
51647808
51647809
51647810
51647811
51647812
51647813
51647814
51647815
51647816
51647817
51647818
51647819
51647820
51647821
51647822
51647823
51647824
51647825
51647826
51647827
51647828
51647829
51647830
51647831
51647832
51647833
51647834
51647835
51647836
51647837
51647838
51647839
51647840
51647841
51647842
51647843
51647844
51647845
51647846
51647847
51647848
51647849
51647850
51647851
51647852
51647853
51647854
51647855
51647856
51647857
51647858
51647859
51647860
51647861
51647862
51647863
51647864
51647865
51647866
51647867
51647868
51647869
51647870
51647871
51647872
51647873
51647874
51647875
51647876
51647877
51647878
51647879
51647880
51647881
51647882
51647883
51647884
51647885
51647886
51647887
51647888
51647889
51647890
51647891
51647892
51647893
51647894
51647895
51647896
51647897
51647898
51647899
51647900
51647901
51647902
51647903
51647904
51647905
51647906
51647907
51647908
51647909
51647910
51647911
51647912
51647913
51647914
51647915
51647916
51647917
51647918
51647919
51647920
51647921
51647922
51647923
51647924
51647925
51647926
51647927
51647928
51647929
51647930
51647931
51647932
51647933
51647934
51647935
51647936
51647937
51647938
51647939
51647940
51647941
51648169
51648170
51648171
51648172
51648173
51648174
51648175
51648176
51648177
51648178
51648179
51648180
51648181
51648182
51648183
51648184
51648185
51648186
51648187
51648188
51648189
51648190
51648191
51648192
51648193
51648194
51648195
51648196
51648197
51648198
51648199
51648200
51648201
51648202
51648203
51648204
51648205
51648206
51648207
51648208
51648209
51648210
51648211
51648212
51648213
51648214
51648215
51648216
51649112
51649113
51649114
51649115
51649116
51649117
51649118
51649119
51649120
51649121
51649122
51649123
51649124
51649125
51649126
51649127
51649128
51649129
51649130
51649131
51649132
51649133
51649134
51649135
51649136
51649137
51649138
51649139
51649140
51649141
51649142
51649143
51649144
51649145
51649146
51649147
51649148
51649149
51649150
51649151
51649152
51649153
51649154
51649155
51649156
51649157
51649158
51649159
51649160
51649161
51649162
51649163
51649164
51649165
51649166
51649167
51649168
51649169
51649170
51649171
51649172
51649173
51649174
51649175
51649176
51649177
51649178
51649179
51649180
51649181
51649182
51649183
51649184
51649185
51649186
51649187
51649188
51649189
51649190
51649191
51649192
51649193
51649194
51649195
51649196
51649197
51649198
51649199
51649200
51649201
51649202
51649203
51649204
51649205
51649206
51649207
51649208
51649209
51649210
51649211
51649212
51649213
51649214
51649215
51649216
51649217
51649218
51649219
51649220
51649221
51649222
51649223
51649224
51649225
51649226
51649227
51649228
51649229
51649230
51649231
51649232
51649233
51649234
51649235
51649236
51649237
51649238
51649239
51649240
51649241
51649242
51649243
51649244
51649245
51649246
51649247
51649248
51649249
51649250
51649251
51649252
51649253
51649254
51649255
51649256
51649257
51649258
51649259
51649260
51649261
51649262
51649263
51649264
51649265
51649266
51649267
51649268
51649269
51649270
51649271
51649272
51649273
51649274
51649275
51649276
51649277
51649278
51649279
51649280
51649281
51649282
51649283
51649284
51649285
51649286
51649287
51649288
51649289
51649290
51649291
51649292
51649293
51649294
51649295
51649296
51649297
51649298
51649299
51649300
51649301
51649302
51649303
51649304
51649305
51649306
51649307
51649308
51649309
51649310
51649311
51649312
51649313
51649314
51649315
51649316
51649317
51649318
51649319
51649320
51649321
51649322
51649323
51649324
51649325
51649326
51649327
51649328
51649329
51649330
51649331
51649332
51649333
51649334
51649335
51649336
51649337
51649338
51649339
51649340
51649341
51649342
51649343
51649344
51649345
51649346
51649347
51649348
51649349
51649350
51649351
51649352
51649353
51649354
51649355
51649356
51649357
51649358
51649359
51649360
51649361
51649362
51649363
51649364
51649365
51649366
51649367
51649368
51649369
51649370
51649371
51649372
51649373
51649374
51649375
51649376
51649377
51649378
51650011
51650012
51650013
51650014
51650015
51650016
51650017
51650018
51650019
51650020
51650021
51650022
51650023
51650024
51650025
51650026
51650027
51650028
51650029
51650030
51650031
51650032
51650033
51650034
51650035
51650036
51650037
51650038
51650039
51650040
51650041
51650042
51650043
51650044
51650045
51650046
51650047
51650048
51650049
51650050
51650051
51650052
51650053
51650054
51650055
51650056
51650057
51650058
51650059
51650060
51650061
51650062
51650063
51650064
51650065
51650066
51650067
51650068
51650069
51650070
51650071
51650072
51650073
51650074
51650075
51650076
51650077
51650078
51650079
51650080
51650081
51650082
51650083
51650084
51650085
51650086
51650087
51650088
51650089
51650090
51650091
51650092
51650093
51650094
51650095
51650096
51650097
51650098
51650099
51650100
51650101
51650102
51650103
51650104
51650105
51650106
51650107
51650478
51650479
51650480
51650481
51650482
51650483
51650484
51650485
51650486
51650487
51650488
51650489
51650490
51650491
51650492
51650493
51650494
51650495
51650496
51650497
51650498
51650499
51650500
51650501
51650502
51650503
51650504
51650505
51650506
51650507
51650508
51650509
51650510
51650511
51650512
51650513
51650514
51650515
51650516
51650517
51650518
51650519
51650520
51650521
51650522
51650523
51650524
51650525
51650526
51650527
51650528
51650529
51650530
51650531
51650532
51650533
51650534
51650535
51650536
51650537
51650538
51650539
51650540
51650541
51650542
51650543
51650544
51650545
51650546
51650547
51650548
51650549
51650550
51650551
51650552
51650553
51650554
51650555
51650556
51650557
51650558
51650559
51650560
51650561
51650562
51650563
51650564
51650565
51650566
51650567
51650568
51650569
51650570
51650571
51650572
51650573
51650574
51656320
51656321
51656322
51656323
51656324
51656325
51656326
51656327
51656328
51656329
51656330
51656331
51656332
51656333
51656334
51656335
51656336
51656337
51656338
51656339
51656340
51656341
51656342
51656343
51656344
51656345
51656346
51656347
51656348
51656349
51656350
51656351
51656352
51656353
51656354
51656355
51656356
51656357
51656358
51656359
51656360
51656361
51656362
51656363
51656364
51656365
51656366
51656367
51656368
51656369
51656370
51656371
51656372
51656373
51656374
51656375
51656376
51656377
51656378
51656379
51656380
51656381
51656382
51656383
51656384
51656385
51656386
51656387
51656388
51656389
51656390
51656391
51656392
51656393
51656394
51656395
51656396
51656397
51656398
51656399
51656400
51656401
51656402
51656403
51656404
51656405
51656406
51656407
51656408
51656409
51656410
51656411
51656412
51656413
51656414
51656415
51656416
51656417
51656418
51656419
51656420
51656421
51656422
51656423
51656424
51656425
51656426
51656427
51656428
51656429
51656430
51656431
51656432
51656433
51656434
51656435
51656436
51656437
51656438
51656439
51656440
51656441
51656442
51656443
51656444
51656445
51656446
51656447
51656448
51656449
51656450
51656451
51656452
51656453
51656454
51656455
51656456
51656457
51656458
51656459
51656460
51656461
51656462
51656463
51656464
51656465
51656466
51656467
51656468
51656469
51656470
51656471
51656472
51656473
51656474
51656475
51656476
51656477
51656478
51656479
51656480
51656481
51656482
51656483
51656484
51656485
51656486
51656487
51656488
51656489
51656490
51656491
51656492
51656493
51656494
51656495
51656496
51656497
51656498
51656499
51728375
51728376
51728377
51728378
51728379
51728380
51728381
51728382
51728383
51728384
51728385
51728386
51728387
51728388
51728389
51728390
51728391
51728392
51728393
51728394
51728395
51728396
51728397
51728398
51728399
51728400
51728401
51728402
51728403
51728404
51728405
51728406
51728407
51728408
51728409
51728410
51728411
51728474
51728475
51728476
51728477
51728478
51728479
51728480
51728481
51728482
51728483
51728484
51728485
51728486
51728487
51728488
51728489
51728490
51728491
51728492
51728493
51728494
51728495
51728496
51728497
51728498
51728499
51728500
51728501
51728502
51728503
51728504
51728505
51728506
51728507
51728508
51728509
51728510
51728511
51728512
51728513
51728514
51728515
51728516
51728517
51728518
51728519
51728520
51728521
51728522
51728523
51728524
51728525
51728526
51728527
51728528
51728529
51728530
51728531
51728532
51728533
51728534
51728535
51728536
51728537
51728538
51728539
51728540
51728541
51728542
51728543
51728544
51728545
51728546
51728547
51728548
51728549
51728550
51728551
51728552
51728553
51728554
51728555
51728556
51728557
51728558
51728559
51728560
51728561
51728562
51728563
51728564
51728565
51728566
51728567
51728568
51728569
51728570
51728571
51728572
51728573
51728574
51728575
51728576
51728577
51728578
51728579
51728580
51728581
51728582
51728583
51728584
51728585
51728586
51728587
51728588
51728589
51728590
51728591
51728592
51728593
51728594
51728595
51728596
51728597
51728598
51728599
51728600
51728601
51728602
51728603
51728604
51728605
51728606
51728607
51728608
51728609
51728610
51728611
51728612
51728613
51728614
51728615
51728616
51728617
51728618
51728619
51728620
51728621
51728622
51728623
51728624
51728625
51728626
51728627
51728628
51728629
51728630
51728631
51728632
51728633
51728634
51728635
51728636
51728637
51728638
51728639
51728640
51728641
51728642
51728643
51728644
51728645
51728646
51728647
51728648
51728649
51728650
51728651
51728652
51728653
51728654
51728655
51728656
51728657
51728658
51728659
51728660
51728661
51728662
51728663
51728664
51728665
51728666
51728667
51728668
51728669
51728670
51728671
51728672
51728673
51728674
51728675
51728676
51728677
51728678
51728679
51728680
51728681
51728682
51728683
51728684
51728685
51728686
51728687
51728688
51728689
51728690
51728691
51728692
51728693
51728694
51728695
51728696
51728697
51728698
51728699
51728700
51728701
51728702
51728703
51728704
51728705
51728706
51728707
51728708
51728709
51728710
51728711
51728712
51728713
51728714
51728715
51728716
51728717
51728718
51728719
51728720
51728721
51728722
51728723
51728724
51728725
51728726
51728727
51728728
51728729
51728730
51728731
51728732
51728733
51728734
51728735
51728736
51728737
51728738
51728739
51728740
51728741
51728742
51728743
51728744
51728745
51728746
51728747
51728748
51728749
51728750
51728751
51728752
51728753
51728754
51728755
51728756
51728757
51728758
51728759
51728760
51728761
51728762
51728763
51728764
51728765
51728766
51728767
51728768
51728769
51728770
51728771
51728772
51728773
51728774
51728775
51728776
51728777
51728778
51728779
51728780
51728781
51728782
51728783
51728784
51728785
51728786
51728787
51728788
51728789
51728790
51728791
51728792
51728793
51728794
51728795
51728796
51728797
51728798
51728799
51728800
51728801
51728802
51728803
51728804
51728805
51728806
51728807
51728808
51728809
51728810
51728811
51728812
51728813
51728814
51728815
51728816
51728817
51728818
51728819
51728820
51728821
51728822
51728823
51728824
51728825
51728826
51728827
51728828
51728829
51728830
51728831
51728832
51728833
51728834
51728835
51728836
51728837
51728838
51728839
51728840
51728841
51728842
51728843
51728844
51728845
51728846
51728847
51728848
51728849
51728850
51728851
51728852
51728853
51728854
51729059
51729060
51729061
51729062
51729063
51729064
51729065
51729066
51729067
51729068
51729069
51729070
51729071
51729072
51729073
51729074
51729075
51729076
51729077
51729078
51729079
51729080
51729081
51729082
51729083
51729084
51729085
51729086
51729087
51729088
51729089
51729090
51729091
51729092
51729093
51729094
51729095
51729096
51729097
51729098
51729099
51729100
51729101
51729102
51729103
51729104
51729105
51729106
51729107
51729108
51729109
51729110
51729111
51729112
51729113
51729114
51729115
51729116
51729117
51729118
51729119
51729120
51729121
51729122
51729123
51729124
51729125
51729126
51729127
51729128
51729129
51729130
51729131
51729132
51729133
51729134
51729135
51729136
51729137
51729138
51729139
51729140
51729141
51729142
51729143
51729144
51729145
51729146
51729147
51729148
51729149
51729150
51729151
51729152
51729153
51729154
51729155
51729156
51729157
51729158
51729159
51729160
51729161
51729162
51729163
51729164
51729165
51729166
51729167
51729168
51729169
51729170
51729171
51729172
51729173
51729174
51729175
51729176
51729177
51729178
51729179
51729180
51729181
51729182
51729183
51729184
51729185
51729186
51729187
51729188
51729189
51729190
51729191
51729192
51729193
51729194
51729195
51729196
51729197
51729198
51729199
51729200
51729201
51729202
51729203
51729204
51729205
51729206
51729207
51729208
51729209
51729210
51729211
51729212
51729213
51729214
51729215
51729216
51729217
51729218
51729219
51729220
51729221
51729222
51729223
51729224
51729225
51729226
51729227
51729228
51729229
51729230
51729231
51729232
51729233
51729234
51729235
51729236
51729237
51729238
51729239
51729240
51729241
51729242
51729243
51729244
51729245
51729246
51729247
51729248
51729249
51729250
51729251
51729252
51729253
51729254
51729255
51729256
51729257
51729258
51729259
51729260
51729261
51729262
51729263
51729264
51729265
51729266
51729267
51729268
51729269
51729270
51729271
51729272
51729273
51729274
51729275
51729276
51729277
51729278
51729279
51729280
51729281
51729282
51729283
51729284
51729285
51729286
51729287
51729288
51729289
51729290
51729291
51729292
51729293
51729294
51729295
51729296
51729297
51729298
51729299
51729300
51729301
51729302
51729303
51729304
51729305
51729306
51729307
51729308
51729309
51729310
51729311
51729312
51729313
51729314
51729315
51729316
51729317
51729318
51729319
51729320
51729321
51729322
51729323
51729324
51729325
51729326
51729327
51729328
51729329
51729330
51729331
51729332
51729333
51729334
51729335
51729336
51729337
51729565
51729566
51729567
51729568
51729569
51729570
51729571
51729572
51729573
51729574
51729575
51729576
51729577
51729578
51729579
51729580
51729581
51729582
51729583
51729584
51729585
51729586
51729587
51729588
51729589
51729590
51729591
51729592
51729593
51729594
51729595
51729596
51729597
51729598
51729599
51729600
51729601
51729602
51729603
51729604
51729605
51729606
51729607
51729608
51729609
51729610
51729611
51729612
51738412
51738413
51738414
51738415
51738416
51738417
51738418
51738419
51738420
51738421
51738422
51738423
51738424
51738425
51738426
51738427
51738428
51738429
51738430
51738431
51738432
51738433
51738434
51738435
51738436
51738437
51738438
51738439
51738440
51738441
51738442
51738443
51738444
51738445
51738446
51738447
51738448
51738449
51738450
51738451
51738452
51738453
51738454
51738455
51738456
51738457
51738458
51738459
51738460
51738461
51738462
51738463
51738464
51738465
51738466
51738467
51738468
51738469
51738470
51738471
51738472
51738473
51738474
51738475
51738476
51738477
51738478
51738479
51738480
51738481
51738482
51738483
51738484
51738485
51738486
51738487
51738488
51738489
51738490
51738491
51738492
51738493
51738494
51738495
51738496
51738497
51738498
51738499
51738500
51738501
51738502
51738503
51738504
51738505
51738506
51738507
51738508
51738850
51738851
51738852
51738853
51738854
51738855
51738856
51738857
51738858
51738859
51738860
51738861
51738862
51738863
51738864
51738865
51738866
51738867
51738868
51738869
51738870
51738871
51738872
51738873
51738874
51738875
51738876
51738877
51738878
51738879
51738880
51738881
51738882
51738883
51738884
51738885
51738886
51738887
51738888
51738889
51738890
51738891
51738892
51738893
51738894
51738895
51738896
51738897
51738898
51738899
51738900
51738901
51738902
51738903
51738904
51738905
51738906
51738907
51738908
51738909
51738910
51738911
51738912
51738913
51738914
51738915
51738916
51738917
51738918
51738919
51738920
51738921
51738922
51738923
51738924
51738925
51738926
51738927
51738928
51738929
51738930
51738931
51742773
51742774
51742775
51742776
51742777
51742778
51742779
51742780
51742781
51742782
51742783
51742784
51742785
51742786
51742787
51742788
51742789
51742790
51742791
51742792
51742793
51742794
51742795
51742796
51742797
51742798
51742799
51742800
51742801
51742802
51742803
51742804
51742805
51742806
51742807
51742808
51742809
51742810
51742811
51742812
51742813
51742814
51742815
51742816
51742817
51742818
51742819
51742820
51742821
51742822
51742823
51742824
51742825
51742826
51742827
51742828
51742829
51742830
51742831
51742832
51742833
51742834
51742835
51742836
51742837
51742838
51742839
51742840
51742841
51742842
51742843
51742844
51742845
51742846
51742847
51742848
51742849
51742850
51742851
51742852
51742853
51742854
51742855
51742856
51742857
51742858
51742859
51742860
51742861
51742862
51742863
51742864
51742865
51742866
51742867
51742868
51742869
51742870
51742871
51742872
51742873
51742874
51742875
51742876
51742877
51742878
51742879
51742880
51742881
51742882
51742883
51742884
51742885
51742886
51742887
51742888
51742889
51742890
51742891
51742892
51742893
51742894
51742895
51742896
51742897
51742898
51742899
51742900
51742901
51742902
51742903
51742904
51742905
51742906
51742907
51742908
51742909
51742910
51742911
51742912
51742913
51742914
51742915
51742916
51742917
51742918
51742919
51742920
51742921
51742922
51742923
51742924
51742925
51742926
51742927
51742928
51742929
51742930
51742931
51742932
51742933
51742934
51742935
51742936
51742937
51742938
51742939
51742940
