5455503
5455504
5455505
5455506
5455507
5455508
5455509
5455510
5455511
5455512
5455513
5455514
5455515
5455516
5455517
5455518
5455519
5455520
5455521
5455522
5455523
5455524
5455525
5455526
5455527
5455528
5455529
5455530
5455531
5455532
5455533
5455534
5455535
5455536
5455537
5455538
5455539
5455540
5455541
5455542
5455543
5455544
5455545
5455546
5455547
5455548
5455549
5455550
5455551
5455552
5455553
5455554
5455555
5455556
5455557
5455558
5455559
5455560
5455561
5455562
5455563
5455564
5455565
5455566
5455567
5455568
5455569
5455570
5455571
5455572
5455573
5455574
5455575
5455576
5455577
5455578
5455579
5455580
5455581
5455582
5455583
5455584
5455585
5455586
5455587
5455588
5455589
5455590
5455591
5455592
5455593
5455594
5455595
5455596
5455597
5455598
5455599
5455600
5455601
5455602
5455603
5455604
5455605
5455606
5455607
5455608
5455609
5455610
5455611
5455612
5455613
5455614
5455615
5455616
5455617
5455618
5455619
5455620
5455621
5455622
5455623
5455624
5455625
5455626
5455627
5455628
5455629
5455630
5455631
5455632
5455633
5455634
5455635
5455636
5455637
5455638
5455639
5455640
5455641
5455642
5455643
5455644
5455645
5455646
5455647
5455648
5455649
5455650
5455651
5455652
5455653
5455654
5455655
5455656
5455657
5455658
5455659
5455660
5455661
5455662
5455663
5455664
5455665
5455666
5455667
5455668
5455669
5455670
5455671
5455672
5455673
5455674
5455675
5455676
5455677
5455678
5455679
5455680
5455681
5455682
5455683
5455684
5455685
5455686
5455687
5455688
5455689
5455690
5455691
5455692
5455693
5455694
5455695
5455696
5455697
5455698
5455699
5455700
5455701
5455702
5455703
5455704
5455705
5455706
5455707
5455708
5455709
5455710
5455711
5455712
5455713
5455714
5455715
5455716
5455717
5455718
5455719
5455720
5455721
5455722
5455723
5455724
5455725
5455726
5455727
5455728
5455729
5455730
5455731
5455732
5455733
5455734
5455735
5455736
5455737
5455738
5455739
5455740
5455741
5455742
5455743
5455744
5455745
5455746
5455747
5455748
5455749
5455750
5455751
5455752
5455753
5455754
5455755
5455756
5455757
5455758
5455759
5455760
5455761
5455762
5455763
5455764
5455765
5455766
5455767
5455768
5455769
5455770
5455771
5455772
5455773
5455774
5455775
5455776
5455777
5455778
5455779
5455780
5455781
5455782
5455783
5455784
5455785
5455786
5455787
5455788
5455789
5455790
5455791
5455792
5455793
5455794
5455795
5455796
5455797
5455798
5455799
5455800
5455801
5455802
5455803
5455804
5455805
5455806
5455807
5455808
5455809
5455810
5455811
5455812
5455813
5455814
5455815
5455816
5455817
5455818
5455819
5455820
5455821
5455822
5455823
5455824
5455825
5455826
5455827
5455828
5455829
5455830
5455831
5455832
5455833
5455834
5455835
5455836
5455837
5455838
5455839
5455840
5455841
5455842
5455843
5455844
5455845
5455846
5455847
5455848
5455849
5455850
5455851
5455852
5455853
5455854
5455855
5455856
5455857
5455858
5455859
5455860
5455861
5455862
5455863
5455864
5455865
5455866
5455867
5455868
5455869
5455870
5455871
5455872
5455873
5455874
5455875
5455876
5455877
5455878
5455879
5455880
5455881
5455882
5455883
5455884
5455885
5455886
5455887
5455888
5455889
5455890
5455891
5455892
5455893
5455894
5455895
5455896
5455897
5455898
5455899
5455900
5455901
5455902
5455903
5455904
5455905
5455906
5455907
5455908
5455909
5455910
5455911
5455912
5455913
5455914
5455915
5455916
5455917
5455918
5455919
5455920
5455921
5455922
5455923
5455924
5455925
5455926
5455927
5455928
5455929
5455930
5455931
5455932
5455933
5455934
5455935
5455936
5455937
5455938
5455939
5455940
5455941
5455942
5455943
5455944
5455945
5455946
5455947
5455948
5455949
5455950
5455951
5455952
5455953
5455954
5455955
5455956
5455957
5455958
5455959
5455960
5455961
5455962
5455963
5455964
5455965
5455966
5455967
5455968
5455969
5455970
5455971
5455972
5455973
5455974
5455975
5455976
5455977
5455978
5455979
5455980
5455981
5455982
5455983
5455984
5455985
5455986
5455987
5455988
5455989
5455990
5455991
5455992
5455993
5455994
5455995
5455996
5455997
5455998
5455999
5456000
5456001
5456002
5456003
5456004
5456005
5456006
5456007
5456008
5456009
5456010
5456011
5456012
5456013
5456014
5456015
5456016
5456017
5456018
5456019
5456020
5456021
5456022
5456023
5456024
5456025
5456026
5456027
5456028
5456029
5456030
5456031
5456032
5456033
5456034
5456035
5456036
5456037
5456038
5456039
5456040
5456041
5456042
5456043
5456044
5456045
5456046
5456047
5456048
5456049
5456050
5456051
5456052
5456053
5456054
5456055
5456056
5456057
5456058
5456059
5456060
5456061
5456062
5456063
5456064
5456065
5456066
5456067
5456068
5456069
5456070
5456071
5456072
5456073
5456074
5456075
5456076
5456077
5456078
5456079
5456080
5456081
5456082
5456083
5456084
5456085
5456086
5456087
5456088
5456089
5456090
5456091
5456092
5456093
5456094
5456095
5456096
5456097
5456098
5456099
5456100
5456101
5456102
5456103
5456104
5456105
5456106
5456107
5456108
5456109
5456110
5456111
5456112
5456113
5456114
5456115
5456116
5456117
5456118
5456119
5456120
5456121
5456122
5456123
5456124
5456125
5456126
5456127
5456128
5456129
5456130
5456131
5456132
5456133
5456134
5456135
5456136
5456137
5456138
5456139
5456140
5456141
5456142
5456143
5456144
5456145
5456146
5456147
5456148
5456149
5456150
5456151
5456152
5456153
5456154
5456155
5456156
5456157
5456158
5456159
5456160
5456161
5456162
5456163
5456164
5456165
5456166
5456167
5456168
5456169
5456170
5456171
5456172
5456173
5456174
5456175
5456176
5456177
5456178
5456179
5456180
5456181
5456182
5456183
5456184
5456185
5456186
5456187
5456188
5456189
5456190
5456191
5456192
5456193
5456194
5456195
5456196
5456197
5456198
5456199
5456200
5456201
5456202
5456203
5456204
5456205
5456206
5456207
5456208
5456209
5456210
5456211
5456212
5456213
5456214
5456215
5456216
5456217
5456218
5456219
5456220
5456221
5456222
5456223
5456224
5456225
5456226
5456227
5456228
5456229
5456230
5456231
5456232
5456233
5456234
5456235
5456236
5456237
5456238
5456239
5456240
5456241
5456242
5456243
5456244
5456245
5456246
5456247
5456248
5456249
5456250
5456251
5456252
5456253
5456254
5456255
5456256
5456257
5456258
5456259
5456260
5456261
5456262
5456263
5456264
5456265
5456266
5456267
5456268
5456269
5456270
5456271
5456272
5456273
5456274
5456275
5456276
5456277
5456278
5456279
5456280
5456281
5456282
5456283
5456284
5456285
5456286
5456287
5456288
5456289
5456290
5456291
5456292
5456293
5456294
5456295
5456296
5456297
5456298
5456299
5456300
5456301
5456302
5456303
5456304
5456305
5456306
5456307
5456308
5456309
5456310
5456311
5456312
5456313
5456314
5456315
5456316
5456317
5456318
5456319
5456320
5456321
5456322
5456323
5456324
5456325
5456326
5456327
5456328
5456329
5456330
5456331
5456332
5456333
5456334
5456335
5456336
5456337
5456338
5456339
5456340
5456341
5456342
5456343
5456344
5456345
5456346
5456347
5456348
5456349
5456350
5456351
5456352
5456353
5456354
5456355
5456356
5456357
5456358
5456359
5456360
5456361
5456362
5456363
5456364
5456365
5456366
5456367
5456368
5456369
5456370
5456371
5456372
5456373
5456374
5456375
5456376
5456377
5456378
5456379
5456380
5456381
5456382
5456383
5456384
5456385
5456386
5456387
5456388
5456389
5456390
5456391
5456392
5456393
5456394
5456395
5456396
5456397
5456398
5456399
5456400
5456401
5456402
5456403
5456404
5456405
5456406
5456407
5456408
5456409
5456410
5456411
5456412
5456413
5456414
5456415
5456416
5456417
5456418
5456419
5456420
5456421
5456422
5456423
5456424
5456425
5456426
5456427
5456428
5456429
5456430
5456431
5456432
5456433
5456434
5456435
5456436
5456437
5456438
5456439
5456440
5456441
5456442
5456443
5456444
5456445
5456446
5456447
5456448
5456449
5456450
5456451
5456452
5456453
5456454
5456455
5456456
5456457
5456458
5456459
5456460
5456461
5456462
5456463
5456464
5456465
5456466
5456467
5456468
5456469
5456470
5456471
5456472
5456473
5456474
5456475
5456476
5456477
5456478
5456479
5456480
5456481
5456482
5456483
5456484
5456485
5456486
5456487
5456488
5456489
5456490
5456491
5456492
5456493
5456494
5456495
5456496
5456497
5456498
5456499
5456500
5456501
5456502
5456503
5456504
5456505
5456506
5456507
5456508
5456509
5456510
5456511
5456512
5456513
5456514
5456515
5456516
5456517
5456518
5456519
5456520
5456521
5456522
5456523
5456524
5456525
5456526
5456527
5456528
5456529
5456530
5456531
5456532
5456533
5456534
5456535
5456536
5456537
5456538
5456539
5456540
5456541
5456542
5456543
5456544
5456545
5456546
5456547
5456548
5456549
5456550
5456551
5456552
5456553
5456554
5456555
5456556
5456557
5456558
5456559
5456560
5456561
5456562
5456563
5456564
5456565
5456566
5456567
5456568
5456569
5456570
5456571
5456572
5456573
5456574
5456575
5456576
5456577
5456578
5456579
5456580
5456581
5456582
5456583
5456584
5456585
5456586
5456587
5456588
5456589
5456590
5456591
5456592
5456593
5456594
5456595
5456596
5456597
5456598
5456599
5456600
5456601
5456602
5456603
5456604
5456605
5456606
5456607
5456608
5456609
5456610
5456611
5456612
5456613
5456614
5456615
5456616
5456617
5456618
5456619
5456620
5456621
5456622
5456623
5456624
5456625
5456626
5456627
5456628
5456629
5456630
5456631
5456632
5456633
5456634
5456635
5456636
5456637
5456638
5456639
5456640
5456641
5456642
5456643
5456644
5456645
5456646
5456647
5456648
5456649
5456650
5456651
5456652
5456653
5456654
5456655
5456656
5456657
5456658
5456659
5456660
5456661
5456662
5456663
5456664
5456665
5456666
5456667
5456668
5456669
5456670
5456671
5456672
5456673
5456674
5456675
5456676
5456677
5456678
5456679
5456680
5456681
5456682
5456683
5456684
5456685
5456686
5456687
5456688
5456689
5456690
5456691
5456692
5456693
5456694
5456695
5456696
5456697
5456698
5456699
5456700
5456701
5456702
5456703
5456704
5456705
5456706
5456707
5456708
5456709
5456710
5456711
5456712
5456713
5456714
5456715
5456716
5456717
5456718
5456719
5456720
5456721
5456722
5456723
5456724
5456725
5456726
5456727
5456728
5456729
5456730
5456731
5456732
5456733
5456734
5456735
5456736
5456737
5456738
5456739
5456740
5456741
5456742
5456743
5456744
5456745
5456746
5456747
5456748
5456749
5456750
5456751
5456752
5456753
5456754
5456755
5456756
5456757
5456758
5456759
5456760
5456761
5456762
5456763
5456764
5456765
5456766
5456767
5456768
5456769
5456770
5456771
5456772
5456773
5456774
5456775
5456776
5456777
5456778
5456779
5456780
5456781
5456782
5456783
5456784
5456785
5456786
5456787
5456788
5456789
