53357511
53357512
53357513
53357514
53357515
53357516
53357517
53357518
53357519
53357520
53357521
53357522
53357523
53357524
53357525
53352340
53352341
53352342
53352343
53352344
53352345
53352346
53352347
53352348
53352349
53352350
53352351
53352352
53352353
53352354
53352355
53352356
53352357
53352358
53352359
53352360
53352361
53352362
53352363
53352364
53352365
53352366
53352367
53352368
53352369
53352370
53352371
53352372
53352373
53352374
53352375
53352376
53352377
53352378
53352379
53352380
53352381
53352382
53352383
53352384
53352385
53352386
53352387
53352388
53352389
53352390
53352391
53352392
53352393
53352394
53352395
53352396
53352397
53352398
53352399
53352400
53352401
53352402
53352403
53352404
53352405
53352406
53352407
53352408
53352409
53352410
53352411
53352412
53352413
53352414
53352415
53352416
53352417
53352418
53352419
53352420
53352421
53352422
53352423
53352424
53352425
53352426
53352427
53352428
53352429
53352430
53352431
53352432
53352433
53352434
53352435
53352436
53352437
53352438
53352439
53352440
53352441
53352442
53352443
53352444
53352445
53352446
53352447
53352448
53352449
53352450
53352451
53352452
53352453
53352454
53352455
53352456
53352457
53352458
53352459
53352460
53352461
53352462
53352463
53352464
53352465
53352466
53343981
53343982
53343983
53343984
53343985
53343986
53343987
53343988
53343989
53343990
53343991
53343992
53343993
53343994
53343995
53343996
53343997
53343998
53343999
53344000
53344001
53344002
53344003
53344004
53344005
53344006
53344007
53344008
53344009
53344010
53344011
53344012
53344013
53344014
53344015
53344016
53344017
53344018
53344019
53344020
53344021
53344022
53344023
53344024
53344025
53344026
53344027
53344028
53344029
53344030
53344031
53344032
53344033
53344034
53344035
53344036
53344037
53344038
53344039
53344040
53344041
53344042
53344043
53344044
53344045
53344046
53344047
53344048
53344049
53344050
53344051
53344052
53344053
53344054
53344055
53344056
53344057
53344058
53344059
53344060
53344061
53344062
53344063
53344064
53344065
53344066
53344067
53344068
53344069
53344070
53344071
53344072
53344073
53344074
53344075
53344076
53344077
53344078
53344079
53344080
53344081
53344082
53344083
53344084
53344085
53344086
53344087
53344088
53344089
53344090
53344091
53344092
53344093
53344094
53344095
53344096
53344097
53344098
53344099
53344100
53344101
53344102
53344103
53344104
53344105
53344106
53344107
53344108
53344109
53344110
53344111
53344112
53344113
53344114
53344115
53344116
53344117
53344118
53344119
53344120
53344121
53344122
53344123
53344124
53344125
53344126
53344127
53344128
53344129
53344130
53344131
53344132
53344133
53344134
53344135
53344136
53344137
53344138
53344139
53344140
53344141
53344142
53344143
53344144
53344145
53344146
53344147
53344148
53344149
53344150
53344151
53344152
53344153
53344154
53344155
53344156
53344157
53344158
53344159
53344160
53344161
53344162
53344163
53344164
53344165
53344166
53344167
53344168
53344169
53344170
53344171
53344172
53344173
53344174
53344175
53344176
53344177
53344178
53344179
53344180
53344181
53344182
53344183
53344184
53344185
53344186
53344187
53344188
53344189
53344190
53344191
53344192
53344193
53344194
53344195
53344196
53344197
53344198
53344199
53344200
53344201
53344202
53344203
53344204
53344205
53344206
53344207
53344208
53344209
53344210
53344211
53344212
53344213
53344214
53344215
53344216
53344217
53344218
53344219
53344220
53344221
53344222
53344223
53344224
53344225
53344226
53344227
53344228
53344229
53344230
53344231
53344232
53344233
53344234
53344235
53344236
53344237
53344238
53344239
53344240
53344241
53344242
53344243
53344244
53344245
53344246
53344247
53344248
53344249
53344250
53344251
53344252
53344253
53344254
53344255
53344256
53344257
53344258
53344259
53344260
53344261
53344262
53344263
53344264
53344265
53344266
53344267
53344268
53344269
53344270
53344271
53344272
53344273
53344274
53344275
53344276
53344277
53344278
53344279
53344280
53344281
53344282
53344283
53344284
53344285
53344286
53344287
53344288
53344289
53344290
53344291
53344292
53344293
53344294
53344295
53344296
53344297
53344298
53344299
53344300
53344301
53344302
53344303
53344304
53344305
53344306
53344307
53344308
53344309
53344310
53344311
53344312
53344313
53344314
53344315
53344316
53344317
53344318
53344319
53344320
53344321
53344322
53344323
53344324
53344325
53344326
53344327
53344328
53344329
53344330
53344331
53344332
53344333
53344334
53344335
53344336
53344337
53344338
53344339
53344340
53344341
53344342
53344343
53344344
53344345
53344346
53344347
53344348
53344349
53344350
53344351
53344352
53344353
53344354
53344355
53344356
53344357
53344358
53344359
53344360
53344361
53344362
53344363
53344364
53344365
53344366
53344367
53344368
53344369
53344370
53344371
53344372
53344373
53344374
53344375
53344376
53344377
53344378
53344379
53344380
53344381
53344382
53344383
53344384
53344385
53344386
53344387
53344388
53344389
53344390
53344391
53344392
53344393
53344394
53344395
53344396
53344397
53344398
53344399
53344400
53344401
53344402
53344403
53344404
53344405
53344406
53344407
53344408
53344409
53344410
53344411
53344412
53344413
53344414
53344415
53344416
53344417
53344418
53344419
53344420
53344421
53344422
53344423
53344424
53344425
53344426
53344427
53344428
53344429
53344430
53344431
53344432
53344433
53344434
53344435
53344436
53344437
53344438
53344439
53344440
53344441
53344442
53344443
53344444
53344445
53344446
53344447
53344448
53344449
53344450
53344451
53344452
53344453
53344454
53344455
53344456
53344457
53344458
53344459
53344460
53344461
53344462
53344463
53344464
53344465
53344466
53344467
53344468
53344469
53344470
53344471
53344472
53344473
53344474
53344475
53344476
53344477
53344478
53344479
53344480
53344481
53344482
53344483
53344484
53344485
53344486
53344487
53344488
53344489
53344490
53344491
53344492
53344493
53344494
53344495
53344496
53344497
53344498
53344499
53344500
53344501
53344502
53344503
53344504
53344505
53344506
53344507
53344508
53344509
53344510
53344511
53344512
53344513
53344514
53344515
53344516
53344517
53344518
53344519
53344520
53344521
53344522
53344523
53344524
53344525
53344526
53344527
53344528
53344529
53344530
53344531
53344532
53344533
53344534
53344535
53344536
53344537
53344538
53344539
53344540
53344541
53344542
53344543
53344544
53344545
53344546
53344547
53344548
53344549
53344550
53344551
53344552
53344553
53344554
53344555
53344556
53344557
53344558
53344559
53344560
53344561
53344562
53344563
53344564
53344565
53344566
53344567
53344568
53344569
53344570
53344571
53344572
53344573
53344574
53344575
53344576
53344577
53344578
53344579
53344580
53344581
53344582
53344583
53344584
53344585
53344586
53344587
53344588
53344589
53344590
53344591
53344592
53344593
53344594
53344595
53344596
53344597
53344598
53344599
53344600
53344601
53344602
53344603
53344604
53344605
53344606
53344607
53344608
53344609
53344610
53344611
53344612
53344613
53344614
53344615
53344616
53344617
53344618
53344619
53344620
53344621
53344622
53344623
53344624
53344625
53344626
53344627
53344628
53344629
53344630
53344631
53344632
53344633
53344634
53344635
53344636
53344637
53344638
53344639
53344640
53344641
53344642
53344643
53344644
53344645
53344646
53344647
53344648
53344649
53344650
53344651
53344652
53344653
53344654
53344655
53344656
53344657
53344658
53344659
53344660
53344661
53344662
53344663
53344664
53344665
53344666
53344667
53344668
53344669
53344670
53344671
53344672
53344673
53344674
53344675
53344676
53344677
53344678
53344679
53344680
53344681
53344682
53344683
53344684
53344685
53344686
53344687
53344688
53344689
53344690
53344691
53344692
53344693
53344694
53344695
53344696
53344697
53344698
53344699
53344700
53344701
53344702
53344703
53344704
53344705
53344706
53344707
53344708
53344709
53344710
53344711
53344712
53344713
53344714
53344715
53344716
53344717
53344718
53344719
53344720
53344721
53344722
53344723
53344724
53344725
53344726
53344727
53344728
53344729
53344730
53344731
53344732
53344733
53344734
53344735
53344736
53344737
53344738
53344739
53344740
53344741
53344742
53344743
53344744
53344745
53344746
53344747
53344748
53344749
53344750
53344751
53344752
53344753
53344754
53344755
53344756
53344757
53344758
53344759
53344760
53344761
53344762
53344763
53344764
53344765
53344766
53344767
53344768
53344769
53344770
53344771
53344772
53344773
53344774
53344775
53344776
53344777
53344778
53344779
53344780
53344781
53344782
53344783
53344784
53344785
53344786
53344787
53344788
53344789
53344790
53344791
53344792
53344793
53344794
53344795
53344796
53344797
53344798
53344799
53344800
53344801
53344802
53344803
53344804
53344805
53344806
53344807
53344808
53344809
53344810
53344811
53344812
53344813
53344814
53344815
53344816
53344817
53344818
53344819
53344820
53344821
53344822
53344823
53344824
53344825
53344826
53344827
53344828
53344829
53344830
53344831
53344832
53344833
53344834
53344835
53344836
53344837
53344838
53344839
53344840
53344841
53344842
53344843
53344844
53344845
53344846
53344847
53344848
53344849
53344850
53344851
53344852
53344853
53344854
53344855
53344856
53344857
53344858
53344859
53344860
53344861
53344862
53344863
53344864
53344865
53344866
53344867
53344868
53344869
53344870
53344871
53344872
53344873
53344874
53344875
53344876
53344877
53344878
53344879
53344880
53344881
53344882
53344883
53344884
53344885
53344886
53344887
53344888
53344889
53344890
53344891
53344892
53344893
53344894
53344895
53344896
53344897
53344898
53344899
53344900
53344901
53344902
53344903
53344904
53344905
53344906
53344907
53344908
53344909
53344910
53344911
53344912
53344913
53344914
53344915
53344916
53344917
53344918
53344919
53344920
53344921
53344922
53344923
53344924
53344925
53344926
53344927
53344928
53344929
53344930
53344931
53344932
53344933
53344934
53344935
53344936
53344937
53344938
53344939
53344940
53344941
53344942
53344943
53344944
53344945
53344946
53344947
53344948
53344949
53344950
53344951
53344952
53344953
53344954
53344955
53344956
53344957
53344958
53344959
53344960
53344961
53344962
53344963
53344964
53344965
53344966
53344967
53344968
53344969
53344970
53344971
53344972
53344973
53344974
53344975
53344976
53344977
53344978
53344979
53344980
53344981
53344982
53344983
53344984
53344985
53344986
53344987
53344988
53344989
53344990
53344991
53344992
53344993
53344994
53344995
53344996
53344997
53344998
53344999
53345000
53345001
53345002
53345003
53345004
53345005
53345006
53345007
53345008
53345009
53345010
53345011
53345012
53345013
53345014
53345015
53345016
53345017
53345018
53345019
53345020
53345021
53345022
53345023
53345024
53345025
53345026
53345027
53345028
53345029
53345030
53345031
53345032
53345033
53345034
53345035
53345036
53345037
53345038
53345039
53345040
53345041
53345042
53345043
53345044
53345045
53345046
53345047
53345048
53345049
53345050
53345051
53345052
53345053
53345054
53345055
53345056
53345057
53345058
53345059
53345060
53345061
53345062
53345063
53345064
53345065
53345066
53345067
53345068
53345069
53345070
53345071
53345072
53345073
53345074
53345075
53345076
53345077
53345078
53345079
53345080
53345081
53345082
53345083
53345084
53345085
53345086
53345087
53345088
53345089
53345090
53345091
53345092
53345093
53345094
53345095
53345096
53345097
53345098
53345099
53345100
53345101
53345102
53345103
53345104
53345105
53345106
53345107
53345108
53345109
53345110
53345111
53345112
53345113
53345114
53345115
53345116
53345117
53345118
53345119
53345120
53345121
53345122
53345123
53345124
53345125
53345126
53345127
53345128
53345129
53345130
53345131
53345132
53345133
53345134
53345135
53345136
53345137
53345138
53345139
53345140
53345141
53345142
53345143
53345144
53345145
53345146
53345147
53345148
53345149
53345150
53345151
53345152
53345153
53345154
53345155
53345156
53345157
53345158
53345159
53345160
53345161
53345162
53345163
53345164
53345165
53345166
53345167
53345168
53345169
53345170
53345171
53345172
53345173
53345174
53345175
53345176
53345177
53345178
53345179
53345180
53345181
53345182
53345183
53345184
53345185
53345186
53345187
53345188
53345189
53345190
53345191
53345192
53345193
53345194
53345195
53345196
53345197
53345198
53345199
53345200
53345201
53345202
53345203
53345204
53345205
53345206
53345207
53345208
53345209
53345210
53345211
53345212
53345213
53345214
53345215
53345216
53345217
53345218
53345219
53345220
53345221
53345222
53345223
53345224
53345225
53345226
53345227
53345228
53345229
53345230
53345231
53345232
53345233
53345234
53345235
53345236
53345237
53345238
53345239
53345240
53345241
53345242
53345243
53345244
53345245
53345246
53345247
53345248
53345249
53345250
53345251
53345252
53345253
53345254
53345255
53345256
53345257
53345258
53345259
53345260
53345261
53345262
53345263
53345264
53345265
53345266
53345267
53345268
53345269
53345270
53345271
53345272
53345273
53345274
53345275
53345276
53345277
53345278
53345279
53345280
53345281
53345282
53345283
53345284
53345285
53345286
53345287
53345288
53345289
53345290
53345291
53345292
53345293
53345294
53345295
53345296
53345297
53345298
53345299
53345300
53345301
53345302
53345303
53345304
53345305
53345306
53345307
53345308
53345309
53345310
53345311
53345312
53345313
53345314
53345315
53345316
53345317
53345318
53345319
53345320
53345321
53345322
53345323
53345324
53345325
53345326
53345327
53345328
53345329
53345330
53345331
53345332
53345333
53345334
53345335
53345336
53345337
53345338
53345339
53345340
53345341
53345342
53345343
53345344
53345345
53345346
53345347
53345348
53345349
53345350
53345351
53345352
53345353
53345354
53345355
53345356
53345357
53345358
53345359
53345360
53345361
53345362
53345363
53345364
53345365
53345366
53345367
53345368
53345369
53345370
53345371
53345372
53345373
53345374
53345375
53345376
53345377
53345378
53345379
53345380
53345381
53345382
53345383
53345384
53345385
53345386
53345387
53345388
53345389
53345390
53345391
53345392
53345393
53345394
53345395
53345396
53345397
53345398
53345399
53345400
53345401
53345402
53345403
53345404
53393494
53393495
53393496
53393497
53393498
53393499
53393500
53393501
53393502
53393503
53393504
53393505
53393506
53393507
53393508
53391380
53391381
53391382
53391383
53391384
53391385
53391386
53391387
53391388
53391389
53391390
53391391
53391392
53391393
53391394
53391395
53391396
53391397
53391398
53391399
53391400
53391401
53391402
53391403
53391404
53391405
53391406
53391407
53391408
53391409
53391410
53391411
53391412
53391413
53391414
53391415
53391416
53391417
53391418
53391419
53391420
53391421
53391422
53391423
53391424
53391425
53391426
53391427
53391428
53391429
53391430
53391431
53391432
53391433
53391434
53391435
53391436
53391437
53391438
53391439
53391440
53391441
53391442
53391443
53391444
53391445
53391446
53391447
53391448
53391449
53391450
53391451
53391452
53391453
53391454
53391455
53391456
53391457
53391458
53391459
53391460
53391461
53391462
53391463
53391464
53391465
53391466
53391467
53391468
53391469
53391470
53391471
53391472
53391473
53391474
53391475
53391476
53391477
53391478
53391479
53391480
53391481
53391482
53391483
53391484
53391485
53391486
53391487
53391488
53391489
53391490
53391491
53391492
53391493
53391494
53391495
53391496
53391497
53391498
53391499
53391500
53391501
53391502
53391503
53391504
53391505
53391506
53383852
53383853
53383854
53383855
53383856
53383857
53383858
53383859
53383860
53383861
53383862
53383863
53383864
53383865
53383866
53383867
53383868
53383869
53383870
53383871
53383872
53383873
53383874
53383875
53383876
53383877
53383878
53383879
53383880
53383881
53383882
53383883
53383884
53383885
53383886
53383887
53383888
53383889
53383890
53383891
53383892
53383893
53383894
53383895
53383896
53383897
53383898
53383899
53383900
53383901
53383902
53383903
53383904
53383905
53383906
53383907
53383908
53383909
53383910
53383911
53383912
53383913
53383914
53383915
53383916
53383917
53383918
53383919
53383920
53383921
53383922
53383923
53383924
53383925
53383926
53383927
53383928
53383929
53383930
53383931
53383932
53383933
53383934
53383935
53383936
53383937
53383938
53383939
53383940
53383941
53383942
53383943
53383944
53383945
53383946
53383947
53383948
53383949
53383950
53383951
53383952
53383953
53383954
53383955
53383956
53383957
53383958
53383959
53383960
53383961
53383962
53383963
53383964
53383965
53383966
53383967
53383968
53383969
53383970
53383971
53383972
53383973
53383974
53383975
53383976
53383977
53383978
53383979
53383980
53383981
53383982
53383983
53383984
53383985
53383986
53383987
53383988
53383989
53383990
53383991
53383992
53383993
53383994
53383995
53383996
53383997
53383998
53383999
53384000
53384001
53384002
53384003
53384004
53384005
53384006
53384007
53384008
53384009
53384010
53384011
53384012
53384013
53384014
53384015
53384016
53384017
53384018
53384019
53384020
53384021
53384022
53384023
53384024
53384025
53384026
53384027
53384028
53384029
53384030
53384031
53384032
53384033
53384034
53384035
53384036
53384037
53384038
53384039
53384040
53384041
53384042
53384043
53384044
53384045
53384046
53384047
53384048
53384049
53384050
53384051
53384052
53384053
53384054
53384055
53384056
53384057
53384058
53384059
53384060
53384061
53384062
53384063
53384064
53384065
53384066
53384067
53384068
53384069
53384070
53384071
53384072
53384073
53384074
53384075
53384076
53384077
53384078
53384079
53384080
53384081
53384082
53384083
53384084
53384085
53384086
53384087
53384088
53384089
53384090
53384091
53384092
53384093
53384094
53384095
53384096
53384097
53384098
53384099
53384100
53384101
53384102
53384103
53384104
53384105
53384106
53384107
53384108
53384109
53384110
53384111
53384112
53384113
53384114
53384115
53384116
53384117
53384118
53384119
53384120
53384121
53384122
53384123
53384124
53384125
53384126
53384127
53384128
53384129
53384130
53384131
53384132
53384133
53384134
53384135
53384136
53384137
53384138
53384139
53384140
53384141
53384142
53384143
53384144
53384145
53384146
53384147
53384148
53384149
53384150
53384151
53384152
53384153
53384154
53384155
53384156
53384157
53384158
53384159
53384160
53384161
53384162
53384163
53384164
53384165
53384166
53384167
53384168
53384169
53384170
53384171
53384172
53384173
53384174
53384175
53384176
53384177
53384178
53384179
53384180
53384181
53384182
53384183
53384184
53384185
53384186
53384187
53384188
53384189
53384190
53384191
53384192
53384193
53384194
53384195
53384196
53384197
53384198
53384199
53384200
53384201
53384202
53384203
53384204
53384205
53384206
53384207
53384208
53384209
53384210
53384211
53384212
53384213
53384214
53384215
53384216
53384217
53384218
53384219
53384220
53384221
53384222
53384223
53384224
53384225
53384226
53384227
53384228
53384229
53384230
53384231
53384232
53384233
53384234
53384235
53384236
53384237
53384238
53384239
53384240
53384241
53384242
53384243
53384244
53384245
53384246
53384247
53384248
53384249
53384250
53384251
53384252
53384253
53384254
53384255
53384256
53384257
53384258
53384259
53384260
53384261
53384262
53384263
53384264
53384265
53384266
53384267
53384268
53384269
53384270
53384271
53384272
53384273
53384274
53384275
53384276
53384277
53384278
53384279
53384280
53384281
53384282
53384283
53384284
53384285
53384286
53384287
53384288
53384289
53384290
53384291
53384292
53384293
53384294
53384295
53384296
53384297
53384298
53384299
53384300
53384301
53384302
53384303
53384304
53384305
53384306
53384307
53384308
53384309
53384310
53384311
53384312
53384313
53384314
53384315
53384316
53384317
53384318
53384319
53384320
53384321
53384322
53384323
53384324
53384325
53384326
53384327
53384328
53384329
53384330
53384331
53384332
53384333
53384334
53384335
53384336
53384337
53384338
53384339
53384340
53384341
53384342
53384343
53384344
53384345
53384346
53384347
53384348
53384349
53384350
53384351
53384352
53384353
53384354
53384355
53384356
53384357
53384358
53384359
53384360
53384361
53384362
53384363
53384364
53384365
53384366
53384367
53384368
53384369
53384370
53384371
53384372
53384373
53384374
53384375
53384376
53384377
53384378
53384379
53384380
53384381
53384382
53384383
53384384
53384385
53384386
53384387
53384388
53384389
53384390
53384391
53384392
53384393
53384394
53384395
53384396
53384397
53384398
53384399
53384400
53384401
53384402
53384403
53384404
53384405
53384406
53384407
53384408
53384409
53384410
53384411
53384412
53384413
53384414
53384415
53384416
53384417
53384418
53384419
53384420
53384421
53384422
53384423
53384424
53384425
53384426
53384427
53384428
53384429
53384430
53384431
53384432
53384433
53384434
53384435
53384436
53384437
53384438
53384439
53384440
53384441
53384442
53384443
53384444
53384445
53384446
53384447
53384448
53384449
53384450
53384451
53384452
53384453
53384454
53384455
53384456
53384457
53384458
53384459
53384460
53384461
53384462
53384463
53384464
53384465
53384466
53384467
53384468
53384469
53384470
53384471
53384472
53384473
53384474
53384475
53384476
53384477
53384478
53384479
53384480
53384481
53384482
53384483
53384484
53384485
53384486
53384487
53384488
53384489
53384490
53384491
53384492
53384493
53384494
53384495
53384496
53384497
53384498
53384499
53384500
53384501
53384502
53384503
53384504
53384505
53384506
53384507
53384508
53384509
53384510
53384511
53384512
53384513
53384514
53384515
53384516
53384517
53384518
53384519
53384520
53384521
53384522
53384523
53384524
53384525
53384526
53384527
53384528
53384529
53384530
53384531
53384532
53384533
53384534
53384535
53384536
53384537
53384538
53384539
53384540
53384541
53384542
53384543
53384544
53384545
53384546
53384547
53384548
53384549
53384550
53384551
53384552
53384553
53384554
53384555
53384556
53384557
53384558
53384559
53384560
53384561
53384562
53384563
53384564
53384565
53384566
53384567
53384568
53384569
53384570
53384571
53384572
53384573
53384574
53384575
53384576
53384577
53384578
53384579
53384580
53384581
53384582
53384583
53384584
53384585
53384586
53384587
53384588
53384589
53384590
53384591
53384592
53384593
53384594
53384595
53384596
53384597
53384598
53384599
53384600
53384601
53384602
53384603
53384604
53384605
53384606
53384607
53384608
53384609
53384610
53384611
53384612
53384613
53384614
53384615
53384616
53384617
53384618
53384619
53384620
53384621
53384622
53384623
53384624
53384625
53384626
53384627
53384628
53384629
53384630
53384631
53384632
53384633
53384634
53384635
53384636
53384637
53384638
53384639
53384640
53384641
53384642
53384643
53384644
53384645
53384646
53384647
53384648
53384649
53384650
53384651
53384652
53384653
53384654
53384655
53384656
53384657
53384658
53384659
53384660
53384661
53384662
53384663
53384664
53384665
53384666
53384667
53384668
53384669
53384670
53384671
53384672
53384673
53384674
53384675
53384676
53384677
53384678
53384679
53384680
53384681
53384682
53384683
53384684
53384685
53384686
53384687
53384688
53384689
53384690
53384691
53384692
53384693
53384694
53384695
53384696
53384697
53384698
53384699
53384700
53384701
53384702
53384703
53384704
53384705
53384706
53384707
53384708
53384709
53384710
53384711
53384712
53384713
53384714
53384715
53384716
53384717
53384718
53384719
53384720
53384721
53384722
53384723
53384724
53384725
53384726
53384727
53384728
53384729
53384730
53384731
53384732
53384733
53384734
53384735
53384736
53384737
53384738
53384739
53384740
53384741
53384742
53384743
53384744
53384745
53384746
53384747
53384748
53384749
53384750
53384751
53384752
53384753
53384754
53384755
53384756
53384757
53384758
53384759
53384760
53384761
53384762
53384763
53384764
53384765
53384766
53384767
53384768
53384769
53384770
53384771
53384772
53384773
53384774
53384775
53384776
53384777
53384778
53384779
53384780
53384781
53384782
53384783
53384784
53384785
53384786
53384787
53384788
53384789
53384790
53384791
53384792
53384793
53384794
53384795
53384796
53384797
53384798
53384799
53384800
53384801
53384802
53384803
53384804
53384805
53384806
53384807
53384808
53384809
53384810
53384811
53384812
53384813
53384814
53384815
53384816
53384817
53384818
53384819
53384820
53384821
53384822
53384823
53384824
53384825
53384826
53384827
53384828
53384829
53384830
53384831
53384832
53384833
53384834
53384835
53384836
53384837
53384838
53384839
53384840
53384841
53384842
53384843
53384844
53384845
53384846
53384847
53384848
53384849
53384850
53384851
53384852
53384853
53384854
53384855
53384856
53384857
53384858
53384859
53384860
53384861
53384862
53384863
53384864
53384865
53384866
53384867
53384868
53384869
53384870
53384871
53384872
53384873
53384874
53384875
53384876
53384877
53384878
53384879
53384880
53384881
53384882
53384883
53384884
53384885
53384886
53384887
53384888
53384889
53384890
53384891
53384892
53384893
53384894
53384895
53384896
53384897
53384898
53384899
53384900
53384901
53384902
53384903
53384904
53384905
53384906
53384907
53384908
53384909
53384910
53384911
53384912
53384913
53384914
53384915
53384916
53384917
53384918
53384919
53384920
53384921
53384922
53384923
53384924
53384925
53384926
53384927
53384928
53384929
53384930
53384931
53384932
53384933
53384934
53384935
53384936
53384937
53384938
53384939
53384940
53384941
53384942
53384943
53384944
53384945
53384946
53384947
53384948
53384949
53384950
53384951
53384952
53384953
53384954
53384955
53384956
53384957
53384958
53384959
53384960
53384961
53384962
53384963
53384964
53384965
53384966
53384967
53384968
53384969
53384970
53384971
53384972
53384973
53384974
53384975
53384976
53384977
53384978
53384979
53384980
53384981
53384982
53384983
53384984
53384985
53384986
53384987
53384988
53384989
53384990
53384991
53384992
53384993
53384994
53384995
53384996
53384997
53384998
53384999
53385000
53385001
53385002
53385003
53385004
53385005
53385006
53385007
53385008
53385009
53385010
53385011
53385012
53385013
53385014
53385015
53385016
53385017
53385018
53385019
53385020
53385021
53385022
53385023
53385024
53385025
53385026
53385027
53385028
53385029
53385030
53385031
53385032
53385033
53385034
53385035
53385036
53385037
53385038
53385039
53385040
53385041
53385042
53385043
53385044
53385045
53385046
53385047
53385048
53385049
53385050
53385051
53385052
53385053
53385054
53385055
53385056
53385057
53385058
53385059
53385060
53385061
53385062
53385063
53385064
53385065
53385066
53385067
53385068
53385069
53385070
53385071
53385072
53385073
53385074
53385075
53385076
53385077
53385078
53385079
53385080
53385081
53385082
53385083
53385084
53385085
53385086
53385087
53385088
53385089
53385090
53385091
53385092
53385093
53385094
53385095
53385096
53385097
53385098
53385099
53385100
53385101
53385102
53385103
53385104
53385105
53385106
53385107
53385108
53385109
53385110
53385111
53385112
53385113
53385114
53385115
53385116
53385117
53385118
53385119
53385120
53385121
53385122
53385123
53385124
53385125
53385126
53385127
53385128
53385129
53385130
53385131
53385132
53385133
53385134
53385135
53385136
53385137
53385138
53385139
53385140
53385141
53385142
53385143
53385144
53385145
53385146
53385147
53385148
53385149
53385150
53385151
53385152
53385153
53385154
53385155
53385156
53385157
53385158
53385159
53385160
53385161
53385162
53385163
53385164
53385165
53385166
53385167
53385168
53385169
53385170
53385171
53385172
53385173
53385174
53385175
53385176
53385177
53385178
53385179
53385180
53385181
53385182
53385183
53385184
53385185
53385186
53385187
53385188
53385189
53385190
53385191
53385192
53385193
53385194
53385195
53385196
53385197
53385198
53385199
53385200
53385201
53385202
53385203
53385204
53385205
53385206
53385207
53385208
53385209
53385210
53385211
53385212
53385213
53385214
53385215
53385216
53385217
53385218
53385219
53385220
53385221
53385222
53385223
53385224
53385225
53385226
53385227
53385228
53385229
53385230
53385231
53385232
53385233
53385234
53385235
53385236
53459280
53459281
53459282
53459283
53459284
53459285
53459286
53459287
53459288
53459289
53459290
53459291
53459292
53459293
53459294
53459295
53459296
53459297
53459298
53459299
53459300
53459301
53459302
53459303
53459304
53459305
53459306
53459307
53459308
53459309
53459310
53459311
53459312
53459313
53459314
53459315
53459316
53459317
53459318
53459319
53459320
53459321
53459322
53459323
53459324
53459325
53459326
53459327
53459328
53459329
53459330
53459331
53459332
53459333
53459334
53459335
53459336
53459337
53459338
53459339
53459340
53459341
53459342
53456004
53456005
53456006
53456007
53456008
53456009
53456010
53456011
53456012
53456013
53456014
53456015
53456016
53456017
53456018
53456019
53456020
53456021
53456022
53456023
53456024
53456025
53456026
53456027
53456028
53456029
53456030
53456031
53456032
53456033
53456034
53456035
53456036
53456037
53456038
53456039
53456040
53456041
53456042
53456043
53456044
53456045
53456046
53456047
53456048
53456049
53456050
53456051
53456052
53456053
53456054
53456055
53456056
53456057
53456058
53456059
53456060
53456061
53456062
53456063
53456064
53456065
53456066
53456067
53456068
53456069
53456070
53456071
53456072
53456073
53456074
53456075
53456076
53456077
53456078
53456079
53456080
53456081
53456082
53456083
53456084
53456085
53456086
53456087
53456088
53456089
53456090
53456091
53456092
53456093
53456094
53456095
53456096
53456097
53456098
53456099
53456100
53456101
53456102
53456103
53456104
53456105
53456106
53456107
53456108
53456109
53456110
53456111
53456112
53456113
53456114
53456115
53456116
53456117
53456118
53456119
53456120
53456121
53456122
53456123
53456124
53456125
53456126
53456127
53456128
53456129
53456130
53453075
53453076
53453077
53453078
53453079
53453080
53453081
53453082
53453083
53453084
53453085
53453086
53453087
53453088
53453089
53453090
53453091
53453092
53453093
53453094
53453095
53453096
53453097
53453098
53453099
53453100
53453101
53453102
53453103
53453104
53453105
53453106
53453107
53453108
53453109
53453110
53453111
53453112
53453113
53453114
53453115
53453116
53453117
53453118
53453119
53453120
53453121
53453122
53453123
53453124
53453125
53453126
53453127
53453128
53453129
53453130
53453131
53453132
53453133
53453134
53453135
53453136
53453137
53453138
53453139
53453140
53453141
53453142
53453143
53453144
53453145
53453146
53453147
53453148
53453149
53453150
53453151
53453152
53453153
53453154
53453155
53453156
53453157
53453158
53453159
53453160
53453161
53453162
53453163
53453164
53453165
53453166
53453167
53453168
53453169
53453170
53453171
53453172
53453173
53453174
53453175
53453176
53453177
53453178
53453179
53453180
53453181
53453182
53453183
53453184
53453185
53453186
53453187
53453188
53453189
53453190
53453191
53453192
53453193
53453194
53453195
53453196
53453197
53453198
53453199
53453200
53453201
53453202
53453203
53453204
53453205
53453206
53453207
53453208
53453209
53453210
53453211
53453212
53453213
53453214
53453215
53453216
53453217
53453218
53453219
53453220
53453221
53453222
53453223
53453224
53453225
53453226
53453227
53453228
53453229
53453230
53453231
53453232
53453233
53453234
53453235
53453236
53453237
53453238
53453239
53453240
53453241
53453242
53453243
53453244
53453245
53453246
53453247
53453248
53453249
53453250
53453251
53453252
53453253
53453254
53453255
53453256
53453257
53453258
53453259
53453260
53453261
53453262
53453263
53453264
53453265
53453266
53453267
53453268
53453269
53453270
53453271
53453272
53453273
53453274
53453275
53453276
53453277
53453278
53453279
53453280
53453281
53453282
53453283
53453284
53453285
53453286
53453287
53453288
53453289
53453290
53453291
53453292
53453293
53453294
53453295
53453296
53453297
53453298
53453299
53453300
53453301
53453302
53453303
53453304
53453305
53453306
53453307
53453308
53453309
53453310
53453311
53453312
53453313
53453314
53453315
53453316
53453317
53453318
53453319
53453320
53453321
53453322
53453323
53453324
53453325
53453326
53453327
53453328
53453329
53453330
53453331
53453332
53453333
53453334
53453335
53453336
53453337
53453338
53453339
53453340
53453341
53453342
53453343
53453344
53453345
53453346
53453347
53453348
53453349
53453350
53453351
53453352
53453353
53453354
53453355
53453356
53453357
53453358
53453359
53453360
53453361
53453362
53453363
53453364
53453365
53453366
53453367
53453368
53453369
53453370
53453371
53453372
53453373
53453374
53453375
53453376
53453377
53453378
53453379
53453380
53453381
53453382
53453383
53453384
53453385
53453386
53453387
53453388
53453389
53453390
53453391
53453392
53453393
53453394
53453395
53453396
53453397
53453398
53453399
53453400
53453401
53453402
53453403
53453404
53453405
53453406
53453407
53453408
53453409
53453410
53453411
53453412
53453413
53453414
53453415
53453416
53453417
53453418
53453419
53453420
53453421
53453422
53453423
53453424
53453425
53453426
53453427
53453428
53453429
53453430
53453431
53453432
53453433
53453434
53453435
53453436
53453437
53453438
53453439
53453440
53453441
53453442
53453443
53453444
53453445
53453446
53453447
53453448
53453449
53453450
53453451
53453452
53453453
53453454
53453455
53453456
53453457
53453458
53453459
53453460
53453461
53453462
53453463
53453464
53453465
53453466
53453467
53453468
53453469
53453470
53453471
53453472
53453473
53453474
53453475
53453476
53453477
53453478
53453479
53453480
53453481
53453482
53453483
53453484
53453485
53453486
53453487
53453488
53453489
53453490
53453491
53453492
53453493
53453494
53453495
53453496
53453497
53453498
53453499
53453500
53453501
53453502
53453503
53453504
53453505
53453506
53453507
53453508
53453509
53453510
53453511
53453512
53453513
53453514
53453515
53453516
53453517
53453518
53453519
53453520
53453521
53453522
53453523
53453524
53453525
53453526
53453527
53453528
53453529
53453530
53453531
53453532
53453533
53453534
53453535
53453536
53453537
53453538
53453539
53453540
53453541
53453542
53453543
53453544
53453545
53453546
53453547
53453548
53453549
53453550
53453551
53453552
53453553
53453554
53453555
53453556
53453557
53453558
53453559
53453560
53453561
53453562
53453563
53453564
53453565
53453566
53453567
53453568
53453569
53453570
53453571
53453572
53453573
53453574
53453575
53453576
53453577
53453578
53453579
53453580
53453581
53453582
53453583
53453584
53453585
53453586
53453587
53453588
53453589
53453590
53453591
53453592
53453593
53453594
53453595
53453596
53453597
53453598
53453599
53453600
53453601
53453602
53453603
53453604
53453605
53453606
53453607
53453608
53453609
53453610
53453611
53453612
53453613
53453614
53453615
53453616
53453617
53453618
53453619
53453620
53453621
53453622
53453623
53453624
53453625
53453626
53453627
53453628
53453629
53453630
53453631
53453632
53453633
53453634
53453635
53453636
53453637
53453638
53453639
53453640
53453641
53453642
53453643
53453644
53453645
53453646
53453647
53453648
53453649
53453650
53453651
53453652
53453653
53453654
53453655
53453656
53453657
53453658
53453659
53453660
53453661
53453662
53453663
53453664
53453665
53453666
53453667
53453668
53453669
53453670
53453671
53453672
53453673
53453674
53453675
53453676
53453677
53453678
53453679
53453680
53453681
53453682
53453683
53453684
53453685
53453686
53453687
53453688
53453689
53453690
53453691
53453692
53453693
53453694
53453695
53453696
53453697
53453698
53453699
53453700
53453701
53453702
53453703
53453704
53453705
53453706
53453707
53453708
53453709
53453710
53453711
53453712
53453713
53453714
53453715
53453716
53453717
53453718
53453719
53453720
53453721
53453722
53453723
53453724
53453725
53453726
53453727
53453728
53453729
53453730
53453731
53453732
53453733
53453734
53453735
53453736
53453737
53453738
53453739
53453740
53453741
53453742
53453743
53453744
53453745
53453746
53453747
53453748
53453749
53453750
53453751
53453752
53453753
53453754
53453755
53453756
53453757
53453758
53453759
53453760
53453761
53453762
53453763
53453764
53453765
53453766
53453767
53453768
53453769
53453770
53453771
53453772
53453773
53453774
53453775
53453776
53453777
53453778
53453779
53453780
53453781
53453782
53453783
53453784
53453785
53453786
53453787
53453788
53453789
53453790
53453791
53453792
53453793
53453794
53453795
53453796
53453797
53453798
53453799
53453800
53453801
53453802
53453803
53453804
53453805
53453806
53453807
53453808
53453809
53453810
53453811
53453812
53453813
53453814
53453815
53453816
53453817
53453818
53453819
53453820
53453821
53453822
53453823
53453824
53453825
53453826
53453827
53453828
53453829
53453830
53453831
53453832
53453833
53453834
53453835
53453836
53453837
53453838
53453839
53453840
53453841
53453842
53453843
53453844
53453845
53453846
53453847
53453848
53453849
53453850
53453851
53453852
53453853
53453854
53453855
53453856
53453857
53453858
53453859
53453860
53453861
53453862
53453863
53453864
53453865
53453866
53453867
53453868
53453869
53453870
53453871
53453872
53453873
53453874
53453875
53453876
53453877
53453878
53453879
53453880
53453881
53453882
53453883
53453884
53453885
53453886
53453887
53453888
53453889
53453890
53453891
53453892
53453893
53453894
53453895
53453896
53453897
53453898
53453899
53453900
53453901
53453902
53453903
53453904
53453905
53453906
53453907
53453908
53453909
53453910
53453911
53453912
53453913
53453914
53453915
53453916
53453917
53453918
53453919
53453920
53453921
53453922
53453923
53453924
53453925
53453926
53453927
53453928
53453929
53453930
53453931
53453932
53453933
53453934
53453935
53453936
53453937
53453938
53453939
53453940
53453941
53453942
53453943
53453944
53453945
53453946
53453947
53453948
53453949
53453950
53453951
53453952
53453953
53453954
53453955
53453956
53453957
53453958
53453959
53453960
53453961
53453962
53453963
53453964
53453965
53453966
53453967
53453968
53453969
53453970
53453971
53453972
53453973
53453974
53453975
53453976
53453977
53453978
53453979
53453980
53453981
53453982
53453983
53453984
53453985
53453986
53453987
53453988
53453989
53453990
53453991
53453992
53453993
53453994
53453995
53453996
53453997
53453998
53453999
53454000
53454001
53454002
53454003
53454004
53454005
53454006
53454007
53454008
53454009
53454010
53454011
53454012
53454013
53454014
53454015
53454016
53454017
53454018
53454019
53454020
53454021
53454022
53454023
53454024
53454025
53454026
53454027
53454028
53454029
53454030
53454031
53454032
53454033
53454034
53454035
53454036
53454037
53454038
53454039
53454040
53454041
53454042
53454043
53454044
53454045
53454046
53454047
53454048
53454049
53454050
53454051
53454052
53454053
53454054
53454055
53454056
53454057
53454058
53454059
53454060
53454061
53454062
53454063
53454064
53454065
53454066
53454067
53454068
53454069
53454070
53454071
53454072
53454073
53454074
53454075
53454076
53454077
53454078
53454079
53454080
53454081
53454082
53454083
53454084
53454085
53454086
53454087
53454088
53454089
53454090
53454091
53454092
53454093
53454094
53454095
53454096
53454097
53454098
53454099
53454100
53454101
53454102
53454103
53454104
53454105
53454106
53454107
53454108
53454109
53454110
53454111
53454112
53454113
53454114
53454115
53454116
53454117
53454118
53454119
53454120
53454121
53454122
53454123
53454124
53454125
53454126
53454127
53454128
53454129
53454130
53454131
53454132
53454133
53454134
53454135
53454136
53454137
53454138
53454139
53454140
53454141
53454142
53454143
53454144
53454145
53454146
53454147
53454148
53454149
53454150
53454151
53454152
53454153
53454154
53454155
53454156
53454157
53454158
53454159
53454160
53454161
53454162
53454163
53454164
53454165
53454166
53454167
53454168
53454169
53454170
53454171
53454172
53454173
53454174
53454175
53454176
53454177
53454178
53454179
53454180
53454181
53454182
53454183
53454184
53454185
53454186
53454187
53454188
53454189
53454190
53454191
53454192
53454193
53454194
53454195
53454196
53454197
53454198
53454199
53454200
53454201
53454202
53454203
53454204
53454205
53454206
53454207
53454208
53454209
53454210
53454211
53454212
53454213
53454214
53454215
53454216
53454217
53454218
53454219
53454220
53454221
53454222
53454223
53454224
53454225
53454226
53454227
53454228
53454229
53454230
53454231
53454232
53454233
53454234
53454235
53454236
53454237
53454238
53454239
53454240
53454241
53454242
53454243
53454244
53454245
53454246
53454247
53454248
53454249
53454250
53454251
53454252
53454253
53454254
53454255
53454256
53454257
53454258
53454259
53454260
53454261
53454262
53454263
53454264
53454265
53454266
53454267
53454268
53454269
53454270
53454271
53454272
53454273
53454274
53454275
53454276
53454277
53454278
53454279
53454280
53454281
53454282
53454283
53454284
53454285
53454286
53454287
53454288
53454289
53454290
53454291
53454292
53454293
53454294
53454295
53454296
53454297
53454298
53454299
53454300
53454301
53454302
53454303
53454304
53454305
53454306
53454307
53454308
53454309
53454310
53454311
53454312
53454313
53454314
53454315
53454316
53454317
53454318
53454319
53454320
53454321
53454322
53454323
53454324
53454325
53454326
53454327
53454328
53454329
53454330
53454331
53454332
53454333
53454334
53454335
53454336
53454337
53454338
53454339
53454340
53454341
53454342
53454343
53454344
53454345
53454346
53454347
53454348
53454349
53454350
53454351
53454352
53454353
53454354
53454355
53454356
53454357
53454358
53454359
53454360
53454361
53454362
53454363
53454364
53454365
53454366
53454367
53454368
53454369
53454370
53454371
53454372
53454373
53454374
53454375
53454376
53454377
53454378
53454379
53454380
53454381
53454382
53454383
53454384
53454385
53454386
53454387
53454388
53454389
53454390
53454391
53454392
53454393
53454394
53454395
53454396
53454397
53454398
53454399
53454400
53454401
53454402
53454403
53454404
53454405
53454406
53454407
53454408
53454409
53454410
53454411
53454412
53454413
53454414
53454415
53454416
53454417
53454418
53454419
53454420
53454421
53454422
53454423
53454424
53454425
53454426
53454427
53454428
53454429
53454430
53454431
53454432
53454433
53454434
53454435
53454436
53454437
53454438
53454439
53454440
53454441
53454442
53454443
53454444
53454445
53454446
53454447
53454448
53454449
53454450
53454451
53454452
53454453
53454454
53454455
53454456
53454457
53454458
53454459
53454460
53454461
53454462
53454463
53454464
53454465
53454466
53454467
53454468
53454469
53454470
53454471
53454472
53454473
53454474
53454475
53454476
53454477
53454478
53454479
53454480
53454481
53454482
53454483
53454484
53454485
53454486
53454487
53454488
53454489
53454490
53454491
53454492
53454493
53454494
53454495
53454496
53454497
53454498
53454499
53454500
53454501
53454502
53454503
53454504
53454505
53454506
53454507
53454508
53454509
53454510
53454511
53454512
53454513
53454514
53454515
53454516
53454517
53454518
53454519
53454520
53454521
53454522
53454523
53454524
53454525
53454526
53454527
53454528
53454529
53454530
53454531
53454532
53454533
53454534
53454535
53454536
53454537
53454538
53454539
53454540
53454541
53454542
53454543
53454544
53454545
53454546
53454547
53454548
53454549
53454550
53454551
53454552
53454553
53454554
53454555
53454556
53454557
53454558
53454559
53454560
53454561
53454562
53454563
53454564
53454565
53454566
53454567
53454568
53454569
53454570
53454571
53454572
53454573
53454574
53454575
53454576
53454577
53454578
53454579
53454580
53454581
53454582
53454583
53454584
53454585
53454586
53454587
53454588
53454589
53454590
53454591
53454592
53454593
53454594
53454595
53454596
53454597
53454598
53454599
53454600
53454601
53454602
53454603
53454604
53454605
53454606
53454607
53454608
53454609
53454610
53454611
53454612
53454613
53454614
53454615
53454616
53454617
53454618
53454619
53454620
53454621
53454622
53454623
53454624
53454625
53454626
53454627
53454628
53454629
53454630
53454631
53454632
53454633
53454634
53454635
53454636
53454637
53454638
53454639
53454640
53454641
53454642
53454643
53454644
53454645
53454646
53454647
53454648
53454649
53454650
53454651
53454652
53454653
53454654
53454655
53454656
53454657
53454658
53454659
53454660
53454661
53454662
53454663
53454664
53454665
53454666
53454667
53454668
53454669
53454670
53454671
53454672
53454673
53454674
53454675
53454676
53454677
53454678
53454679
53454680
53454681
53454682
53454683
53454684
53454685
53454686
53454687
53454688
53454689
53454690
53454691
53454692
53454693
53454694
53454695
53454696
53454697
53454698
53454699
53454700
53454701
53454702
53454703
53454704
53454705
53454706
53454707
53454708
53454709
53454710
53454711
53454712
53454713
53454714
53454715
53454716
53454717
53454718
53454719
53454720
53454721
53454722
53454723
53454724
53454725
53454726
53454727
53454728
53454729
53454730
53454731
53454732
53454733
53454734
53454735
53454736
53454737
53454738
53454739
53454740
53454741
53454742
53454743
53454744
53454745
53454746
53454747
53454748
53454749
53454750
53454751
53454752
53454753
53454754
53454755
53454756
53454757
53454758
53454759
53454760
53454761
53454762
53454763
53454764
53454765
53454766
53454767
53454768
53454769
53454770
53454771
53454772
53454773
53454774
53454775
53454776
53454777
53454778
53454779
53454780
53454781
53454782
53454783
53454784
53454785
53454786
53454787
53454788
53454789
53454790
53454791
53454792
53454793
53454794
53454795
53454796
53454797
53454798
53454799
53454800
53454801
53454802
53454803
53454804
53454805
53454806
53454807
53454808
53454809
53454810
53454811
53454812
53454813
53454814
53454815
53454816
53454817
53454818
53454819
53454820
53454821
53454822
53454823
53454824
53454825
53454826
53454827
53454828
53454829
53454830
53454831
53454832
53454833
53454834
53454835
53454836
53454837
53432159
53432160
53432161
53432162
53432163
53432164
53432165
53432166
53432167
53432168
53432169
53432170
53432171
53432172
53432173
53432174
53432175
53432176
53432177
53432178
53432179
53432180
53432181
53432182
53432183
53432184
53432185
53432186
53432187
53432188
53432189
53432190
53432191
53432192
53432193
53432194
53432195
53432196
53432197
53432198
53432199
53432200
53432201
53432202
53432203
53432204
53432205
53432206
53432207
53432208
53432209
53432210
53432211
53432212
53432213
53432214
53432215
53432216
53432217
53432218
53432219
53432220
53432221
53432222
53432223
53432224
53432225
53432226
53432227
53432228
53432229
53432230
53432231
53432232
53432233
53432234
53432235
53432236
53432237
53432238
53432239
53432240
53432241
53432242
53432243
53432244
53432245
53432246
53432247
53432248
53432249
53432250
53432251
53432252
53432253
53432254
53432255
53432256
53432257
53432258
53432259
53432260
53432261
53432262
53432263
53432264
53432265
53432266
53432267
53432268
53432269
53432270
53432271
53432272
53432273
53432274
53432275
53432276
53432277
53432278
53432279
53432280
53432281
53432282
53432283
53432284
53432285
53432286
53432287
53432288
53432289
53432290
53432291
53432292
53432293
53432294
53432295
53432296
53432297
53432298
53432299
53432300
53432301
53432302
53432303
53432304
53432305
53432306
53432307
53432308
53432309
53432310
53432311
53432312
53432313
53432314
53432315
53432316
53432317
53432318
53432319
53432320
53432321
53432322
53432323
53432324
53432325
53432326
53432327
53432328
53432329
53432330
53432331
53432332
53432333
53432334
53432335
53432336
53432337
53432338
53432339
53432340
53432341
53432342
53432343
53432344
53432345
53432346
53432347
53432348
53432349
53432350
53432351
53432352
53432353
53432354
53432355
53432356
53432357
53432358
53432359
53432360
53432361
53432362
53432363
53432364
53432365
53432366
53432367
53432368
53432369
53432370
53432371
53432372
53432373
53432374
53432375
53432376
53432377
53432378
53432379
53432380
53432381
53432382
53432383
53432384
53432385
53432386
53432387
53432388
53432389
53432390
53432391
53432392
53432393
53432394
53432395
53432396
53432397
53432398
53432399
53432400
53432401
53432402
53432403
53432404
53432405
53432406
53432407
53432408
53432409
53432410
53432411
53432412
53432413
53432414
53432415
53432416
53432417
53432418
53432419
53432420
53432421
53432422
53432423
53432424
53432425
53432426
53432427
53432428
53432429
53432430
53432431
53432432
53432433
53432434
53432435
53432436
53432437
53432438
53432439
53432440
53432441
53432442
53432443
53432444
53432445
53432446
53432447
53432448
53432449
53432450
53432451
53432452
53432453
53432454
53432455
53432456
53432457
53432458
53432459
53432460
53432461
53432462
53432463
53432464
53432465
53432466
53432467
53432468
53432469
53432470
53432471
53432472
53432473
53432474
53432475
53432476
53432477
53432478
53432479
53432480
53432481
53432482
53432483
53432484
53432485
53432486
53432487
53432488
53432489
53432490
53432491
53432492
53432493
53432494
53432495
53432496
53432497
53432498
53432499
53432500
53432501
53432502
53432503
53432504
53432505
53432506
53432507
53432508
53432509
53432510
53432511
53432512
53432513
53432514
53432515
53432516
53432517
53432518
53432519
53432520
53432521
53432522
53432523
53432524
53432525
53432526
53432527
53432528
53432529
53432530
53432531
53432532
53432533
53432534
53432535
53432536
53432537
53432538
53432539
53432540
53432541
53432542
53432543
53432544
53432545
53432546
53432547
53432548
53432549
53432550
53432551
53432552
53432553
53432554
53432555
53432556
53432557
53432558
53432559
53432560
53432561
53432562
53432563
53432564
53432565
53432566
53432567
53432568
53432569
53432570
53432571
53432572
53432573
53432574
53432575
53432576
53432577
53432578
53432579
53432580
53432581
53432582
53432583
53432584
53432585
53432586
53432587
53432588
53432589
53432590
53432591
53432592
53432593
53432594
53432595
53432596
53432597
53432598
53432599
53432600
53432601
53432602
53432603
53432604
53432605
53432606
53432607
53432608
53432609
53432610
53432611
53432612
53432613
53432614
53432615
53432616
53432617
53432618
53432619
53432620
53432621
53432622
53432623
53432624
53432625
53432626
53432627
53432628
53432629
53432630
53432631
53432632
53432633
53432634
53432635
53432636
53432637
53432638
53432639
53432640
53432641
53432642
53432643
53432644
53432645
53432646
53432647
53432648
53432649
53432650
53432651
53432652
53432653
53432654
53432655
53432656
53432657
53432658
53432659
53432660
53432661
53432662
53432663
53432664
53432665
53432666
53432667
53517344
53517345
53517346
53517347
53517348
53517349
53517350
53517351
53517352
53517353
53517354
53517355
53517356
53517357
53517358
53517359
53517360
53517361
53517362
53517363
53517364
53517365
53517366
53517367
53517368
53517369
53517370
53517371
53517372
53517373
53517374
53517375
53517376
53517377
53517378
53517379
53517380
53517381
53517382
53517383
53517384
53517385
53517386
53517387
53517388
53517389
53517390
53517391
53517392
53517393
53517394
53517395
53517396
53517397
53517398
53517399
53517400
53517401
53517402
53517403
53517404
53517405
53517406
53517407
53517408
53517409
53517410
53517411
53517412
53517413
53517414
53517415
53517416
53517417
53517418
53517419
53517420
53517421
53517422
53517423
53517424
53517425
53517426
53517427
53517428
53517429
53517430
53517431
53517432
53517433
53517434
53517435
53517436
53517437
53517438
53517439
53517440
53517441
53517442
53517443
53517444
53517445
53517446
53517447
53517448
53517449
53517450
53517451
53517452
53517453
53517454
53517455
53517456
53517457
53517458
53517459
53517460
53517461
53517462
53517463
53517464
53517465
53517466
53517467
53517468
53517469
53517470
53517471
53517472
53517473
53517474
53517475
53517476
53517477
53517478
53517479
53517480
53517481
53517482
53517483
53517484
53517485
53517486
53517487
53517488
53517489
53517490
53517491
53517492
53517493
53517494
53517495
53517496
53517497
53517498
53517499
53517500
53517501
53517502
53517503
53517504
53517505
53517506
53517507
53517508
53517509
53517510
53517511
53517512
53517513
53517514
53517515
53517516
53517517
53517518
53517519
53517520
53517521
53517522
53517523
53517524
53517525
53517526
53517527
53517528
53517529
53517530
53517531
53517532
53517533
53517534
53517535
53517536
53517537
53517538
53517539
53517540
53517541
53517542
53517543
53517544
53517545
53517546
53517547
53517548
53517549
53517550
53517551
53517552
53517553
53517554
53517555
53517556
53517557
53517558
53517559
53517560
53517561
53517562
53517563
53517564
53517565
53517566
53517567
53517568
53517569
53517570
53517571
53517572
53517573
53517574
53517575
53517576
53517577
53517578
53517579
53517580
53517581
53517582
53517583
53517584
53517585
53517586
53517587
53517588
53517589
53517590
53517591
53517592
53517593
53517594
53517595
53517596
53517597
53517598
53517599
53517600
53517601
53517602
53517603
53517604
53517605
53517606
53517607
53517608
53517609
53517610
53517611
53517612
53517613
53517614
53517615
53517616
53517617
53517618
53517619
53517620
53517621
53517622
53517623
53517624
53517625
53517626
53517627
53517628
53517629
53517630
53517631
53517632
53517633
53517634
53517635
53517636
53517637
53517638
53517639
53517640
53517641
53517642
53517643
53517644
53517645
53517646
53517647
53517648
53517649
53517650
53517651
53517652
53517653
53517654
53517655
53517656
53517657
53517658
53517659
53517660
53517661
53517662
53517663
53517664
53517665
53517666
53517667
53517668
53517669
53517670
53517671
53517672
53517673
53517674
53517675
53517676
53517677
53517678
53517679
53517680
53517681
53517682
53517683
53517684
53517685
53517686
53517687
53517688
53517689
53517690
53517691
53517692
53517693
53517694
53517695
53517696
53517697
53517698
53517699
53517700
53517701
53517702
53517703
53517704
53517705
53517706
53517707
53517708
53517709
53517710
53517711
53517712
53517713
53517714
53517715
53517716
53517717
53517718
53517719
53517720
53517721
53517722
53517723
53517724
53517725
53517726
53517727
53517728
53517729
53517730
53517731
53517732
53517733
53517734
53517735
53517736
53517737
53517738
53517739
53517740
53517741
53517742
53517743
53517744
53517745
53517746
53517747
53517748
53517749
53517750
53517751
53517752
53517753
53517754
53517755
53517756
53517757
53517758
53517759
53517760
53517761
53517762
53517763
53517764
53517765
53517766
53517767
53517768
53517769
53517770
53517771
53517772
53517773
53517774
53517775
53517776
53517777
53517778
53517779
53517780
53517781
53517782
53517783
53517784
53517785
53517786
53517787
53517788
53517789
53517790
53517791
53517792
53517793
53517794
53517795
53517796
53517797
53517798
53517799
53517800
53517801
53517802
53517803
53517804
53517805
53517806
53517807
53517808
53517809
53517810
53517811
53517812
53517813
53517814
53517815
53517816
53517817
53517818
53517819
53517820
53517821
53517822
53517823
53517824
53517825
53517826
53517827
53517828
53517829
53517830
53517831
53517832
53517833
53517834
53517835
53517836
53517837
53517838
53517839
53517840
53517841
53517842
53517843
53517844
53517845
53517846
53517847
53517848
53517849
53517850
53517851
53517852
53517853
53517854
53517855
53517856
53517857
53517858
53517859
53517860
53517861
53517862
53517863
53517864
53517865
53517866
53517867
53517868
53517869
53517870
53517871
53517872
53517873
53517874
53517875
53517876
53517877
53517878
53517879
53517880
53517881
53517882
53517883
53517884
53517885
53517886
53517887
53517888
53517889
53517890
53517891
53517892
53517893
53517894
53517895
53517896
53517897
53517898
53517899
53517900
53517901
53517902
53517903
53517904
53517905
53517906
53517907
53517908
53517909
53517910
53517911
53517912
53517913
53517914
53517915
53517916
53517917
53517918
53517919
53517920
53517921
53517922
53517923
53517924
53517925
53517926
53517927
53517928
53517929
53517930
53517931
53517932
53517933
53517934
53517935
53517936
53517937
53517938
53517939
53517940
53517941
53517942
53517943
53517944
53517945
53517946
53517947
53517948
53517949
53517950
53517951
53517952
53517953
53517954
53517955
53517956
53517957
53517958
53517959
53517960
53517961
53517962
53517963
53517964
53517965
53517966
53517967
53517968
53517969
53517970
53517971
53517972
53517973
53517974
53517975
53517976
53517977
53517978
53517979
53517980
53517981
53517982
53517983
53517984
53517985
53517986
53517987
53517988
53517989
53517990
53517991
53517992
53517993
53517994
53517995
53517996
53517997
53517998
53517999
53518000
53518001
53518002
53518003
53518004
53518005
53518006
53518007
53518008
53518009
53518010
53518011
53518012
53518013
53518014
53518015
53518016
53518017
53518018
53518019
53518020
53518021
53518022
53518023
53518024
53518025
53518026
53518027
53518028
53518029
53518030
53518031
53518032
53518033
53518034
53518035
53518036
53518037
53518038
53518039
53518040
53518041
53518042
53518043
53518044
53518045
53518046
53518047
53518048
53518049
53518050
53518051
53518052
53518053
53518054
53518055
53518056
53518057
53518058
53518059
53518060
53518061
53518062
53518063
53518064
53518065
53518066
53518067
53518068
53518069
53518070
53518071
53518072
53518073
53518074
53518075
53518076
53518077
53518078
53518079
53518080
53518081
53518082
53518083
53518084
53518085
53518086
53518087
53518088
53518089
53518090
53518091
53518092
53518093
53518094
53518095
53518096
53518097
53518098
53518099
53518100
53518101
53518102
53518103
53518104
53518105
53518106
53518107
53518108
53518109
53518110
53518111
53518112
53518113
53518114
53518115
53518116
53518117
53518118
53518119
53518120
53518121
53518122
53518123
53518124
53518125
53518126
53518127
53518128
53518129
53518130
53518131
53518132
53518133
53518134
53518135
53518136
53518137
53518138
53518139
53518140
53518141
53518142
53518143
53518144
53518145
53518146
53518147
53518148
53518149
53518150
53518151
53518152
53518153
53518154
53518155
53518156
53518157
53518158
53518159
53518160
53518161
53518162
53518163
53518164
53518165
53518166
53518167
53518168
53518169
53518170
53518171
53518172
53518173
53518174
53518175
53518176
53518177
53518178
53518179
53518180
53518181
53518182
53518183
53518184
53518185
53518186
53518187
53518188
53518189
53518190
53518191
53518192
53518193
53518194
53518195
53518196
53518197
53518198
53518199
53518200
53518201
53518202
53518203
53518204
53518205
53518206
53518207
53518208
53518209
53518210
53518211
53518212
53518213
53518214
53518215
53518216
53518217
53518218
53518219
53518220
53518221
53518222
53518223
53518224
53518225
53518226
53518227
53518228
53518229
53518230
53518231
53518232
53518233
53518234
53518235
53518236
53518237
53518238
53518239
53518240
53518241
53518242
53518243
53518244
53518245
53518246
53518247
53518248
53518249
53518250
53518251
53518252
53518253
53518254
53518255
53518256
53518257
53518258
53518259
53518260
53518261
53518262
53518263
53518264
53518265
53518266
53518267
53518268
53518269
53518270
53518271
53518272
53518273
53518274
53518275
53518276
53518277
53518278
53518279
53518280
53518281
53518282
53518283
53518284
53518285
53518286
53518287
53518288
53518289
53518290
53518291
53518292
53518293
53518294
53518295
53518296
53518297
53518298
53518299
53518300
53518301
53518302
53518303
53518304
53518305
53518306
53518307
53518308
53518309
53518310
53518311
53518312
53518313
53518314
53518315
53518316
53518317
53518318
53518319
53518320
53518321
53518322
53518323
53518324
53518325
53518326
53518327
53518328
53518329
53518330
53518331
53518332
53518333
53518334
53518335
53518336
53518337
53518338
53518339
53518340
53518341
53518342
53518343
53518344
53518345
53518346
53518347
53518348
53518349
53518350
53518351
53518352
53518353
53518354
53518355
53518356
53518357
53518358
53518359
53518360
53518361
53518362
53518363
53518364
53518365
53518366
53518367
53518368
53518369
53518370
53518371
53518372
53518373
53518374
53518375
53518376
53518377
53518378
53518379
53518380
53518381
53518382
53518383
53518384
53518385
53518386
53518387
53518388
53518389
53518390
53518391
53518392
53518393
53518394
53518395
53518396
53518397
53518398
53518399
53518400
53518401
53518402
53518403
53518404
53518405
53518406
53518407
53518408
53518409
53518410
53518411
53518412
53518413
53518414
53518415
53518416
53518417
53518418
53518419
53518420
53518421
53518422
53518423
53518424
53518425
53518426
53518427
53518428
53518429
53518430
53518431
53518432
53518433
53518434
53518435
53518436
53518437
53518438
53518439
53518440
53518441
53518442
53518443
53518444
53518445
53518446
53518447
53518448
53518449
53518450
53518451
53518452
53518453
53518454
53518455
53518456
53518457
53518458
53518459
53518460
53518461
53518462
53518463
53518464
53518465
53518466
53518467
53518468
53518469
53518470
53518471
53518472
53518473
53518474
53518475
53518476
53518477
53518478
53518479
53518480
53518481
53518482
53518483
53518484
53518485
53518486
53518487
53518488
53518489
53518490
53518491
53518492
53518493
53518494
53518495
53518496
53518497
53518498
53518499
53518500
53518501
53518502
53518503
53518504
53518505
53518506
53518507
53518508
53518509
53518510
53518511
53518512
53518513
53518514
53518515
53518516
53518517
53518518
53518519
53518520
53518521
53518522
53518523
53518524
53518525
53518526
53518527
53518528
53518529
53518530
53518531
53518532
53518533
53518534
53518535
53518536
53518537
53518538
53518539
53518540
53518541
53518542
53518543
53518544
53518545
53518546
53518547
53518548
53518549
53518550
53518551
53518552
53518553
53518554
53518555
53518556
53518557
53518558
53518559
53518560
53518561
53518562
53518563
53518564
53518565
53518566
53518567
53518568
53518569
53518570
53518571
53518572
53518573
53518574
53518575
53518576
53518577
53518578
53518579
53518580
53518581
53518582
53518583
53518584
53518585
53518586
53518587
53518588
53518589
53518590
53518591
53518592
53518593
53518594
53518595
53518596
53518597
53518598
53518599
53518600
53518601
53518602
53518603
53518604
53518605
53518606
53518607
53518608
53518609
53518610
53518611
53518612
53518613
53518614
53518615
53518616
53518617
53518618
53518619
53518620
53518621
53518622
53518623
53518624
53518625
53518626
53518627
53518628
53518629
53518630
53518631
53518632
53518633
53518634
53518635
53518636
53518637
53518638
53518639
53518640
53518641
53518642
53518643
53518644
53518645
53518646
53518647
53518648
53518649
53518650
53518651
53518652
53518653
53518654
53518655
53518656
53518657
53518658
53518659
53518660
53518661
53518662
53518663
53518664
53518665
53518666
53518667
53518668
53518669
53518670
53518671
53518672
53518673
53518674
53518675
53518676
53518677
53518678
53518679
53518680
53518681
53518682
53518683
53518684
53518685
53518686
53518687
53518688
53518689
53518690
53518691
53518692
53518693
53518694
53518695
53518696
53518697
53518698
53518699
53518700
53518701
53518702
53518703
53518704
53518705
53518706
53518707
53518708
53518709
53518710
53518711
53518712
53518713
53518714
53518715
53518716
53518717
53518718
53518719
53518720
53518721
53518722
53518723
53518724
53518725
53518726
53518727
53518728
53518729
53518730
53518731
53518732
53518733
53518734
53518735
53518736
53518737
53518738
53518739
53518740
53518741
53518742
53518743
53518744
53518745
53518746
53518747
53518748
53518749
53518750
53518751
53518752
53518753
53518754
53518755
53518756
53518757
53518758
53518759
53518760
53518761
53518762
53518763
53518764
53518765
53518766
53518767
53518768
53518769
53518770
53518771
53518772
53518773
53518774
53552505
53552506
53552507
53552508
53552509
53552510
53552511
53552512
53552513
53552514
53552515
53552516
53552517
53552518
53552519
53552520
53552521
53552522
53552523
53552524
53552525
53552526
53552527
53552528
53552529
53552530
53552531
53552532
53552533
53552534
53552535
53552536
53552537
53552538
53552539
53552540
53552541
53552542
53552543
53552544
53552545
53552546
53552547
53552548
53552549
53552550
53552551
53552552
53552553
53552554
53552555
53552556
53552557
53552558
53552559
53552560
53552561
53552562
53552563
53552564
53552565
53552566
53552567
53552568
53552569
53552570
53552571
53552572
53552573
53552574
53552575
53552576
53552577
53552578
53552579
53552580
53552581
53552582
53552583
53552584
53552585
53552586
53552587
53552588
53552589
53552590
53552591
53552592
53552593
53552594
53552595
53552596
53552597
53552598
53552599
53552600
53552601
53552602
53552603
53552604
53552605
53552606
53552607
53552608
53552609
53552610
53552611
53552612
53552613
53552614
53552615
53552616
53552617
53552618
53552619
53552620
53552621
53552622
53552623
53552624
53552625
53552626
53552627
53552628
53552629
53552630
53552631
53552632
53552633
53552634
53552635
53552636
53552637
53552638
53552639
53552640
53552641
53552642
53552643
53552644
53552645
53552646
53552647
53552648
53552649
53552650
53552651
53552652
53552653
53552654
53552655
53552656
53552657
53552658
53552659
53552660
53552661
53552662
53552663
53552664
53552665
53552666
53552667
53552668
53552669
53552670
53552671
53552672
53552673
53552674
53552675
53552676
53552677
53552678
53552679
53552680
53552681
53552682
53552683
53552684
53552685
53552686
53552687
53552688
53552689
53552690
53552691
53552692
53552693
53552694
53552695
53552696
53552697
53552698
53552699
53552700
53552701
53552702
53552703
53552704
53552705
53552706
53552707
53552708
53552709
53552710
53552711
53552712
53552713
53552714
53552715
53552716
53552717
53552718
53552719
53552720
53552721
53552722
53552723
53552724
53552725
53552726
53552727
53552728
53552729
53552730
53552731
53552732
53552733
53552734
53552735
53552736
53552737
53552738
53552739
53552740
53552741
53552742
53552743
53552744
53552745
53552746
53552747
53552748
53552749
53552750
53552751
53552752
53552753
53552754
53552755
53552756
53552757
53552758
53552759
53552760
53552761
53552762
53552763
53552764
53552765
53552766
53552767
53552768
53552769
53552770
53552771
53552772
53552773
53552774
53552775
53552776
53552777
53552778
53552779
53552780
53552781
53552782
53552783
53552784
53552785
53552786
53552787
53552788
53552789
53552790
53552791
53552792
53552793
53552794
53552795
53552796
53552797
53552798
53552799
53552800
53552801
53552802
53552803
53552804
53552805
53552806
53552807
53552808
53552809
53552810
53552811
53552812
53552813
53552814
53552815
53552816
53552817
53552818
53552819
53552820
53552821
53552822
53552823
53552824
53552825
53552826
53552827
53552828
53552829
53552830
53552831
53552832
53552833
53552834
53552835
53552836
53552837
53552838
53552839
53552840
53552841
53552842
53552843
53552844
53552845
53552846
53552847
53552848
53552849
53552850
53552851
53552852
53552853
53552854
53552855
53552856
53552857
53552858
53552859
53552860
53552861
53552862
53552863
53552864
53552865
53552866
53552867
53552868
53552869
53552870
53552871
53552872
53552873
53552874
53552875
53552876
53552877
53552878
53552879
53552880
53552881
53552882
53552883
53552884
53552885
53552886
53552887
53552888
53552889
53552890
53552891
53552892
53552893
53552894
53552895
53552896
53552897
53552898
53552899
53552900
53552901
53552902
53552903
53552904
53552905
53552906
53552907
53552908
53552909
53552910
53552911
53552912
53552913
53552914
53552915
53552916
53552917
53552918
53552919
53552920
53552921
53552922
53552923
53552924
53552925
53552926
53552927
53552928
53552929
53552930
53552931
53552932
53552933
53552934
53552935
53552936
53552937
53552938
53552939
53552940
53552941
53552942
53552943
53552944
53552945
53552946
53552947
53552948
53552949
53552950
53552951
53552952
53552953
53552954
53552955
53552956
53552957
53552958
53552959
53552960
53552961
53552962
53552963
53552964
53552965
53552966
53552967
53552968
53552969
53552970
53552971
53552972
53552973
53552974
53552975
53552976
53552977
53552978
53552979
53552980
53552981
53552982
53552983
53552984
53552985
53552986
53552987
53552988
53552989
53552990
53552991
53552992
53552993
53552994
53552995
53552996
53552997
53552998
53552999
53553000
53553001
53553002
53553003
53553004
53553005
53553006
53553007
53553008
53553009
53553010
53553011
53553012
53553013
53553014
53553015
53553016
53553017
53553018
53553019
53553020
53553021
53553022
53553023
53553024
53553025
53553026
53553027
53553028
53553029
53553030
53553031
53553032
53553033
53553034
53553035
53553036
53553037
53553038
53553039
53553040
53553041
53553042
53553043
53553044
53553045
53553046
53553047
53553048
53553049
53553050
53553051
53553052
53553053
53553054
53553055
53553056
53553057
53553058
53553059
53553060
53553061
53553062
53553063
53553064
53553065
53553066
53553067
53553068
53553069
53553070
53553071
53553072
53553073
53553074
53553075
53553076
53553077
53553078
53553079
53553080
53553081
53553082
53553083
53553084
53553085
53553086
53553087
53553088
53553089
53553090
53553091
53553092
53553093
53553094
53553095
53553096
53553097
53553098
53553099
53553100
53553101
53553102
53553103
53553104
53553105
53553106
53553107
53553108
53553109
53553110
53553111
53553112
53553113
53553114
53553115
53553116
53553117
53553118
53553119
53553120
53553121
53553122
53553123
53553124
53553125
53553126
53553127
53553128
53553129
53553130
53553131
53553132
53553133
53553134
53553135
53553136
53553137
53553138
53553139
53553140
53553141
53553142
53553143
53553144
53553145
53553146
53553147
53553148
53553149
53553150
53553151
53553152
53553153
53553154
53553155
53553156
53553157
53553158
53553159
53553160
53553161
53553162
53553163
53553164
53553165
53553166
53553167
53553168
53553169
53553170
53553171
53553172
53553173
53553174
53553175
53553176
53553177
53553178
53553179
53553180
53553181
53553182
53553183
53553184
53553185
53553186
53553187
53553188
53553189
53553190
53553191
53553192
53553193
53553194
53553195
53553196
53553197
53553198
53553199
53553200
53553201
53553202
53553203
53553204
53553205
53553206
53553207
53553208
53553209
53553210
53553211
53553212
53553213
53553214
53553215
53553216
53553217
53553218
53553219
53553220
53553221
53553222
53553223
53553224
53553225
53553226
53553227
53553228
53553229
53553230
53553231
53553232
53553233
53553234
53553235
53553236
53553237
53553238
53553239
53553240
53553241
53553242
53553243
53553244
53553245
53553246
53553247
53553248
53553249
53553250
53553251
53553252
53553253
53553254
53553255
53553256
53553257
53553258
53553259
53553260
53553261
53553262
53553263
53553264
53553265
53553266
53553267
53553268
53553269
53553270
53553271
53553272
53553273
53553274
53553275
53553276
53553277
53553278
53553279
53553280
53553281
53553282
53553283
53553284
53553285
53553286
53553287
53553288
53553289
53553290
53553291
53553292
53553293
53553294
53553295
53553296
53553297
53553298
53553299
53553300
53553301
53553302
53553303
53553304
53553305
53553306
53553307
53553308
53553309
53553310
53553311
53553312
53553313
53553314
53553315
53553316
53553317
53553318
53553319
53553320
53553321
53553322
53553323
53553324
53553325
53553326
53553327
53553328
53553329
53553330
53553331
53553332
53553333
53553334
53553335
53553336
53553337
53553338
53553339
53553340
53553341
53553342
53553343
53553344
53553345
53553346
53553347
53553348
53553349
53553350
53553351
53553352
53553353
53553354
53553355
53553356
53553357
53553358
53553359
53553360
53553361
53553362
53553363
53553364
53553365
53553366
53553367
53553368
53553369
53553370
53553371
53553372
53553373
53553374
53553375
53553376
53553377
53553378
53553379
53553380
53553381
53553382
53553383
53553384
53553385
53553386
53553387
53553388
53553389
53553390
53553391
53553392
53553393
53553394
53553395
53553396
53553397
53553398
53553399
53553400
53553401
53553402
53553403
53553404
53553405
53553406
53553407
53553408
53553409
53553410
53553411
53553412
53553413
53553414
53553415
53553416
53553417
53553418
53553419
53553420
53553421
53553422
53553423
53553424
53553425
53553426
53553427
53553428
53553429
53553430
53553431
53553432
53553433
53553434
53553435
53553436
53553437
53553438
53553439
53553440
53553441
53553442
53553443
53553444
53553445
53553446
53553447
53553448
53553449
53553450
53553451
53553452
53553453
53553454
53553455
53553456
53553457
53553458
53553459
53553460
53553461
53553462
53553463
53553464
53553465
53553466
53553467
53553468
53553469
53553470
53553471
53553472
53553473
53553474
53553475
53553476
53553477
53553478
53553479
53553480
53553481
53553482
53553483
53553484
53553485
53553486
53553487
53553488
53553489
53553490
53553491
53553492
53553493
53553494
53553495
53553496
53553497
53553498
53553499
53553500
53553501
53553502
53553503
53553504
53553505
53553506
53553507
53553508
53553509
53553510
53553511
53553512
53553513
53553514
53553515
53553516
53553517
53553518
53553519
53553520
53553521
53553522
53553523
53553524
53553525
53553526
53553527
53553528
53553529
53553530
53553531
53553532
53553533
53553534
53553535
53553536
53553537
53553538
53553539
53553540
53553541
53553542
53553543
53553544
53553545
53553546
53553547
53553548
53553549
53553550
53553551
53553552
53553553
53553554
53553555
53553556
53553557
53553558
53553559
53553560
53553561
53553562
53553563
53553564
53553565
53553566
53553567
53553568
53553569
53553570
53553571
53553572
53553573
53553574
53553575
53553576
53553577
53553578
53553579
53553580
53553581
53553582
53553583
53553584
53553585
53553586
53553587
53553588
53553589
53553590
53553591
53553592
53553593
53553594
53553595
53553596
53553597
53553598
53553599
53553600
53553601
53553602
53553603
53553604
53553605
53553606
53553607
53553608
53553609
53553610
53553611
53553612
53553613
53553614
53553615
53553616
53553617
53553618
53553619
53553620
53553621
53553622
53553623
53553624
53553625
53553626
53553627
53553628
53553629
53553630
53553631
53553632
53553633
53553634
53553635
53553636
53553637
53553638
53553639
53553640
53553641
53553642
53553643
53553644
53553645
53553646
53553647
53553648
53553649
53553650
53553651
53553652
53553653
53553654
53553655
53553656
53553657
53553658
53553659
53553660
53553661
53553662
53553663
53553664
53553665
53553666
53553667
53553668
53553669
53553670
53553671
53553672
53553673
53553674
53553675
53553676
53553677
53553678
53553679
53553680
53553681
53553682
53553683
53553684
53553685
53553686
53553687
53553688
53553689
53553690
53553691
53553692
53553693
53553694
53553695
53553696
53553697
53553698
53553699
53553700
53553701
53553702
53553703
53553704
53553705
53553706
53553707
53553708
53553709
53553710
53553711
53553712
53553713
53553714
53553715
53553716
53553717
53553718
53553719
53553720
53553721
53553722
53553723
53553724
53553725
53553726
53553727
53553728
53553729
53553730
53553731
53553732
53553733
53553734
53553735
53553736
53553737
53553738
53553739
53553740
53553741
53553742
53553743
53553744
53553745
53553746
53553747
53553748
53553749
53553750
53553751
53553752
53553753
53553754
53553755
53553756
53553757
53553758
53553759
53553760
53553761
53553762
53553763
53553764
53553765
53553766
53553767
53553768
53553769
53553770
53553771
53553772
53553773
53553774
53553775
53553776
53553777
53553778
53553779
53553780
53553781
53553782
53553783
53553784
53553785
53553786
53553787
53553788
53553789
53553790
53553791
53553792
53553793
53553794
53553795
53553796
53553797
53553798
53553799
53553800
53553801
53553802
53553803
53553804
53553805
53553806
53553807
53553808
53553809
53553810
53553811
53553812
53553813
53553814
53553815
53553816
53553817
53553818
53553819
53553820
53553821
53553822
53553823
53553824
53553825
53553826
53553827
53553828
53553829
53553830
53553831
53553832
53553833
53553834
53553835
53553836
53553837
53553838
53553839
53553840
53553841
53553842
53553843
53553844
53553845
53553846
53553847
53553848
53553849
53553850
53553851
53553852
53553853
53553854
53553855
53553856
53553857
53553858
53553859
53553860
53553861
53553862
53553863
53553864
53553865
53553866
53553867
53553868
53553869
53553870
53553871
53553872
53553873
53553874
53553875
53553876
53553877
53553878
53553879
53553880
53553881
53553882
53553883
53553884
53553885
53553886
53553887
53553888
53553889
53553890
53553891
53553892
53553893
53553894
53553895
53553896
53553897
53553898
53553899
53553900
53553901
53553902
53553903
53553904
53553905
53553906
53553907
53553908
53553909
53553910
53553911
53553912
53553913
53553914
53553915
53553916
53553917
53553918
53553919
53553920
53553921
53553922
53553923
53553924
53553925
53553926
53553927
53553928
53553929
53553930
53553931
53553932
53553933
53553934
53553935
53553936
53553937
53553938
53553939
53553940
53553941
53553942
53553943
53553944
53553945
53553946
53553947
53553948
53553949
53553950
53553951
53553952
53553953
53553954
53553955
53553956
53553957
53553958
53553959
53553960
53553961
53553962
53553963
53553964
53553965
53553966
53553967
53553968
53553969
53553970
53553971
53553972
53553973
53553974
53553975
53553976
53553977
53553978
53553979
53553980
53553981
53553982
53553983
53553984
53553985
53553986
53553987
53553988
53553989
53553990
53553991
53553992
53553993
53553994
53553995
53553996
53553997
53553998
53553999
53554000
53554001
53554002
53554003
53554004
53554005
53554006
53554007
53554008
53554009
53554010
53554011
53554012
53554013
53554014
53554015
53554016
53554017
53554018
53554019
53554020
53554021
53554022
53554023
53554024
53554025
53554026
53554027
53554028
53554029
53554030
53554031
53554032
53554033
53554034
53554035
53554036
53554037
53554038
53554039
53554040
53554041
53554042
53554043
53554044
53554045
53554046
53554047
53554048
53554049
53554050
53554051
53554052
53554053
53554054
53554055
53554056
53554057
53554058
53554059
53554060
53554061
53554062
53554063
53554064
53554065
53554066
53554067
53554068
53554069
53554070
53554071
53554072
53554073
53554074
53554075
53554076
53554077
53554078
53554079
53554080
53554081
53554082
53554083
53554084
53554085
53554086
53554087
53554088
53554089
53554090
53554091
53554092
53554093
53554094
53554095
53554096
53554097
53554098
53554099
53554100
53554101
53554102
53554103
53554104
53554105
53554106
53554107
53554108
53554109
53589515
53589516
53589517
53589518
53589519
53589520
53589521
53589522
53589523
53589524
53589525
53589526
53589527
53589528
53589529
53578310
53578311
53578312
53578313
53578314
53578315
53578316
53578317
53578318
53578319
53578320
53578321
53578322
53578323
53578324
53578325
53578326
53578327
53578328
53578329
53578330
53578331
53578332
53578333
53578334
53578335
53578336
53578337
53578338
53578339
53578340
53578341
53578342
53578343
53578344
53578345
53578346
53578347
53578348
53578349
53578350
53578351
53578352
53578353
53578354
53578355
53578356
53578357
53578358
53578359
53578360
53578361
53578362
53578363
53578364
53578365
53578366
53578367
53578368
53578369
53578370
53578371
53578372
53578373
53578374
53578375
53578376
53578377
53578378
53578379
53578380
53578381
53578382
53578383
53578384
53578385
53578386
53578387
53578388
53578389
53578390
53578391
53578392
53578393
53578394
53578395
53578396
53578397
53578398
53578399
53578400
53578401
53578402
53578403
53578404
53578405
53578406
53578407
53578408
53578409
53578410
53578411
53578412
53578413
53578414
53578415
53578416
53578417
53578418
53578419
53578420
53578421
53578422
53578423
53578424
53578425
53578426
53578427
53578428
53578429
53578430
53578431
53578432
53578433
53578434
53578435
53578436
53577393
53577394
53577395
53577396
53577397
53577398
53577399
53577400
53577401
53577402
53577403
53577404
53577405
53577406
53577407
53577408
53577409
53577410
53577411
53577412
53577413
53577414
53577415
53577416
53577417
53577418
53577419
53577420
53577421
53577422
53577423
53577424
53577425
53577426
53577427
53577428
53577429
53577430
53577431
53577432
53577433
53577434
53577435
53577436
53577437
53577438
53577439
53577440
53577441
53577442
53577443
53577444
53577445
53577446
53577447
53577448
53577449
53577450
53577451
53577452
53577453
53577454
53577455
53577456
53577457
53577458
53577459
53577460
53577461
53577462
53577463
53577464
53577465
53577466
53577467
53577468
53577469
53577470
53577471
53577472
53577473
53577474
53577475
53577476
53577477
53577478
53577479
53577480
53577481
53577482
53577483
53577484
53577485
53577486
53577487
53577488
53577489
53577490
53577491
53577492
53577493
53577494
53577495
53577496
53577497
53577498
53577499
53577500
53577501
53577502
53577503
53577504
53577505
53577506
53577507
53577508
53577509
53577510
53577511
53577512
53577513
53577514
53577515
53577516
53577517
53577518
53577519
53577520
53577521
53571333
53571334
53571335
53571336
53571337
53571338
53571339
53571340
53571341
53571342
53571343
53571344
53571345
53571346
53571347
53571348
53571349
53571350
53571351
53571352
53571353
53571354
53571355
53571356
53571357
53571358
53571359
53571360
53571361
53571362
53571363
53571364
53571365
53571366
53571367
53571368
53571369
53571370
53571371
53571372
53571373
53571374
53571375
53571376
53571377
53571378
53571379
53571380
53571381
53571382
53571383
53571384
53571385
53571386
53571387
53571388
53571389
53571390
53571391
53571392
53571393
53571394
53571395
53571396
53571397
53571398
53571399
53571400
53571401
53571402
53571403
53571404
53571405
53571406
53571407
53571408
53571409
53571410
53571411
53571412
53571413
53571414
53571415
53571416
53571417
53571418
53571419
53571420
53571421
53571422
53571423
53571424
53571425
53571426
53571427
53571428
53571429
53571430
53571431
53571432
53571433
53571434
53571435
53571436
53571437
53571438
53571439
53571440
53571441
53571442
53571443
53571444
53571445
53571446
53571447
53571448
53571449
53571450
53571451
53571452
53571453
53571454
53571455
53571456
53571457
53571458
53571459
53571460
53571461
53571462
53571463
53571464
53571465
53571466
53571467
53571468
53571469
53571470
53571471
53571472
53571473
53571474
53571475
53571476
53571477
53571478
53571479
53571480
53571481
53571482
53571483
53571484
53571485
53571486
53571487
53571488
53571489
53571490
53571491
53571492
53571493
53571494
53571495
53571496
53571497
53571498
53571499
53571500
53571501
53571502
53571503
53571504
53571505
53571506
53571507
53571508
53571509
53571510
53571511
53571512
53571513
53571514
53571515
53571516
53571517
53571518
53571519
53571520
53571521
53571522
53571523
53571524
53571525
53571526
53571527
53571528
53571529
53571530
53571531
53571532
53571533
53571534
53571535
53571536
53571537
53571538
53571539
53571540
53571541
53571542
53571543
53571544
53571545
53571546
53571547
53571548
53571549
53571550
53571551
53571552
53571553
53571554
53571555
53571556
53571557
53571558
53571559
53571560
53571561
53571562
53571563
53571564
53571565
53571566
53571567
53571568
53571569
53571570
53571571
53571572
53571573
53571574
53571575
53571576
53571577
53571578
53571579
53571580
53571581
53571582
53571583
53571584
53571585
53571586
53571587
53571588
53571589
53571590
53571591
53571592
53571593
53571594
53571595
53571596
53571597
53571598
53571599
53571600
53571601
53571602
53571603
53571604
53571605
53571606
53571607
53571608
53571609
53571610
53571611
53571612
53571613
53571614
53571615
53571616
53571617
53571618
53571619
53571620
53571621
53571622
53571623
53571624
53571625
53571626
53571627
53571628
53571629
53571630
53571631
53571632
53571633
53571634
53571635
53571636
53571637
53571638
53571639
53571640
53571641
53571642
53571643
53571644
53571645
53571646
53571647
53571648
53571649
53571650
53571651
53571652
53571653
53571654
53571655
53571656
53571657
53571658
53571659
53571660
53571661
53571662
53571663
53571664
53571665
53571666
53571667
53571668
53571669
53571670
53571671
53571672
53571673
53571674
53571675
53571676
53571677
53571678
53571679
53571680
53571681
53571682
53571683
53571684
53571685
53571686
53571687
53571688
53571689
53571690
53571691
53571692
53571693
53571694
53571695
53571696
53571697
53571698
53571699
53571700
53571701
53571702
53571703
53571704
53571705
53571706
53571707
53571708
53571709
53571710
53571711
53571712
53571713
53571714
53571715
53571716
53571717
53571718
53571719
53571720
53571721
53571722
53571723
53571724
53571725
53571726
53571727
53571728
53571729
53571730
53571731
53571732
53571733
53571734
53571735
53571736
53571737
53571738
53571739
53571740
53571741
53571742
53571743
53571744
53571745
53571746
53571747
53571748
53571749
53571750
53571751
53571752
53571753
53571754
53571755
53571756
53571757
53571758
53571759
53571760
53571761
53571762
53571763
53571764
53571765
53571766
53571767
53571768
53571769
53571770
53571771
53571772
53571773
53571774
53571775
53571776
53571777
53571778
53571779
53571780
53571781
53571782
53571783
53571784
53571785
53571786
53571787
53571788
53571789
53571790
53571791
53571792
53571793
53571794
53571795
53571796
53571797
53571798
53571799
53571800
53571801
53571802
53571803
53571804
53571805
53571806
53571807
53571808
53571809
53571810
53571811
53571812
53571813
53571814
53571815
53571816
53571817
53571818
53571819
53571820
53571821
53571822
53571823
53571824
53571825
53571826
53571827
53571828
53571829
53571830
53571831
53571832
53571833
53571834
53571835
53571836
53571837
53571838
53571839
53571840
53571841
53571842
53571843
53571844
53571845
53571846
53571847
53571848
53571849
53571850
53571851
53571852
53571853
53571854
53571855
53571856
53571857
53571858
53571859
53571860
53571861
53571862
53571863
53571864
53571865
53571866
53571867
53571868
53571869
53571870
53571871
53571872
53571873
53571874
53571875
53571876
53571877
53571878
53571879
53571880
53571881
53571882
53571883
53571884
53571885
53571886
53571887
53571888
53571889
53571890
53571891
53571892
53571893
53571894
53571895
53571896
53571897
53571898
53571899
53571900
53571901
53571902
53571903
53571904
53571905
53571906
53571907
53571908
53571909
53571910
53571911
53571912
53571913
53571914
53571915
53571916
53571917
53571918
53571919
53571920
53571921
53571922
53571923
53571924
53571925
53571926
53571927
53571928
53571929
53571930
53571931
53571932
53571933
53571934
53571935
53571936
53571937
53571938
53571939
53571940
53571941
53571942
53571943
53571944
53571945
53571946
53571947
53571948
53571949
53571950
53571951
53571952
53571953
53571954
53571955
53571956
53571957
53571958
53571959
53571960
53571961
53571962
53571963
53571964
53571965
53571966
53571967
53571968
53571969
53571970
53571971
53571972
53571973
53571974
53571975
53571976
53571977
53571978
53571979
53571980
53571981
53571982
53571983
53571984
53571985
53571986
53571987
53571988
53571989
53571990
53571991
53571992
53571993
53571994
53571995
53571996
53571997
53571998
53571999
53572000
53572001
53572002
53572003
53572004
53572005
53572006
53572007
53572008
53572009
53572010
53572011
53572012
53572013
53572014
53572015
53572016
53572017
53572018
53572019
53572020
53572021
53572022
53572023
53572024
53572025
53572026
53572027
53572028
53572029
53572030
53572031
53572032
53572033
53572034
53572035
53572036
53572037
53572038
53572039
53572040
53572041
53572042
53572043
53572044
53572045
53572046
53572047
53572048
53572049
53572050
53572051
53572052
53572053
53572054
53572055
53572056
53572057
53572058
53572059
53572060
53572061
53572062
53572063
53572064
53572065
53572066
53572067
53572068
53572069
53572070
53572071
53572072
53572073
53572074
53572075
53572076
53572077
53572078
53572079
53572080
53572081
53572082
53572083
53572084
53572085
53572086
53572087
53572088
53572089
53572090
53572091
53572092
53572093
53572094
53572095
53572096
53572097
53572098
53572099
53572100
53572101
53572102
53572103
53572104
53572105
53572106
53572107
53572108
53572109
53572110
53572111
53572112
53572113
53572114
53572115
53572116
53572117
53572118
53572119
53572120
53572121
53572122
53572123
53572124
53572125
53572126
53572127
53572128
53572129
53572130
53572131
53572132
53572133
53572134
53572135
53572136
53572137
53572138
53572139
53572140
53572141
53572142
53572143
53572144
53572145
53572146
53572147
53572148
53572149
53572150
53572151
53572152
53572153
53572154
53572155
53572156
53572157
53572158
53572159
53572160
53572161
53572162
53572163
53572164
53572165
53572166
53572167
53572168
53572169
53572170
53572171
53572172
53572173
53572174
53572175
53572176
53572177
53572178
53572179
53572180
53572181
53572182
53572183
53572184
53572185
53572186
53572187
53572188
53572189
53572190
53572191
53572192
53572193
53572194
53572195
53572196
53572197
53572198
53572199
53572200
53572201
53572202
53572203
53572204
53572205
53572206
53572207
53572208
53572209
53572210
53572211
53572212
53572213
53572214
53572215
53572216
53572217
53572218
53572219
53572220
53572221
53572222
53572223
53572224
53572225
53572226
53572227
53572228
53572229
53572230
53572231
53572232
53572233
53572234
53572235
53572236
53572237
53572238
53572239
53572240
53572241
53572242
53572243
53572244
53572245
53572246
53572247
53572248
53572249
53572250
53572251
53572252
53572253
53572254
53572255
53572256
53572257
53572258
53572259
53572260
53572261
53572262
53572263
53572264
53572265
53572266
53572267
53572268
53572269
53572270
53572271
53572272
53572273
53572274
53572275
53572276
53572277
53572278
53572279
53572280
53572281
53572282
53572283
53572284
53572285
53572286
53572287
53572288
53572289
53572290
53572291
53572292
53572293
53572294
53572295
53572296
53572297
53572298
53572299
53572300
53572301
53572302
53572303
53572304
53572305
53572306
53572307
53572308
53572309
53572310
53572311
53572312
53572313
53572314
53572315
53572316
53572317
53572318
53572319
53572320
53572321
53572322
53572323
53572324
53572325
53572326
53572327
53572328
53572329
53572330
53572331
53572332
53572333
53572334
53572335
53572336
53572337
53572338
53572339
53572340
53572341
53572342
53572343
53572344
53572345
53572346
53572347
53572348
53572349
53572350
53572351
53572352
53572353
53572354
53572355
53572356
53572357
53572358
53572359
53572360
53572361
53572362
53572363
53572364
53572365
53572366
53572367
53572368
53572369
53572370
53572371
53572372
53572373
53572374
53572375
53572376
53572377
53572378
53572379
53572380
53572381
53572382
53572383
53572384
53572385
53572386
53572387
53572388
53572389
53572390
53572391
53572392
53572393
53572394
53572395
53572396
53572397
53572398
53572399
53572400
53572401
53572402
53572403
53572404
53572405
53572406
53572407
53572408
53572409
53572410
53572411
53572412
53572413
53572414
53572415
53572416
53572417
53572418
53572419
53572420
53572421
53572422
53572423
53572424
53572425
53572426
53572427
53572428
53572429
53572430
53572431
53572432
53572433
53572434
53572435
53572436
53572437
53572438
53572439
53572440
53572441
53572442
53572443
53572444
53572445
53572446
53572447
53572448
53572449
53572450
53572451
53572452
53572453
53572454
53572455
53572456
53572457
53572458
53572459
53572460
53572461
53572462
53572463
53572464
53572465
53572466
53572467
53572468
53572469
53572470
53572471
53572472
53572473
53572474
53572475
53572476
53572477
53572478
53572479
53572480
53572481
53572482
53572483
53572484
53572485
53572486
53572487
53572488
53572489
53572490
53572491
53572492
53572493
53572494
53572495
53572496
53572497
53572498
53572499
53572500
53572501
53572502
53572503
53572504
53572505
53572506
53572507
53572508
53572509
53572510
53572511
53572512
53572513
53572514
53572515
53572516
53572517
53572518
53572519
53572520
53572521
53572522
53572523
53572524
53572525
53572526
53572527
53572528
53572529
53572530
53572531
53572532
53572533
53572534
53572535
53572536
53572537
53572538
53572539
53572540
53572541
53572542
53572543
53572544
53572545
53572546
53572547
53572548
53572549
53572550
53572551
53572552
53572553
53572554
53572555
53572556
53572557
53572558
53572559
53572560
53572561
53572562
53572563
53572564
53572565
53572566
53572567
53572568
53572569
53572570
53572571
53572572
53572573
53572574
53572575
53572576
53572577
53572578
53572579
53572580
53572581
53572582
53572583
53572584
53572585
53572586
53572587
53572588
53572589
53572590
53572591
53572592
53572593
53572594
53572595
53572596
53572597
53572598
53572599
53572600
53572601
53572602
53572603
53572604
53572605
53572606
53572607
53572608
53572609
53572610
53572611
53572612
53572613
53572614
53572615
53572616
53572617
53572618
53572619
53572620
53572621
53572622
53572623
53572624
53572625
53572626
53572627
53572628
53572629
53572630
53572631
53572632
53572633
53572634
53572635
53572636
53572637
53572638
53572639
53572640
53572641
53572642
53572643
53572644
53572645
53572646
53572647
53572648
53572649
53572650
53572651
53572652
53572653
53572654
53572655
53572656
53572657
53572658
53572659
53572660
53572661
53572662
53572663
53572664
53572665
53572666
53572667
53572668
53572669
53572670
53572671
53572672
53572673
53572674
53572675
53572676
53572677
53572678
53572679
53572680
53572681
53572682
53572683
53572684
53572685
53572686
53572687
53572688
53572689
53572690
53572691
53572692
53572693
53572694
53572695
53572696
53572697
53572698
53572699
53572700
53572701
53572702
53572703
53572704
53572705
53572706
53572707
53572708
53572709
53572710
53572711
53572712
53572713
53572714
53572715
53572716
53572717
53572718
53572719
53572720
53572721
53572722
53572723
53572724
53572725
53572726
53572727
53572728
53572729
53572730
53572731
53572732
53572733
53572734
53572735
53572736
53572737
53572738
53572739
53572740
53572741
53572742
53572743
53572744
53572745
53572746
53572747
53572748
53572749
53572750
53572751
53572752
53572753
53572754
53572755
53572756
53572757
53572758
53572759
53572760
53572761
53572762
53572763
53572764
53572765
53572766
53572767
53572768
53572769
53572770
53572771
53572772
53572773
53572774
53572775
53572776
53572777
53572778
53572779
53572780
53572781
53572782
53572783
53572784
53572785
53572786
53572787
53572788
53572789
53572790
53572791
53572792
53572793
53572794
53572795
53572796
53572797
53572798
53572799
53572800
53572801
53572802
53572803
53572804
53572805
53572806
53572807
53572808
53572809
53572810
53572811
53572812
53572813
53572814
53572815
53572816
53572817
53572818
53572819
53572820
53572821
53572822
53572823
53572824
53572825
53572826
53572827
53572828
53572829
53572830
53572831
53572832
53572833
53572834
53572835
53572836
53572837
53572838
53572839
53572840
53572841
53572842
53572843
53572844
53572845
53572846
53572847
53572848
53572849
53572850
53572851
53572852
53572853
53572854
53572855
53572856
53572857
53572858
53572859
53572860
53572861
53572862
53572863
53572864
53572865
53572866
53572867
53572868
53572869
53572870
53572871
53572872
53572873
53572874
53572875
53572876
53572877
53572878
53572879
53572880
53572881
53572882
53572883
53572884
53572885
53572886
53572887
53572888
53572889
53572890
53572891
53572892
53572893
53572894
53572895
53572896
53572897
53572898
53572899
53572900
53572901
53572902
53572903
53572904
53572905
53572906
53572907
53572908
53572909
53572910
53572911
53572912
53572913
53572914
53572915
53572916
53572917
53572918
53572919
53572920
53572921
53572922
53572923
53572924
53572925
53572926
53572927
53572928
53572929
53572930
53572931
53572932
53572933
53572934
53572935
53572936
53572937
53572938
53572939
53572940
53572941
53572942
53572943
53572944
53572945
53572946
53572947
53572948
53572949
53572950
53572951
53572952
53572953
53572954
53572955
53572956
53572957
53572958
53572959
53572960
53572961
53572962
53572963
53572964
53572965
53572966
53572967
53572968
53572969
53572970
53572971
53572972
53572973
53572974
53572975
53572976
53572977
53572978
53572979
53572980
53572981
53572982
53572983
53572984
53572985
53572986
53572987
53572988
53572989
53572990
53572991
53572992
53572993
53572994
53572995
53572996
53572997
53572998
53572999
53573000
53573001
53573002
53573003
53573004
53573005
53573006
53573007
53573008
53573009
53573010
53573011
53573012
53573013
53573014
53573015
53573016
53573017
53573018
53573019
53573020
53573021
53573022
53573023
53573024
53573025
53573026
53573027
53573028
53573029
53573030
53573031
53573032
53573033
53573034
53573035
53573036
53573037
53573038
53573039
53573040
53573041
53573042
53573043
53573044
53573045
53573046
53573047
53573048
53573049
53573050
53573051
53573052
53573053
53573054
53573055
53573056
53573057
53573058
53573059
53573060
53573061
53573062
53573063
53573064
53573065
53573066
53573067
53573068
53573069
53573070
53573071
53573072
53573073
53573074
53573075
53573076
53573077
53573078
53573079
53573080
53573081
53573082
53573083
53573084
53573085
53573086
53573087
53573088
53573089
53573090
53573091
53573092
53573093
53573094
53573095
53573096
53573097
53573098
53573099
53573100
53573101
53573102
53573103
53573104
53573105
53573106
53573107
53573108
53573109
53573110
53573111
53573112
53573113
53573114
53573115
53573116
53573117
53573118
53573119
53573120
53573121
53573122
53573123
53573124
53573125
53573126
53573127
53573128
53573129
53573130
53573131
53573132
53573133
53573134
53573135
53573136
53573137
53573138
53573139
53573140
53573141
53573142
53573143
53573144
53573145
53573146
53573147
53573148
53573149
53573150
53573151
53573152
53573153
53573154
53573155
53573156
53573157
53573158
53573159
53573160
53573161
53573162
53573163
53573164
53573165
53573166
53573167
53573168
53573169
53573170
53573171
53573172
53573173
53573174
53573175
53573176
53573177
53573178
53573179
53573180
53573181
53573182
53573183
53573184
53573185
53573186
53573187
53573188
53573189
53573190
53573191
53573192
53573193
53573194
53573195
53573196
53573197
53573198
53573199
53573200
53573201
53573202
53573203
53573204
53573205
53573206
53573207
53573208
53573209
53573210
53573211
53573212
53573213
53573214
53573215
53573216
53573217
53573218
53573219
53573220
53573221
53573222
53573223
53573224
53573225
53573226
53573227
53573228
53573229
53573230
53573231
53573232
53573233
53573234
53573235
53573236
53573237
53573238
53573239
53573240
53573241
53573242
53573243
53573244
53573245
53573246
53573247
53573248
53573249
53573250
53573251
53573252
53573253
53573254
53573255
53573256
53573257
53573258
53573259
53573260
53573261
53573262
53573263
53573264
53573265
53573266
53573267
53573268
53573269
53573270
53573271
53573272
53573273
53573274
53573275
53573276
53573277
53573278
53573279
53573280
53573281
53573282
53573283
53573284
53573285
53573286
53573287
53573288
53573289
53573290
53573291
53573292
53573293
53573294
53573295
53573296
53573297
53573298
53573299
53573300
53573301
53573302
53573303
53573304
53573305
53573306
53573307
53573308
53573309
53573310
53573311
53573312
53573313
53573314
53573315
53573316
53573317
53573318
53573319
53573320
53573321
53573322
53573323
53573324
53573325
53573326
53573327
53573328
53573329
53573330
53573331
53573332
53573333
53573334
53573335
53573336
53573337
53573338
53573339
53573340
53573341
53573342
53573343
53573344
53573345
53573346
53573347
53573348
53573349
53573350
53573351
53573352
53573353
53573354
53573355
53573356
53573357
53573358
53573359
53573360
53573361
53573362
53573363
53573364
53573365
53573366
53573367
53573368
53573369
53573370
53573371
53573372
53573373
53573374
53573375
53573376
53573377
53573378
53573379
53573380
53573381
53573382
53573383
53573384
53573385
53573386
53573387
53573388
53573389
53573390
53573391
53573392
53573393
53573394
53573395
53573396
53573397
53573398
53573399
53573400
53573401
53573402
53573403
53573404
53573405
53573406
53573407
53573408
53573409
53573410
53573411
53573412
53573413
53573414
53573415
53573416
53573417
53573418
53573419
53573420
53573421
53573422
53573423
53573424
53573425
53573426
53573427
53573428
53573429
53573430
53573431
53573432
53573433
53573434
53573435
53573436
53573437
53573438
53573439
53573440
53573441
53573442
53573443
53573444
53573445
53573446
53573447
53573448
53573449
53573450
53573451
53573452
53573453
53573454
53573455
53573456
53573457
53573458
53573459
53573460
53573461
53573462
53573463
53573464
53573465
53573466
53573467
53573468
53573469
53573470
53573471
53573472
53573473
53573474
53573475
53573476
53573477
53573478
53573479
53573480
53573481
53573482
53573483
53573484
53573485
53573486
53573487
53573488
53573489
53573490
53573491
53573492
53573493
53573494
53573495
53573496
53573497
53573498
53573499
53573500
53573501
53573502
53573503
53573504
53573505
53573506
53573507
53573508
53573509
53573510
53573511
53573512
53573513
53573514
53573515
