13862623
13862624
13862625
13865103
13865104
13865105
13865106
13865107
13865108
13865109
13865110
13865111
13865112
13865113
13865114
13865115
13865116
13865117
13865118
13865119
13865120
13865121
13865122
13865123
13865124
13865125
13865126
13865127
13865128
13865129
13865130
13865131
13865132
13865133
13865134
13865135
13865136
13865137
13865138
13865139
13865140
13865141
13865142
13865143
13865144
13865145
13865146
13865147
13865148
13865149
13865150
13865151
13865152
13865153
13865154
13865155
13865156
13867011
13867012
13867013
13867014
13867015
13867016
13867017
13867018
13867019
13867020
13867021
13867022
13867023
13867024
13867025
13867026
13867027
13867028
13867029
13867030
13867031
13867032
13867033
13867034
13867035
13867036
13867037
13867038
13867039
13867040
13867041
13867042
13867043
13867044
13867045
13867046
13867047
13867048
13867049
13867050
13867051
13867052
13867053
13867054
13867055
13867056
13867057
13867058
13867059
13867060
13867061
13867062
13867063
13867064
13867065
13867066
13867067
13867068
13867069
13867070
13867071
13867072
13867073
13867074
13867075
13867076
13867077
13867078
13867079
13867080
13867081
13867082
13867083
13867084
13867085
13867086
13867087
13867088
13867089
13867090
13867091
13867092
13867093
13868232
13868233
13868234
13868235
13868236
13868237
13868238
13868239
13868240
13868241
13868242
13868243
13868244
13868245
13868246
13868247
13868248
13868249
13868250
13868251
13868252
13868253
13868254
13868255
13868256
13868257
13868258
13868259
13868260
13868261
13868262
13868263
13868264
13868265
13868266
13868267
13868268
13868269
13868270
13868271
13868272
13868273
13868274
13868275
13868276
13868277
13868278
13868279
13868280
13868281
13868282
13868283
13868284
13868285
13868286
13868287
13868600
13868601
13868602
13868603
13868604
13868605
13868606
13868607
13868608
13868609
13868610
13868611
13868612
13868613
13868614
13868615
13868616
13868617
13868618
13868619
13868620
13868621
13868622
13868623
13868624
13868625
13868626
13868627
13868628
13868629
13868630
13868631
13868632
13868633
13868634
13868635
13868636
13868637
13868638
13868639
13868640
13868641
13868642
13868643
13868644
13868645
13868646
13868647
13868648
13868649
13868650
13868651
13868652
13868653
13868654
13868655
13868656
13868657
13868658
13868659
13868660
13869682
13869683
13869684
13869685
13869686
13869687
13869688
13869689
13869690
13869691
13869692
13869693
13869694
13869695
13869696
13869697
13869698
13869699
13869700
13869701
13869702
13869703
13869704
13869705
13869706
13869707
13869708
13869709
13869710
13869711
13869712
13869713
13869714
13869715
13869716
13869717
13869718
13869719
13869720
13869721
13869722
13869723
13869724
13869725
13869726
13869727
13869728
13869729
13869730
13869731
13869732
13869733
13869734
13869735
13869736
13869737
13869738
13869739
13869740
13869741
13869742
13869743
13869744
13869745
13869746
13869747
13869748
13869749
13869750
13869751
13869752
13869753
13869754
13869755
13869756
13869757
13869758
13869759
13869760
13869761
13869762
13869763
13869764
13869765
13869766
13869767
13869768
13869769
13869770
13869771
13869772
13869773
13869774
13869775
13869776
13869777
13869778
13869779
13869780
13869781
13869782
13869783
13869784
13869785
13869786
13869787
13869788
13869789
13869790
13869791
13869792
13869793
13869794
13869795
13869796
13869797
13869798
13869799
13869800
13869801
13869802
13869803
13869804
13869805
13869806
13869807
13869808
13869809
13869810
13869811
13869812
13869813
13869814
13869815
13869816
13869817
13869818
13869819
13869820
13869821
13869822
13869823
13869824
13869914
13869915
13869916
13869917
13869918
13869919
13869920
13869921
13869922
13869923
13869924
13869925
13869926
13869927
13869928
13869929
13869930
13869931
13869932
13869933
13869934
13869935
13869936
13869937
13869938
13869939
13869940
13869941
13869942
13869943
13869944
13869945
13869946
13869947
13869948
13869949
13869950
13869951
13869952
13869953
13869954
13869955
13869956
13869957
13869958
13869959
13869960
13869961
13869962
13869963
13869964
13869965
13869966
13869967
13869968
13869969
13869970
13869971
13869972
13869973
13869974
13869975
13869976
13869977
13869978
13869979
13869980
13869981
13869982
13869983
13869984
13869985
13869986
13869987
13869988
13869989
13869990
13869991
13869992
13869993
13869994
13869995
13869996
13869997
13869998
13869999
13870000
13870001
13870002
13870003
13870004
13870005
13870006
13870007
13870008
13870009
13870010
13870011
13870012
13870013
13870014
13870015
13870016
13870017
13870018
13870019
13870020
13870021
13870022
13870023
13870024
13870025
13870026
13870027
13870028
13870029
13870030
13870031
13870032
13870033
13870034
13870035
13870036
13870037
13870038
13870039
13870040
13870041
13870042
13870043
13870044
13870045
13870046
13870047
13870048
13870049
13870050
13870051
13870052
13870053
13870054
13870055
13870056
13870057
13870058
13870059
13870060
13870061
13870062
13870063
13870064
13870065
13870066
13870067
13870068
13870069
13870070
13870071
13870072
13870073
13870074
13870075
13870076
13870077
13870078
13870079
13870080
13870081
13870082
13870083
13870084
13870085
13870086
13873113
13873114
13873115
13873116
13873117
13873118
13873119
13873120
13873121
13873122
13873123
13873124
13873125
13873126
13873127
13873128
13873129
13873130
13873131
13873132
13873133
13873134
13873135
13873136
13873137
13873138
13873139
13873140
13873141
13873142
13873143
13873144
13873145
13873146
13873147
13873148
13873149
13873150
13873151
13873152
13873153
13873154
13873155
13873156
13873157
13873158
13873159
13873160
13873161
13873162
13873163
13873164
13873165
13873166
13873167
13873168
13873169
13873170
13873171
13873172
13873173
13873174
13873175
13873176
13873177
13873178
13873179
13873180
13873181
13873182
13873183
13873184
13873185
13873186
13873187
13873188
13873189
13873190
13873191
13873192
13873193
13873194
13873195
13873196
13873197
13873198
13873199
13873200
13873201
13873202
13873203
13873204
13873205
13873206
13873207
13873208
13873209
13873210
13873211
13873212
13873213
13873214
13873215
13873216
13873217
13873218
13873219
13873220
13873221
13873222
13873223
13873224
13873225
13873226
13873227
13873228
13873229
13873230
13873231
13873232
13873233
13873234
13873235
13873236
13873237
13873238
13873239
13873240
13873241
13873242
13873243
13873244
13873245
13873246
13873247
13873248
13873249
13873250
13873251
13873404
13873405
13873406
13873407
13873408
13873409
13873410
13873411
13873412
13873413
13873414
13873415
13873416
13873417
13873418
13873419
13873420
13873421
13873422
13873423
13873424
13873425
13873426
13873427
13873428
13873429
13873430
13873431
13873432
13873433
13873434
13873435
13873436
13873437
13873438
13873439
13873440
13873441
13873442
13873443
13873444
13873445
13873446
13873447
13873448
13873449
13873450
13873451
13873452
13873453
13873454
13873455
13873456
13873457
13873458
13873459
13873460
13873461
13873462
13873463
13873464
13873465
13873466
13873467
13873468
13873469
13873470
13873471
13873472
13873473
13873474
13873475
13873476
13873477
13873478
13873479
13873480
13873481
13873482
13873483
13873484
13873485
13873486
13873487
13873488
13873489
13873490
13873491
13873492
13873493
13873494
13873495
13873496
13873497
13873498
13873499
13873500
13873501
13873502
13873503
13873504
13873505
13873506
13873507
13873508
13873509
13873510
13873511
13873512
13873513
13873514
13873515
13873516
13873517
13873518
13873519
13873520
13873521
13873522
13873523
13873524
13873525
13873526
13873527
13873528
13873529
13873530
13873531
13873532
13873533
13873534
13873535
13873536
13873537
13873538
13873539
13873540
13873541
13873542
13873543
13873544
13873545
13873546
13873547
13873548
13873549
13873550
13873551
13873552
13873553
13873554
13873555
13873556
13873557
13873558
13873559
13873560
13873561
13873562
13873563
13873564
13873565
13873566
13873567
13873568
13873569
13873570
13873571
13873572
13873573
13873574
13873575
13873576
13873577
13873578
13873579
13873580
13873581
13873582
13873583
13873584
13873585
13873586
13873587
13873588
13873589
13873590
13873591
13873592
13873593
13873594
13873595
13873596
13873597
13873598
13873599
13873600
13873601
13873602
13873603
13873604
13873605
13873606
13873607
13873608
13873609
13873610
13873611
13873612
13873613
13873614
13873615
13873616
13873617
13873618
13873619
13873620
13873621
13873622
13873623
13873624
13873625
13873626
13873627
13873628
13873629
13873630
13873631
13873632
13873633
13873634
13873635
13873636
13873637
13873638
13873639
13873640
13873641
13873642
13873643
13873644
13873645
13873646
13873647
13873648
13873649
13873650
13873651
13873652
13873653
13873654
13873655
13873656
13873657
13873658
13873659
13873660
13873661
13873662
13873663
13873664
13873665
13873666
13873667
13873668
13873669
13873670
13873671
13873672
13873673
13873674
13873675
13873676
13873677
13873678
13873679
13873680
13873681
13873682
13873683
13873684
13873685
13873686
13873687
13873688
13873689
13873690
13873691
13873692
13873693
13873694
13873695
13873696
13873697
13873698
13873699
13873700
13873701
13873702
13873703
13873704
13873705
13873706
13873707
13873708
13873709
13873710
13873711
13873712
13873713
13873714
13873715
13873716
13873717
13873718
13873719
13873720
13873721
13873722
13873723
13873724
13873725
13873726
13873727
13873728
13873729
13873730
13873731
13873732
13873733
13873734
13873735
13873736
13873737
13873738
13873739
13873740
13873741
13873742
13873743
13873744
13873745
13873746
13873747
13873748
13873749
13873750
13873751
13873752
13873753
13873754
13873755
13873756
13873757
13873758
13873759
13873760
13873761
13873762
13873763
13873764
13873765
13873766
13873767
13873768
13873769
13873770
13873771
13873772
13873773
13873774
13873775
13873776
13873777
13873778
13873779
13873780
13873781
13873782
13873783
13873784
13873785
13873786
13873787
13873788
13873789
13873790
13873791
13873792
13873793
13873794
13873795
13873796
13873797
13873798
13873799
13873800
13873801
13873802
13873803
13873804
13873805
13873806
13873807
13873808
13873809
13873810
13873811
13873812
13873813
13873814
13873815
13873816
13873817
13873818
13873819
13873820
13873821
13873822
13873823
13873824
13873825
13873826
13873827
13873828
13873829
13873830
13873831
13873832
13873833
13873834
13873835
13873836
13873837
13873838
13873839
13873840
13873841
13873842
13873843
13873844
13873845
13873846
13873847
13873848
13873849
13873850
13873851
13873852
13873853
13873854
13873855
13873856
13873857
13873858
13873859
13873860
13873861
13873862
13873863
13873864
13873865
13873866
13873867
13873868
13873869
13873870
13873871
13873872
13873873
13873874
13873875
13873876
13873877
13873878
13873879
13875403
13875404
13875405
13875406
13875407
13875408
13875409
13875410
13875411
13875412
13875413
13875414
13875415
13875416
13875417
13875418
13875419
13875420
13875421
13875422
13875423
13875424
13875425
13875426
13875427
13875428
13875429
13875430
13875431
13875432
13875433
13875434
13875435
13875436
13875437
13875438
13875439
13875440
13875441
13875442
13875443
13875444
13875445
13875446
13875447
13875448
13875449
13875450
13875451
13875452
13875453
13875454
13875455
13875456
13875457
13875458
13875459
13875460
13875461
13875462
13875463
13875464
13875465
13875466
13875467
13875468
13875469
13875470
13875471
13875472
13875473
13875474
13875475
13875476
13875477
13875478
13875479
13875480
13875481
13875482
13875483
13875484
13875485
13875486
13875487
13875488
13875489
13875490
13875491
13875492
13875493
13875494
13875495
13875496
13875497
13875498
13875499
13875500
13875501
13875502
13875503
13875504
13875505
13875506
13875507
13875508
13875509
13875510
13875511
13875512
13875513
13875514
13875515
13875516
13875517
13875518
13875519
13875520
13875521
13875522
13875523
13875524
13875525
13875526
13875527
13875528
13875529
13875530
13875531
13875532
13875533
13875534
13875685
13875686
13875687
13875688
13875689
13875690
13875691
13875692
13875693
13875694
13875695
13875696
13875697
13875698
13875699
13875700
13875701
13875702
13875703
13875704
13875705
13875706
13875707
13875708
13875709
13875710
13875711
13875712
13875713
13875714
13875715
13875716
13875717
13875718
13875719
13875720
13875721
13875722
13875723
13875724
13875725
13875726
13875727
13875728
13875729
13875730
13875731
13875732
13875733
13875734
13875735
13875736
13875737
13875738
13875739
13875740
13875741
13875742
13875743
13875744
13875745
13875746
13875747
13875748
13875749
13875750
13875751
13875752
13875753
13875754
13875755
13875756
13875757
13875758
13875759
13875760
13875761
13875762
13875763
13875764
13875765
13875766
13875767
13875768
13875769
13875770
13875771
13875772
13875773
13875774
13875775
13875776
13875777
13875778
13875779
13875780
13875781
13875782
13875783
13875784
13875785
13875786
13875787
13875788
13875789
13875790
13875791
13875792
13875793
13875794
13875795
13875796
13875797
13875798
13875799
13875800
13875801
13875802
13875803
13875804
13875805
13875806
13875807
13875808
13875809
13875810
13875811
13875812
13875813
13875814
13875815
13875816
13875817
13875818
13875819
13875820
13875821
13875822
13875823
13875824
13875825
13875826
13875827
13875828
13875829
13875830
13875831
13875832
13875833
13875834
13875835
13875836
13875837
13875838
13875839
13875840
13875841
13875842
13875843
13875844
13875845
13875846
13875847
13875848
13875849
13875850
13875851
13875852
13875853
13875854
13875855
13875856
13875857
13875858
13875859
13875860
13875861
13875862
13875863
13875864
13875865
13875866
13875867
13875868
13875869
13875870
13875871
13875872
13875873
13875874
13875875
13875876
13875877
13875878
13875879
13875880
13875881
13875882
13875883
13875884
13875885
13875886
13875887
13875888
13875889
13875890
13875891
13875892
13875893
13875894
13875895
13875896
13875897
13875898
13875899
13875900
13875901
13875902
13875903
13875904
13875905
13875906
13875907
13875908
13875909
13875910
13875911
13875912
13875913
13875914
13875915
13875916
13875917
13875918
13875919
13875920
13875921
13875922
13875923
13876768
13876769
13876770
13876771
13876772
13876773
13876774
13876775
13876776
13876777
13876778
13876779
13876780
13876781
13876782
13876783
13876784
13876785
13876786
13876787
13876788
13876789
13876790
13876791
13876792
13876793
13876794
13876795
13876796
13876797
13876798
13876799
13876800
13876801
13876802
13876803
13876804
13876805
13876806
13876807
13876808
13876809
13876810
13876811
13876812
13876813
13876814
13876815
13876816
13876817
13876818
13876819
13876820
13876821
13876822
13876823
13876824
13876825
13876826
13876827
13876828
13876829
13876830
13876831
13876832
13876833
13876834
13876835
13876836
13876837
13876838
13876839
13876840
13876841
13876842
13876843
13876844
13876845
13876846
13876847
13876848
13876849
13876850
13876851
13876852
13876853
13876854
13876855
13876856
13876857
13876858
13876859
13876860
13876861
13876862
13876863
13876864
13876865
13876866
13876867
13876868
13876869
13876870
13876871
13876872
13876873
13876874
13876875
13876876
13876877
13876878
13876879
13876880
13876881
13876882
13876883
13876884
13876885
13876886
13876887
13876888
13876889
13876890
13876891
13876892
13876893
13876894
13876895
13876896
13876897
13876898
13876899
13876900
13876901
13876902
13876903
13876904
13876905
13876906
13876907
13876908
13876909
13876910
13876911
13876912
13876913
13876914
13876915
13876916
13876917
13876918
13876919
13876920
13876921
13876922
13876923
13876924
13876925
13876926
13876927
13876928
13876929
13876930
13876931
13876932
13876933
13876934
13876935
13876936
13876937
13876938
13876939
13876940
13876941
13876942
13876943
13879375
13879376
13879377
13879378
13879379
13879380
13879381
13879382
13879383
13879384
13879385
13879386
13879387
13879388
13879389
13879390
13879391
13879392
13879393
13879394
13879395
13879396
13879397
13879398
13879399
13879400
13879401
13879402
13879403
13879404
13879405
13879406
13879407
13879408
13879409
13879410
13879411
13879412
13879413
13879414
13879415
13879416
13879417
13879418
13879419
13879420
13879421
13879422
13879423
13879424
13879425
13879426
13879427
13879428
13879429
13879430
13879431
13879432
13879433
13879434
13879435
13879436
13879437
13879438
13879439
13879440
13879441
13879442
13879443
13879444
13879445
13879446
13879447
13879448
13879449
13879450
13879451
13879452
13879453
13879454
13879455
13879456
13879457
13879458
13879459
13879460
13879461
13879462
13879463
13879464
13879465
13879466
13879467
13879468
13879469
13879470
13879471
13879472
13879473
13879474
13879475
13879476
13879477
13879478
13879479
13879480
13879481
13879482
13879483
13879484
13879485
13879486
13879487
13879488
13879489
13879490
13879491
13879492
13879493
13879494
13879495
13879496
13879497
13879498
13879499
13879500
13879501
13879502
13879503
13879504
13879505
13879506
13879507
13879508
13879509
13879510
13879511
13879512
13879513
13879514
13879515
13879516
13879517
13879518
13879519
13879520
13879521
13879522
13879523
13879524
13879525
13879526
13879527
13879528
13879529
13879530
13879531
13879532
13879533
13879534
13879535
13879536
13879537
13879538
13879539
13879540
13879541
13879542
13879543
13879544
13879545
13879546
13879547
13879548
13879549
13879550
13879551
13879638
13879639
13879640
13879641
13879642
13879643
13879644
13879645
13879646
13879647
13879648
13879649
13879650
13879651
13879652
13879653
13879654
13879655
13879656
13879657
13879658
13879659
13879660
13879661
13879662
13879663
13879664
13879665
13879666
13879667
13879668
13879669
13879670
13879671
13879672
13879673
13879674
13879675
13879676
13879677
13879678
13879679
13879680
13879681
13879682
13879683
13879684
13879685
13879686
13879687
13879688
13879689
13879690
13879691
13879692
13879693
13879694
13879695
13879696
13879697
13879698
13879699
13879700
13879701
13879702
13879703
13879704
13879705
13879706
13879707
13879708
13879709
13879710
13879711
13879712
13879713
13879714
13879715
13879716
13879717
13879718
13879719
13879720
13879721
13879722
13879723
13879724
13879725
13879726
13879727
13879728
13879729
13879730
13879731
13879732
13879733
13879734
13879735
13879736
13879737
13879738
13879739
13879740
13879741
13879742
13879743
13879744
13879745
13879746
13879747
13879748
13879749
13879750
13879751
13879752
13879753
13879754
13879755
13879756
13879757
13879758
13879759
13879760
13879761
13879762
13879763
13879764
13879765
13879766
13879767
13879768
13879769
13879770
13879771
13879772
13879773
13879774
13879775
13879776
13879777
13879778
13879779
13879780
13879781
13879782
13879783
13879784
13879785
13879786
13879787
13879788
13879789
13879790
13879791
13879792
13879793
13879794
13879795
13879796
13879797
13879798
13879799
13879800
13879801
13879802
13879803
13879804
13879805
13879806
13879807
13879808
13879809
13879810
13879811
13879812
13879813
13879814
13879815
13879816
13879817
13879818
13879819
13879820
13879821
13879822
13879823
13879824
13879825
13879826
13879827
13879828
13879829
13879830
13879831
13879832
13879833
13879834
13879835
13879836
13879837
13879838
13879839
13879840
13879841
13879842
13879843
13879844
13879845
13879846
13879847
13879848
13879849
13879850
13879851
13879852
13879853
13879854
13879855
13879856
13879857
13879858
13879859
13879860
13879861
13879862
13882935
13882936
13882937
13882938
13882939
13882940
13882941
13882942
13882943
13882944
13882945
13882946
13882947
13882948
13882949
13882950
13882951
13882952
13882953
13882954
13882955
13882956
13882957
13882958
13882959
13882960
13882961
13882962
13882963
13882964
13882965
13882966
13882967
13882968
13882969
13882970
13882971
13882972
13882973
13882974
13882975
13882976
13882977
13882978
13882979
13882980
13882981
13882982
13882983
13882984
13882985
13882986
13882987
13882988
13882989
13882990
13882991
13882992
13882993
13882994
13882995
13882996
13882997
13882998
13882999
13883000
13883001
13883002
13883003
13883004
13883005
13883006
13883007
13883008
13883009
13883010
13883011
13883012
13883013
13883014
13883015
13883016
13883017
13883018
13883019
13883020
13883021
13883022
13883023
13883024
13883025
13883026
13883027
13883028
13883029
13883030
13883031
13883032
13883033
13883034
13883035
13883036
13883037
13883038
13883039
13883040
13883041
13883042
13883043
13883044
13883045
13883046
13883047
13883048
13883049
13883050
13883051
13883052
13883053
13883054
13883055
13883056
13883057
13883058
13883059
13883060
13883061
13883062
13883063
13883064
13883065
13883066
13883067
13883068
13883069
13883070
13883071
13883072
13883073
13883074
13883075
13883076
13883077
13883078
13883079
13883080
13883081
13883082
13883083
13883084
13883085
13883086
13883087
13883088
13883089
13883090
13883091
13883092
13885292
13885293
13885294
13885295
13885296
13885297
13885298
13885299
13885300
13885301
13885302
13885303
13885304
13885305
13885306
13885307
13885308
13885309
13885310
13885311
13885312
13885313
13885314
13885315
13885316
13885317
13885318
13885319
13885320
13885321
13885322
13885323
13885324
13885325
13885326
13885327
13885328
13885329
13885330
13885331
13885332
13885333
13885334
13885335
13885336
13885337
13885338
13885339
13885340
13885341
13885342
13885343
13885344
13885345
13885346
13885347
13885348
13885349
13885350
13885351
13885352
13885353
13885354
13885355
13885356
13885357
13885358
13885359
13885360
13885361
13885362
13885363
13885364
13885365
13885366
13885367
13885368
13885369
13885370
13885371
13885372
13885373
13885374
13885375
13885376
13885377
13885378
13885379
13885380
13885381
13885382
13885383
13885384
13885385
13885386
13885387
13885388
13885466
13885467
13885468
13885469
13885470
13885471
13885472
13885473
13885474
13885475
13885476
13885477
13885478
13885479
13885480
13885481
13885482
13885483
13885484
13885485
13885486
13885487
13885488
13885489
13885490
13885491
13885492
13885493
13885494
13885495
13885496
13885497
13885498
13885499
13885500
13885501
13885502
13885503
13885504
13885505
13885506
13885507
13885508
13885509
13885510
13885511
13885512
13885513
13885514
13885515
13885516
13885517
13885518
13885519
13885520
13885521
13888866
13888867
13888868
13888869
13888870
13888871
13888872
13888873
13888874
13888875
13888876
13888877
13888878
13888879
13888880
13888881
13888882
13888883
13888884
13888885
13888886
13888887
13888888
13888889
13888890
13888891
13888892
13888893
13888894
13888895
13888896
13888897
13888898
13888899
13888900
13888901
13888902
13888903
13888904
13888905
13888906
13888907
13888908
13888909
13888910
13888911
13888912
13888913
13888914
13888915
13888916
13888917
13888918
13888919
13888920
13888921
13888922
13888923
13888924
13888925
13888926
13888927
13888928
13888929
13888930
13888931
13888932
13888933
13888934
13888935
13888936
13888937
13888938
13888939
13888940
13888941
13888942
13888943
13888944
13888945
13888946
13888947
13888948
13888949
13888950
13888951
13888952
13888953
13888954
13888955
13888956
13888957
13888958
13888959
13888960
13888961
13888962
13888963
13888964
13888965
13888966
13888967
13888968
13888969
13888970
13888971
13888972
13888973
13888974
13888975
13888976
13888977
13888978
13888979
13888980
13888981
13888982
13888983
13888984
13888985
13888986
13888987
13888988
13888989
13888990
13888991
13888992
13888993
13888994
13888995
13888996
13888997
13888998
13888999
13889000
13889001
13889002
13889003
13889004
13889005
13889006
13889007
13889008
13889009
13900900
13900901
13900902
13900903
13900904
13900905
13900906
13900907
13900908
13900909
13900910
13900911
13900912
13900913
13900914
13900915
13900916
13900917
13900918
13900919
13900920
13900921
13900922
13900923
13900924
13900925
13900926
13900927
13900928
13900929
13900930
13900931
13900932
13900933
13900934
13900935
13900936
13900937
13900938
13900939
13900940
13900941
13900942
13900943
13900944
13900945
13900946
13900947
13900948
13900949
13900950
13900951
13900952
13900953
13900954
13900955
13900956
13900957
13900958
13900959
13900960
13900961
13900962
13900963
13900964
13900965
13900966
13900967
13900968
13900969
13900970
13900971
13900972
13900149
13900150
13900151
13900152
13900153
13900154
13900155
13900156
13900157
13900051
13900052
13900053
13900054
13900055
13900056
13900057
13900058
13900059
13900060
13900061
13900062
13900063
13900064
13900065
13900066
13900067
13900068
13900069
13900070
13900071
13900072
13900073
13900074
13900075
13900076
13900077
13900078
13900079
13900080
13900081
13900082
13900083
13900084
13900085
13900086
13900087
13900088
13900089
13900090
13900091
13900092
13900093
13900094
13900095
13900096
13900097
13900098
13900099
13900100
13900101
13900102
13900103
13900104
13900105
13899021
13899022
13899023
13899024
13899025
13899026
13899027
13899028
13899029
13899030
13899031
13899032
13899033
13899034
13899035
13899036
13899037
13899038
13899039
13899040
13899041
13899042
13899043
13899044
13899045
13899046
13899047
13899048
13899049
13899050
13899051
13899052
13899053
13899054
13899055
13899056
13899057
13899058
13899059
13899060
13899061
13899062
13892140
13892141
13892142
13892143
13892144
13892145
13892146
13892147
13892148
13892149
13892150
13892151
13892152
13892153
13892154
13892155
13892156
13892157
13892158
13892159
13892160
13892161
13892162
13892163
13892164
13892165
13892166
13892167
13892168
13892169
13892170
13892171
13892172
13892173
13892174
13892175
13892176
13892177
13892178
13892179
13892180
13892181
13892182
13892183
13892184
13892185
13892186
13892187
13892188
13892189
13892190
13892191
13892192
13892193
13892194
13892195
13892196
13892197
13892198
13892199
13892200
13892201
13892202
13892203
13892204
13892205
13892206
13892207
13892208
13892209
13892210
13892211
13892212
13892213
13892214
13892215
13892216
13892217
13892218
13892219
13892220
13892221
13892222
13892223
13892224
13892225
13892226
13892227
13892228
13892229
13892230
13892231
13892232
13892233
13892234
13892235
13892236
13892237
13892238
13892239
13892240
13892241
13892242
13892243
13892244
13892245
13892246
13892247
13892248
13892249
13892250
13892251
13892252
13892253
13892254
13892255
13892256
13892257
13892258
13892259
13892260
13892261
13892262
13892263
13892264
13892265
13892266
13892267
13892268
13892269
13892270
13892271
13892272
13892273
13892274
13892275
13892276
13892277
13892278
13892279
13892280
13892281
13892282
13892283
13892284
13892285
13892286
13892287
13892288
13892289
13892290
13892291
13892292
13892293
13892294
13892295
13892296
13892297
13892298
13892299
13892300
13892301
13892302
13892303
13892304
13892305
13892306
13892307
13892308
13892309
13892310
13892311
13891002
13891003
13891004
13891005
13891006
13891007
13891008
13891009
13891010
13891011
13891012
13891013
13891014
13891015
13891016
13891017
13890884
13890885
13890886
13890887
13890888
13890889
13890890
13890891
13890892
13890893
13890894
13890895
13890896
13890897
13890898
13890899
13890900
13906463
13906464
13906465
13906466
13906467
13906468
13906469
13906470
13906471
13906472
13906473
13906474
13906475
13906476
13906477
13906478
13906479
13906480
13906481
13906482
13906483
13906484
13906485
13906486
13906487
13906488
13906489
13906490
13906491
13906492
13906493
13906494
13906495
13906496
13906497
13906498
13906499
13906500
13906501
13906502
13906503
13906504
13906505
13906506
13906507
13906508
13906509
13906510
13906511
13906512
13906513
13906514
13906515
13906516
13906517
13906518
13906519
13906520
13906521
13906522
13906523
13906524
13906525
13906526
13906527
13906528
13906529
13906530
13906531
13906532
13906533
13906534
13906535
13906536
13906537
13906538
13906539
13906540
13906541
13906542
13906543
13906544
13906545
13906546
13906547
13906548
13906549
13906550
13906551
13906552
13906553
13906554
13906555
13906556
13906557
13906558
13906559
13906560
13906561
13906562
13906563
13906564
13906565
13906566
13906567
13906568
13906569
13906570
13906571
13906572
13906573
13906574
13906575
13906576
13906577
13906578
13906579
13906580
13906581
13906582
13906583
13906584
13906585
13906586
13906587
13906588
13906589
13906590
13906591
13906592
13906593
13906594
13906595
13906596
13906597
13906598
13906599
13906600
13906601
13906602
13906603
13906604
13906605
13906606
13906607
13906608
13906609
13906610
13906611
13906612
13906613
13906614
13906615
13910534
13910535
13910536
13910537
13910538
13910539
13910540
13910541
13910542
13910543
13910544
13910545
13910546
13910547
13910548
13910549
13910550
13910551
13910552
13910553
13910554
13910555
13910556
13910557
13910558
13910559
13910560
13910561
13910562
13910563
13910564
13910565
13910566
13910567
13910568
13910569
13910570
13910571
13910572
13910573
13910574
13910575
13910576
13910577
13910578
13910579
13910580
13910581
13910582
13910583
13910584
13910585
13910586
13910587
13910588
13910589
13910590
13910591
13910592
13910593
13910594
13910595
13910596
13910597
13910598
13910599
13910600
13910601
13910602
13910603
13910604
13910605
13910606
13910607
13910608
13910609
13910610
13910611
13910612
13910613
13910614
13910615
13910616
13910617
13910618
13910619
13910620
13910621
13910622
13910623
13910624
13910625
13910626
13910627
13910628
13910629
13910630
13910631
13910632
13910633
13910634
13910635
13910636
13910637
13910638
13910639
13910640
13910641
13910642
13910643
13910644
13910645
13910646
13910647
13910648
13910649
13910650
13910651
13910652
13910653
13910654
13910655
13910656
13910657
13910658
13910659
13910660
13910661
13910662
13910663
13910664
13910665
13910666
13910667
13910668
13910669
13910670
13910671
13910672
13910673
13910674
13910675
13910676
13910677
13910678
13910679
13910680
13910681
13910682
13910683
13910684
13910685
13910686
13910687
13910688
13910689
13910690
13910691
13910692
13910693
13910694
13910695
13910696
13910697
13910698
13910699
13910700
13910701
13910702
13910703
13910704
13910705
13910706
13910707
13910708
13910709
13910710
13910711
13910712
13910713
13910714
13910715
13910716
13910717
13910718
13910719
13910720
13910721
13910722
13910723
13910724
13910725
13910726
13910727
13910728
13910729
13910730
13910731
13910732
13910733
13910734
13910735
13915606
13915607
13915608
13915609
13915610
13915611
13915612
13915613
13915614
13915615
13915616
13915617
13915618
13915619
13915620
13915621
13915622
13915623
13915624
13915625
13915626
13915627
13915628
13915629
13915630
13915631
13915632
13915633
13915634
13915635
13915636
13915637
13915638
13915639
13915640
13915641
13915642
13915643
13915644
13915645
13915646
13915647
13915648
13915649
13915650
13915651
13915652
13915653
13915654
13915655
13915656
13915657
13915658
13915659
13915660
13915661
13915662
13915663
13915664
13915665
13915666
13915667
13915668
13915669
13915670
13915671
13915672
13915673
13915674
13915675
13915676
13915677
13915678
13915679
13915680
13915681
13915682
13915683
13915684
13915685
13915686
13915687
13915688
13915689
13915690
13915691
13915692
13915693
13915694
13915695
13915696
13915697
13915698
13915699
13915700
13915701
13915702
13915703
13915704
13915705
13915706
13915707
13915708
13915709
13915710
13915711
13915712
13915713
13915714
13915715
13915716
13915717
13915718
13915719
13915720
13915721
13915722
13915723
13915724
13915725
13915726
13915727
13915728
13915729
13915730
13915731
13915732
13915733
13915734
13915735
13915736
13915737
13915738
13915739
13915740
13915741
13915742
13915743
13915744
13915745
13915746
13915747
13915748
13915749
13915750
13915751
13915752
13915753
13915754
13915755
13915756
13915757
13915758
13915759
13915760
13915761
13915762
13915763
13915764
13915765
13915766
13915767
13915768
13915769
13915770
13915771
13915772
13915773
13915774
13915775
13915776
13915777
13915778
13915779
13915780
13915781
13915782
13915783
13915784
13915785
13915786
13915787
13915788
13915789
13915790
13915791
13915792
13915793
13915794
13915795
13915796
13915797
13915798
13915799
13915800
13915801
13915802
13915803
13915804
13915805
13915806
13915807
13915808
13915809
13915810
13915811
13915812
13915813
13915814
13915815
13915816
13915817
13915818
13915819
13915820
13915821
13915822
13915823
13915824
13915825
13915826
13915827
13915828
13915829
13915830
13915831
13915832
13915833
13915834
13915835
13915836
13915837
13915838
13915839
13915840
13915841
13915842
13915843
13915844
13915845
13915846
13915847
13915848
13915849
13915850
13915851
13915852
13915853
13915854
13915855
13915856
13915857
13915858
13915859
13915860
13915861
13915862
13915863
13915864
13915865
13915866
13915867
13915868
13915869
13915870
13915871
13915872
13915873
13915874
13915875
13915876
13915877
13915878
13915879
13915880
13915881
13915882
13915883
13915884
13915885
13915886
13915887
13915888
13915889
13915890
13915891
13915892
13915893
13915894
13915895
13915896
13915897
13915898
13915899
13915900
13915901
13915902
13915903
13915904
13915905
13915906
13915907
13915908
13915909
13915910
13915911
13915912
13915913
13915914
13915915
13915916
13915917
13915918
13915919
13915920
13915921
13915922
13915923
13915924
13915925
13915926
13915927
13915928
13915929
13915930
13915931
13915932
13915933
13915934
13915935
13915936
13915937
13915938
13915939
13915940
13915941
13915942
13915943
13915944
13915945
13915946
13915947
13915948
13915949
13915950
13915951
13915952
13915953
13915954
13915955
13915956
13915957
13915958
13915959
13915960
13915961
13915962
13919650
13919651
13919652
13919653
13919654
13919655
13919656
13919657
13919658
13919659
13919660
13919661
13919662
13919663
13919664
13919665
13919666
13919667
13919668
13919669
13919670
13919671
13919672
13919673
13919674
13919675
13919676
13919677
13919678
13919679
13919680
13919681
13919682
13919683
13919684
13919685
13919686
13919687
13919688
13919689
13919690
13919691
13919692
13919693
13919694
13919695
13919696
13919697
13919698
13919699
13919700
13919701
13919702
13919703
13919704
13919705
13919706
13919707
13919708
13919709
13919710
13919711
13919712
13919713
13919714
13919715
13919716
13919717
13919718
13919719
13919720
13919721
13919722
13919723
13919724
13919725
13919726
13919727
13919728
13919729
13919730
13919731
13919732
13919733
13919734
13919735
13919736
13919737
13919738
13919739
13919740
13919741
13919742
13919743
13919744
13919745
13919746
13919747
13919748
13919749
13919750
13919751
13919752
13919753
13919754
13919755
13919756
13919757
13919758
13919759
13919760
13919761
13919762
13919763
13919764
13919765
13919766
13919767
13919768
13919769
13919770
13919771
13919772
13919773
13919774
13919775
13919776
13919777
13919778
13919779
13919780
13919781
13919782
13919783
13919784
13919785
13919786
13919787
13919788
13919789
13919790
13919791
13919792
13919793
13919794
13919795
13919796
13919797
13919798
13919884
13919885
13919886
13919887
13919888
13919889
13919890
13919891
13919892
13919893
13919894
13919895
13919896
13919897
13919898
13919899
13919900
13919901
13919902
13919903
13919904
13919905
13919906
13919907
13919908
13919909
13919910
13919911
13919912
13919913
13919914
13919915
13919916
13919917
13919918
13919919
13919920
13919921
13919922
13919923
13919924
13919925
13919926
13919927
13919928
13919929
13919930
13919931
13919932
13919933
13919934
13919935
13919936
13919937
13919938
13919939
13919940
13919941
13919942
13919943
13919944
13919945
13919946
13919947
13919948
13919949
13919950
13919951
13919952
13919953
13919954
13919955
13919956
13919957
13919958
13919959
13919960
13919961
13919962
13919963
13919964
13919965
13919966
13919967
13919968
13919969
13919970
13919971
13919972
13919973
13919974
13919975
13919976
13919977
13919978
13919979
13919980
13919981
13919982
13919983
13919984
13919985
13919986
13919987
13919988
13919989
13919990
13919991
13919992
13919993
13919994
13919995
13919996
13919997
13919998
13919999
13920000
13920001
13920002
13920003
13920004
13920005
13920006
13920007
13920008
13920009
13920010
13920011
13920012
13920013
13920014
13920015
13920016
13920017
13920018
13920019
13920020
13920021
13920022
13920023
13920024
13920025
13920026
13920027
13920028
13920029
13920030
13920031
13920032
13920033
13920034
13923811
13923812
13923813
13923814
13923815
13923816
13923817
13923818
13923819
13923820
13923821
13923822
13923823
13923824
13923825
13923826
13923827
13923828
13923829
13923830
13923831
13923832
13923833
13923834
13923835
13923836
13923837
13923838
13923839
13923840
13923841
13923842
13923843
13923844
13923845
13923846
13923847
13923848
13923849
13923850
13923851
13923852
13923853
13923854
13923855
13923856
13923857
13923858
13923859
13923860
13923861
13923862
13923863
13923864
13923865
13923866
13923867
13923868
13923869
13923870
13923871
13923872
13923873
13923874
13923875
13923876
13923877
13923878
13923879
13923880
13923881
13923882
13923883
13923884
13923885
13923886
13923887
13923888
13923889
13923890
13923891
13923892
13923893
13923894
13923895
13923896
13923897
13923898
13923899
13923900
13923901
13923902
13923903
13923904
13923905
13923906
13923907
13923908
13923909
13923910
13923911
13923912
13923913
13923914
13923915
13923916
13923917
13923918
13923919
13923920
13923921
13923922
13923923
13923924
13923925
13923926
13923927
13923928
13923929
13923930
13923931
13923932
13923933
13923934
13923935
13923936
13923937
13923938
13923939
13923940
13923941
13923942
13923943
13923944
13923945
13923946
13923947
13923948
13923949
13923950
13923951
13923952
13923953
13923954
13923955
13923956
13923957
13923958
13923959
13923960
13923961
13923962
13923963
13923964
13923965
13923966
13923967
13923968
13923969
13923970
13923971
13923972
13923973
13923974
13923975
13923976
13923977
13923978
13928030
13928031
13928032
13928033
13928034
13928035
13928036
13928037
13928038
13928039
13928040
13928041
13928042
13928043
13928044
13928045
13928046
13928047
13928048
13928049
13928050
13928051
13928052
13928053
13928054
13928055
13928056
13928057
13928058
13928059
13928060
13928061
13928062
13928063
13928064
13928065
13928066
13928067
13928068
13928069
13928070
13928071
13928072
13928073
13928074
13928075
13928076
13928077
13928078
13928079
13928080
13928081
13928082
13928083
13928084
13928085
13928086
13928087
13928088
13928089
13928090
13928091
13928092
13928093
13928094
13928095
13928096
13928097
13928098
13928099
13928100
13928101
13928102
13928103
13928104
13928105
13928106
13928107
13928108
13928109
13928110
13928111
13928112
13928113
13928114
13928115
13928116
13928117
13928118
13928119
13928120
13928121
13928122
13928123
13928124
13928125
13928126
13928127
13928128
13928129
13928130
13928131
13928132
13928133
13928134
13928135
13928136
13928137
13928138
13928139
13928140
13928141
13928142
13928143
13928144
13928145
13928146
13928147
13928148
13928149
13928150
13928151
13928152
13928153
13928154
13928155
13928156
13928157
13928158
13928159
13928160
13928161
13928162
13928163
13928164
13928165
13928166
13928167
13928536
13928537
13928538
13928539
13928540
13928541
13928542
13928543
13928544
13928545
13928546
13928547
13928548
13928549
13928550
13928551
13928552
13928553
13928554
13928555
13928556
13928557
13928558
13928559
13928560
13928561
13928562
13928563
13928564
13928565
13928566
13928567
13928568
13928569
13928570
13928571
13928572
13928573
13928574
13928575
13928576
13928577
13928578
13928579
13928580
13928581
13928582
13928583
13928584
13928585
13928586
13928587
13928588
13928589
13928590
13928591
13928592
13928593
13928594
13928595
13928596
13928597
13928598
13928599
13928600
13928601
13928602
13928603
13928604
13928605
13928606
13928607
13928608
13928609
13928610
13928611
13928612
13928613
13928614
13928615
13928616
13928617
13928618
13928619
13928620
13928621
13928622
13928623
13928624
13928625
13928626
13928627
13928628
13928629
13928630
13928631
13928632
13928633
13928634
13928635
13928636
13928637
13928638
13928639
13928640
13928641
13928642
13928643
13928644
13928645
13928646
13928647
13928648
13928649
13928650
13928651
13928652
13928653
13928654
13928655
13928656
13928657
13928658
13928659
13928660
13928661
13928662
13928663
13928664
13928665
13928666
13928667
13928668
13928669
13928670
13928671
13928672
13928673
13928674
13928675
13928676
13928677
13928678
13928679
13928680
13928681
13928682
13928683
13928684
13928685
13928686
13928687
13928688
13928689
13928690
13928691
13928692
13928693
13928694
13928695
13928696
13928697
13928698
13928699
13928700
13928701
13928702
13928703
13928704
13928705
13928706
13928707
13928708
13928709
13928710
13928711
13928712
13928713
13928714
13928715
13928716
13928717
13928718
13928719
13928720
13928721
13928722
13928723
13928724
13928725
13928726
13928727
13928728
13928729
13928730
13928731
13928732
13928733
13928734
13928735
13928736
13928737
13928738
13928739
13928740
13928741
13928742
13928743
13928744
13928745
13928746
13928747
13928748
13928749
13928750
13928751
13928752
13928753
13928754
13928755
13928756
13928757
13928758
13928759
13928760
13928761
13928762
13928763
13928764
13928765
13928766
13928767
13928768
13928769
13928770
13928771
13928772
13928773
13928774
13928775
13928776
13928777
13928778
13928779
13928780
13928781
13928782
13928783
13928784
13928785
13928786
13928787
13928788
13928789
13928790
13930171
13930172
13930173
13930174
13930175
13930176
13930177
13930178
13930179
13930180
13930181
13930182
13930183
13930184
13930185
13930186
13930187
13930188
13930189
13930190
13930191
13930192
13930193
13930194
13930195
13930196
13930197
13930198
13930199
13930200
13930201
13930202
13930203
13930204
13930205
13930206
13930207
13930208
13930209
13930210
13930211
13930212
13930213
13930214
13930215
13930216
13930217
13930218
13930219
13930220
13930221
13930222
13930223
13930224
13930225
13930226
13930227
13930228
13930229
13930230
13930231
13930232
13930233
13930234
13930235
13930236
13930237
13930238
13930239
13930240
13930241
13930242
13930243
13930244
13930245
13930246
13930247
13930248
13930249
13930250
13930251
13930252
13930253
13930254
13930255
13930256
13930257
13930258
13930259
13930260
13930261
13930262
13930263
13930264
13930265
13930266
13930267
13930268
13930269
13930270
13930271
13930272
13930273
13930274
13930275
13930276
13930277
13930278
13930279
13930280
13930281
13930282
13930283
13930284
13930285
13930286
13930287
13930288
13930289
13930290
13930291
13930292
13930293
13930294
13930295
13930296
13930297
13930298
13930299
13930300
13930301
13930302
13930303
13930304
13930305
13930306
13934160
13934161
13934162
13934163
13934164
13934165
13934166
13934167
13934168
13934169
13934170
13934171
13934172
13934173
13934174
13934175
13934176
13934177
13934178
13934179
13934180
13934181
13934182
13934183
13934184
13934185
13934186
13934187
13934188
13934189
13934190
13934191
13934192
13934193
13934194
13934195
13934196
13934197
13934198
13934199
13934200
13934201
13934202
13934203
13934204
13934205
13934206
13934207
13934208
13934209
13934210
13934211
13934212
13934213
13934214
13934215
13934216
13934217
13934218
13934219
13934220
13934221
13934222
13934223
13934224
13934225
13934226
13934227
13934228
13934229
13934230
13934231
13934232
13934233
13934234
13934235
13934236
13934237
13934238
13934239
13934240
13934241
13934242
13934243
13934244
13934245
13934246
13934247
13934248
13934249
13934250
13934251
13934252
13934253
13934254
13934255
13934256
13934257
13934258
13934259
13934260
13934261
13934262
13934263
13934264
13934265
13934266
13934267
13934268
13934269
13934270
13934271
13934272
13934273
13934274
13934275
13934276
13934277
13934278
13934279
13934280
13934281
13934282
13934283
13934284
13934285
13934286
13934287
13934288
13934289
13934290
13934291
13934292
13934293
13934294
13934295
13934296
13934297
13934298
13934299
13934300
13934301
13934302
13934303
13934304
13934305
13934306
13934307
13934308
13934309
13934310
13934311
13934312
13934313
13934314
13936364
13936365
13936366
13936367
13936368
13936369
13936370
13936371
13936372
13936373
13936374
13936375
13936376
13936377
13936378
13936379
13936380
13936381
13936382
13936383
13936384
13936385
13936386
13936387
13936388
13936389
13936390
13936391
13936392
13936393
13936394
13936395
13936396
13936397
13936398
13936399
13936400
13936401
13936402
13936403
13936404
13936405
13936406
13936407
13936408
13936409
13936410
13936411
13936412
13936413
13936414
13936415
13936416
13936417
13936418
13936419
13936420
13936421
13936422
13936423
13936424
13936425
13936426
13936427
13936428
13936429
13936430
13936431
13936432
13936433
13936434
13936435
13936436
13936437
13936438
13936439
13936440
13936441
13936442
13936443
13936444
13936445
13936446
13936447
13936448
13936449
13936450
13936451
13936452
13936453
13936454
13936455
13936456
13936457
13936458
13936459
13936460
13936461
13936462
13936463
13936464
13936465
13936466
13936467
13936468
13936469
13936470
13936471
13936472
13936473
13936474
13936475
13936476
13936477
13936478
13936479
13936480
13936481
13936482
13936483
13936484
13936485
13936486
13936487
13936488
13936489
13936490
13936491
13936492
13936493
13936494
13936495
13936496
13936497
13936498
13936499
13936500
13936501
13936502
13936503
13936504
13936505
13936506
13936507
13936508
13936509
13936510
13936511
13936512
13936513
13936514
13936515
13936516
13936517
13936518
13936519
13936520
13936521
13936522
13936523
13936524
13936525
13936526
13936527
13939459
13939460
13939461
13939462
13939463
13939464
13939465
13939466
13939467
13939468
13939469
13939470
13939471
13939472
13939473
13939474
13939475
13939476
13939477
13939478
13939479
13939480
13939481
13939482
13939483
13939484
13939485
13939486
13939487
13939488
13939489
13939490
13939491
13939492
13939493
13939494
13939495
13939496
13939497
13939498
13939499
13939500
13939501
13939502
13939503
13939504
13939505
13939506
13939507
13939508
13939509
13939510
13939511
13939512
13939513
13939514
13939515
13939516
13939517
13939518
13939519
13939520
13939521
13939522
13939523
13939524
13939525
13939526
13939527
13939528
13939529
13939530
13939531
13939532
13939533
13939534
13939535
13939536
13939537
13939538
13939539
13939540
13941005
13941006
13941007
13941008
13941009
13941010
13941011
13941012
13941013
13941014
13941015
13941016
13941017
13941018
13941019
13941020
13941021
13941022
13941023
13941024
13941025
13941026
13941027
13941028
13941029
13941030
13941031
13941032
13941033
13941034
13941035
13941036
13941037
13941038
13941039
13941040
13941041
13941042
13941043
13941044
13941045
13941046
13941047
13941048
13941049
13941050
13941051
13941052
13941053
13941054
13941055
13941056
13941057
13941058
13941059
13941060
13941061
13941062
13941063
13941064
13941065
13941066
13941067
13941068
13941069
13941070
13941071
13941072
13941073
13941074
13941075
13941076
13941077
13941078
13941079
13941080
13941081
13941082
13941083
13941084
13941085
13941086
13941087
13941088
13941089
13941090
13941091
13941092
13941093
13941094
13941095
13941096
13941097
13941098
13941099
13941100
13941101
13941102
13941103
13941104
13941105
13941106
13941107
13941108
13941109
13941110
13941111
13941112
13941113
13941114
13941115
13941116
13941117
13941118
13941119
13941120
13941121
13941122
13941123
13941124
13941125
13941126
13941127
13941128
13941129
13941130
13941131
13941132
13941133
13941134
13941135
13941136
13941137
13941138
13941139
13941140
13941141
13941142
13941143
13941144
13941145
13941146
13941147
13941148
13941149
13941150
13941151
13941152
13941153
13941154
13941155
13941156
13941157
13941158
13941159
13941160
13941161
13941162
13941163
13941164
13941165
13941166
13941167
13941168
13941169
13941170
13941171
13941172
13941173
13941174
13941175
13941176
13941177
13941178
13941179
13941180
13941181
13941182
13941183
13941184
13941185
13941186
13941187
13941188
13941189
13941190
13941191
13941192
13941193
13941194
13941195
13941196
13941197
13941198
13941199
13941200
13941201
13941202
13941203
13941204
13941205
13941206
13941207
13941208
13941209
13941210
13941211
13941212
13941213
13941214
13941215
13941216
13941217
13941218
13941219
13941220
13941221
13941222
13941223
13941224
13941225
13941226
13941227
13941228
13941229
13941230
13941231
13941232
13941233
13941234
13941235
13941236
13941237
13941238
13941239
13941240
13941241
13941242
13941243
13941244
13941245
13941246
13941247
13941248
13941249
13941250
13941251
13941252
13941253
13941254
13941255
13941256
13941257
13941258
13941259
13941260
13941261
13941262
13941263
13941264
13941265
13941266
13941267
13941268
13941269
13941270
13941271
13941272
13941273
13941274
13941275
13941276
13941277
13941278
13941279
13941280
13941281
13941282
13941283
13941284
13941285
13941286
13941287
13941288
13941289
13941290
13941291
13941292
13941293
13941294
13941295
13941296
13941297
13941298
13941299
13941300
13941301
13941302
13941303
13941304
13941305
13941306
13941307
13941308
13941309
13941310
13941311
13941312
13941313
13941314
13941315
13941316
13941317
13941318
13941319
13941320
13941321
13941322
13941323
13941324
13941325
13941326
13941327
13941328
13941329
13941330
13941331
13941332
13941333
13941334
13941335
13941336
13941337
13941338
13941339
13941340
13941341
13941342
13941343
13941344
13941345
13941346
13941347
13941348
13941349
13941350
13941351
13941352
13941353
13941354
13941355
13941356
13941357
13941358
13941359
13941360
13941361
13941362
13941363
13941364
13941365
13941366
13941367
13941368
13941369
13941370
13941371
13941372
13941373
13941374
13941375
13941376
13941377
13941378
13941379
13941380
13941381
13941382
13941383
13941384
13941385
13941386
13941387
13941388
13941389
13941390
13941391
13941392
13941393
13941394
13941395
13941396
13941397
13941398
13941399
13941400
13941401
13941402
13941403
13941404
13941405
13941406
13941407
13941408
13941409
13941410
13941411
13941412
13941413
13941414
13941415
13941416
13941417
13941418
13941419
13941420
13941421
13941422
13941423
13941424
13941425
13941426
13941427
13941428
13941429
13941430
13941431
13941432
13941433
13941434
13941435
13941436
13941437
13941438
13941439
13941440
13941441
13941442
13941443
13941444
13941445
13941446
13941447
13941448
13941449
13941450
13941451
13941452
13941453
13941454
13941455
13941456
13941457
13941458
13941459
13941460
13941461
13941462
13941463
13941464
13941465
13941466
13941467
13941468
13941469
13941470
13941471
13941472
13941473
13941474
13941475
13941476
13941477
13941478
13941479
13941480
13941481
13941482
13941483
13941484
13941485
13941486
13941487
13941488
13941489
13941490
13941491
13941492
13941493
13941494
13941495
13941496
13941497
13941498
13941499
13941500
13941501
13941502
13941503
13941504
13941505
13941506
13941507
13941508
13941509
13941510
13941511
13941512
13941513
13941514
13941515
13941516
13941517
13941518
13941519
13941520
13941521
13941522
13941523
13941524
13941525
13941526
13941527
13941528
13941529
13941530
13941531
13941532
13941533
13941534
13941535
13941536
13941537
13941538
13941539
13941540
13941541
13941542
13941543
13941544
13941545
13941546
13941547
13941548
13941549
13941550
13941551
13941552
13941553
13941554
13941555
13941556
13941557
13941558
13941559
13941560
13941561
13941562
13941563
13941564
13941565
13941566
13941567
13941568
13941569
13941570
13941571
13941572
13941573
13941574
13941575
13941576
13941577
13941578
13941579
13941580
13941581
13941582
13941583
13941584
13941585
13941586
13941587
13941588
13941589
13941590
13941591
13941592
13941593
13941594
13941595
13941596
13941597
13941598
13941599
13941600
13941601
13941602
13941603
13941604
13941605
13941606
13941607
13941608
13941609
13941610
13941611
13941612
13941613
13941614
13941615
13941616
13941617
13941618
13941619
13941620
13941621
13941622
13941623
13941624
13941625
13941626
13941627
13941628
13941629
13941630
13941631
13941632
13941633
13941634
13941635
13941636
13941637
13941638
13941639
13941640
13941641
13941642
13941643
13941644
13941645
13941646
13941647
13941648
13941649
13941650
13941651
13941652
13941653
13941654
13941655
13941656
13941657
13941658
13941659
13941660
13941661
13941662
13941663
13941664
13941665
13941666
13941667
13941668
13941669
13941670
13941671
13941672
13941673
13941674
13941675
13941676
13941677
13941678
13941679
13941680
13941681
13941682
13941683
13941684
13941685
13941686
13941687
13941688
13941689
13941690
13941691
13941692
13941693
13941694
13941695
13941696
13941697
13941698
13941699
13941700
13941701
13941702
13941703
13941704
13941705
13941706
13941707
13941708
13941709
13941710
13941711
13941712
13941713
13941714
13941715
13941716
13941717
13941718
13941719
13941720
13941721
13941722
13941723
13941724
13941725
13941726
13941727
13941728
13941729
13941730
13941731
13941732
13941733
13941734
13941735
13941736
13941737
13941738
13941739
13941740
13941741
13941742
13941743
13941744
13941745
13941746
13941747
13941748
13941749
13941750
13941751
13941752
13941753
13941754
13941755
13941756
13941757
13941758
13941759
13941760
13941761
13941762
13941763
13941764
13941765
13941766
13941767
13941768
13941769
13941770
13941771
13941772
13941773
13941774
13941775
13941776
13941777
13941778
13941779
13941780
13941781
13941782
13941783
13941784
13941785
13941786
13941787
13941788
13941789
13941790
13941791
13941792
13941793
13941794
13941795
13941796
13941797
13941798
13941799
13941800
13941801
13941802
13941803
13941804
13941805
13941806
13941807
13941808
13941809
13941810
13941811
13941812
13941813
13941814
13941815
13941816
13941817
13941818
13941819
13941820
13941821
13941822
13941823
13941824
13941825
13941826
13941827
13941828
13941829
13941830
13941831
13941832
13941833
13941834
13941835
13941836
13941837
13941838
13941839
13941840
13941841
13941842
13941843
13941844
13941845
13941846
13941847
13941848
13941849
13941850
13941851
13941852
13941853
13941854
13941855
13941856
13941857
13941858
13941859
13941860
13941861
