57640044
57640045
57640046
57640047
57640048
57640049
57640050
57640051
57640052
57640053
57640054
57640055
57640056
57640057
57640058
57640059
57640060
57640061
57640062
57640063
57640064
57640065
57640066
57640067
57640068
57640069
57640070
57640071
57640072
57640073
57640074
57640075
57640076
57640077
57640078
57640079
57640080
57640081
57640082
57640083
57640084
57640085
57640086
57640087
57640088
57640089
57640090
57640091
57640092
57640093
57640094
57640095
57640096
57640097
57640098
57640099
57640100
57640101
57640102
57640103
57640104
57640105
57640106
57640107
57640108
57640109
57640110
57640111
57640112
57640113
57640114
57640115
57640116
57640117
57640118
57640119
57640120
57640121
57640122
57640123
57640124
57640125
57640126
57640127
57640128
57640129
57640130
57640131
57640132
57640133
57640134
57640135
57640136
57640137
57640138
57640139
57640140
57640141
57640142
57640143
57640144
57640145
57640146
57640147
57640148
57640149
57640150
57640151
57640152
57640153
57640154
57640155
57640156
57640157
57640158
57640159
57640160
57640161
57640162
57640163
57640164
57640165
57640166
57640167
57640168
57640169
57640170
57640171
57640172
57640173
57640174
57640175
57640176
57640177
57640178
57640179
57640180
57640181
57640182
57640183
57640184
57640185
57640186
57640187
57640188
57640189
57640190
57640191
57640192
57640193
57640194
57640195
57640196
57640197
57640198
57640199
57640200
57640201
57640202
57640203
57640204
57640205
57640206
57640207
57640208
57640209
57640210
57640211
57640212
57640213
57640214
57640215
57640216
57640217
57640218
57640219
57640220
57640221
57640222
57640223
57640224
57640225
57640226
57640227
57640228
57640229
57640230
57640231
57640232
57640233
57640234
57640235
57640236
57640237
57640238
57640239
57640240
57640241
57640242
57640243
57640244
57640245
57640246
57640247
57640248
57640249
57640250
57640251
57640252
57640253
57640254
57640255
57640256
57640257
57640258
57640259
57640260
57640261
57640262
57640263
57640264
57640265
57640266
57640267
57640268
57640269
57640270
57640271
57640272
57640273
57640274
57640275
57640276
57640277
57640278
57640279
57640280
57640281
57640282
57640283
57640284
57640285
57640286
57640287
57640288
57640289
57640290
57640291
57640292
57640293
57640294
57640295
57640296
57640297
57640298
57640299
57640300
57640301
57640302
57640303
57640304
57640305
57640306
57640307
57640308
57640309
57640310
57640311
57640312
57640313
57640314
57640315
57640316
57640317
57640318
57640319
57640320
57640321
57640322
57640323
57640324
57640325
57640326
57640327
57640328
57640329
57640330
57640331
57640332
57640333
57640334
57640335
57640336
57640337
57640338
57640339
57640340
57640341
57640342
57640343
57640344
57640345
57640346
57640347
57640348
57640349
57640350
57640351
57640352
57640353
57640354
57640355
57640356
57640357
57640358
57640359
57640360
57640361
57640362
57640363
57640364
57640365
57640366
57640367
57640368
57640369
57640370
57640371
57640372
57640373
57640374
57640375
57640376
57640377
57640378
57640379
57640380
57640381
57640382
57640383
57640384
57640385
57640386
57640387
57640388
57640389
57640390
57640391
57640392
57640393
57640394
57640395
57640396
57640397
57640398
57640399
57640400
57640401
57640402
57640403
57640404
57640405
57640406
57640407
57640408
57640409
57640410
57640411
57640412
57640413
57640414
57640415
57640416
57640417
57640418
57640419
57640420
57640421
57640422
57640423
57640424
57640425
57640426
57640427
57640428
57640429
57640430
57640431
57640432
57640433
57640434
57640435
57640436
57640437
57640438
57640439
57640440
57640441
57640442
57640443
57640444
57640445
57640446
57640447
57640448
57640449
57640450
57640451
57640452
57640453
57640454
57640455
57640456
57640457
57640458
57640459
57640460
57640461
57640462
57640463
57640464
57640465
57640466
57640467
57640468
57640469
57640470
57640471
57640472
57640473
57640474
57640475
57640476
57640477
57640478
57640479
57640480
57640481
57640482
57640483
57640484
57640485
57640486
57640487
57640488
57640489
57640490
57640491
57640492
57640493
57640494
57640495
57640496
57640497
57640498
57640499
57640500
57640501
57640502
57640503
57640504
57640505
57640506
57640507
57640508
57640509
57640510
57640511
57640512
57640513
57640514
57640515
57640516
57640517
57640518
57640519
57640520
57640521
57640522
57640523
57640524
57640525
57640526
57640527
57640528
57640529
57640530
57640531
57640532
57640533
57640534
57640535
57640536
57640537
57640538
57640539
57640540
57640541
57640542
57640543
57640544
57640545
57640546
57640547
57640548
57640549
57640550
57640551
57640552
57640553
57640554
57640555
57640556
57640557
57640558
57640559
57640560
57640561
57640562
57640563
57640564
57640565
57640566
57640567
57640568
57640569
57640570
57640571
57640572
57640573
57640574
57640575
57640576
57640577
57640578
57640579
57640580
57640581
57640582
57640583
57640584
57640585
57640586
57640587
57640588
57640589
57640590
57640591
57640592
57640593
57640594
57640595
57640596
57640597
57640598
57640599
57640600
57640601
57640602
57640603
57640604
57640605
57640606
57640607
57640608
57640609
57640610
57640611
57640612
57640613
57640614
57640615
57640616
57640617
57640618
57640619
57640620
57640621
57640622
57640623
57640624
57640625
57640626
57640627
57640628
57640629
57640630
57640631
57640632
57640633
57640634
57640635
57640636
57640637
57640638
57640639
57640640
57640641
57640642
57640643
57640644
57640645
57640646
57640647
57640648
57640649
57640650
57640651
57640652
57640653
57640654
57640655
57640656
57640657
57640658
57640659
57640660
57640661
57640662
57640663
57640664
57640665
57640666
57640667
57640668
57640669
57640670
57640671
57640672
57640673
57640674
57640675
57640676
57640677
57640678
57640679
57640680
57640681
57640682
57640683
57640684
57640685
57640686
57640687
57640688
57640689
57640690
57640691
57640692
57640693
57640694
57640695
57640696
57640697
57640698
57640699
57640700
57640701
57640702
57640703
57640704
57640705
57640706
57640707
57640708
57640709
57640710
57640711
57640712
57640713
57640714
57640715
57640716
57640717
57640718
57640719
57640720
57640721
57640722
57640723
57640724
57640725
57640726
57640727
57640728
57640729
57640730
57640731
57640732
57640733
57640734
57640735
57640736
57640737
57640738
57640739
57640740
57640741
57640742
57640743
57640744
57640745
57640746
57640747
57640748
57640749
57640750
57640751
57640752
57640753
57640754
57640755
57640756
57640757
57640758
57640759
57640760
57640761
57640762
57640763
57640764
57640765
57640766
57640767
57640768
57640769
57640770
57640771
57640772
57640773
57640774
57640775
57640776
57640777
57640778
57640779
57640780
57640781
57640782
57640783
57640784
57640785
57640786
57640787
57640788
57640789
57640790
57640791
57640792
57640793
57640794
57640795
57640796
57640797
57640798
57640799
57640800
57640801
57640802
57640803
57640804
57640805
57640806
57640807
57640808
57640809
57640810
57640811
57640812
57640813
57640814
57640815
57640816
57640817
57640818
57640819
57640820
57640821
57640822
57640823
57640824
57640825
57640826
57640827
57640828
57640829
57640830
57640831
57640832
57640833
57640834
57640835
57640836
57640837
57640838
57640839
57640840
57640841
57640842
57640843
57640844
57640845
57640846
57640847
57640848
57640849
57640850
57640851
57640852
57640853
57640854
57640855
57640856
57640857
57640858
57640859
57640860
57640861
57640862
57640863
57640864
57640865
57640866
57640867
57640868
57640869
57640870
57640871
57640872
57640873
57640874
57640875
57640876
57640877
57640878
57640879
57640880
57640881
57640882
57640883
57640884
57640885
57640886
57640887
57640888
57640889
57640890
57640891
57640892
57640893
57640894
57640895
57640896
57640897
57640898
57640899
57640900
57640901
57640902
57640903
57640904
57640905
57640906
57640907
57640908
57640909
57640910
57640911
57640912
57640913
57640914
57640915
57640916
57640917
57640918
57640919
57640920
57640921
57640922
57640923
57640924
57640925
57640926
57640927
57640928
57640929
57640930
57640931
57640932
57640933
57640934
57640935
57640936
57640937
57640938
57640939
57640940
57640941
57640942
57640943
57640944
57640945
57640946
57640947
57640948
57640949
57640950
57640951
57640952
57640953
57640954
57640955
57640956
57640957
57640958
57640959
57640960
57640961
57640962
57640963
57640964
57640965
57640966
57640967
57640968
57640969
57640970
57640971
57640972
57640973
57640974
57640975
57640976
57640977
57640978
57640979
57640980
57640981
57640982
57640983
57640984
57640985
57640986
57640987
57640988
57640989
57640990
57640991
57640992
57640993
57640994
57640995
57640996
57640997
57640998
57640999
57641000
57641001
57641002
57641003
57641004
57641005
57641006
57641007
57641008
57641009
57641010
57641011
57641012
57641013
57641014
57641015
57641016
57641017
57641018
57641019
57641020
57641021
57641022
57641023
57641024
57641025
57641026
57641027
57641028
57641029
57641030
57641031
57641032
57641033
57641034
57641035
57641036
57641037
57641038
57641039
57641040
57641041
57641042
57641043
57641044
57641045
57641046
57641047
57641048
57641049
57641050
57641051
57641052
57641053
57641054
57641055
57641056
57641057
57641058
57641059
57641060
57641061
57641062
57641063
57641064
57641065
57641066
57641067
57641068
57641069
57641070
57641071
57641072
57641073
57641074
57641075
57641076
57641077
57641078
57641079
57641080
57641081
57641082
57641083
57641084
57641085
57641086
57641087
57641088
57641089
57641090
57641091
57641092
57641093
57641094
57641095
57641096
57641097
57641098
57641099
57641100
57641101
57641102
57641103
57641104
57641105
57641106
57641107
57641108
57641109
57641110
57641111
57641112
57641113
57641114
57641115
57641116
57641117
57641118
57641119
57641120
57641121
57641122
57641123
57641124
57641125
57641126
57641127
57641128
57641129
57641130
57641131
57641132
57641133
57641134
57641135
57641136
57641137
57641138
57641139
57641140
57641141
57641142
57641143
57641144
57641145
57641146
57641147
57641148
57641149
57641150
57641151
57641152
57641153
57641154
57641155
57641156
57641157
57641158
57641159
57641160
57641161
57641162
57641163
57641164
57641165
57641166
57641167
57641168
57641169
57641170
57641171
57641172
57641173
57641174
57641175
57641176
57641177
57641178
57641179
57641180
57641181
57641182
57641183
57641184
57641185
57641186
57641187
57641188
57641189
57641190
57641191
57641192
57641193
57641194
57641195
57641196
57641197
57641198
57641199
57641200
57641201
57641202
57641203
57641204
57641205
57641206
57641207
57641208
57641209
57641210
57641211
57641212
57641213
57641214
57641215
57641216
57641217
57641218
57641219
57641220
57641221
57641222
57641223
57641224
57641225
57641226
57641227
57641228
57641229
57641230
57641231
57641232
57641233
57641234
57641235
57641236
57641237
57641238
57641239
57641240
57641241
57641242
57641243
57641244
57641245
57641246
57641247
57641248
57641249
57641250
57641251
57641252
57641253
57641254
57641255
57641256
57641257
57641258
57641259
57641260
57641261
57641262
57641263
57641264
57641265
57641266
57641267
57641268
57641269
57641270
57641271
57641272
57641273
57641274
57641275
57641276
57641277
57641278
57641279
57641280
57641281
57641282
57641283
57641284
57641285
57641286
57641287
57641288
57641289
57641290
57641291
57641292
57641293
57641294
57641295
57641296
57641297
57641298
57641299
57641300
57641301
57641302
57641303
57641304
57641305
57641306
57641307
57641308
57641309
57641310
57641311
57641312
57641313
57641314
57641315
57641316
57641317
57641318
57641319
57641320
57641321
57641322
57641323
57641324
57641325
57641326
57641327
57641328
57641329
57641330
57641331
57641332
57641333
57641334
57641335
57641336
57641337
57641338
57641339
57641340
57641341
57641342
57641343
57641344
57641345
57641346
57641347
57641348
57641349
57641350
57641351
57641352
57641353
57641354
57641355
57641356
57641357
57641358
57641359
57641360
57641361
57641362
57641363
57641364
57641365
57641366
57641367
57641368
57641369
57641370
57641371
57641372
57641373
57641374
57641375
57641376
57641377
57641378
57641379
57641380
57641381
57641382
57641383
57641384
57641385
57641386
57641387
57641388
57641389
57641390
57641391
57641392
57641393
57641394
57641395
57641396
57641397
57641398
57641399
57641400
57641401
57641402
57641403
57641404
57641405
57641406
57641407
57641408
57641409
57641410
57641411
57641412
57641413
57641414
57641415
57641416
57641417
57641418
57641419
57641420
57641421
57641422
57641423
57641424
57641425
57641426
57641427
57641428
57641429
57641430
57641431
57641432
57641433
57641434
57641435
57641436
57641437
57641438
57641439
57641440
57641441
57641442
57641443
57641444
57641445
57641446
57641447
57641448
57641449
57641450
57641451
57641452
57641453
57641454
57641455
57641456
57641457
57641458
57641459
57641460
57641461
57641462
57641463
57641464
57641465
57641466
57641467
57641468
57641469
57641470
57641471
57641472
57641473
57641474
57641475
57641476
57641477
57641478
57641479
57641480
57641481
57641482
57641483
57641484
57641485
57641486
57641487
57641488
57641489
57641490
57641491
57641492
57641493
57641494
57641495
57641496
57641497
57641498
57641499
57641500
57641501
57641502
57641503
57641504
57641505
57641506
57641507
57641508
57641509
57641510
57641511
57641512
57641513
57641514
57641515
57641516
57641517
57641518
57641519
57641520
57641521
57641522
57641523
57641524
57641525
57641526
57641527
57641528
57641529
57641530
57641531
57641532
57641533
57641534
57641535
57641536
57641537
57641538
57641539
57641540
57641541
57641542
57641543
57641544
57641545
57641546
57641547
57641548
57641549
57641550
57641551
57641552
57641553
57641554
57641555
57641556
57641557
57641558
57641559
57641560
57641561
57641562
57641563
57641564
57641565
57641566
57641567
57641568
57641569
57641570
57641571
57641572
57641573
57641574
57641575
57641576
57641577
57641578
57641579
57641580
57641581
57641582
57641583
57641584
57641585
57641586
57641587
57641588
57641589
57641590
57641591
57641592
57641593
57641594
57641595
57641596
57641597
57641598
57641599
57641600
57641601
57641602
57641603
57641604
57641605
57641606
57641607
57641608
57641609
57641610
57641611
57641612
57641613
57641614
57641615
57641616
57641617
57641618
57641619
57641620
57641621
57641622
57641623
57641624
57641625
57641626
57641627
57641628
57641629
57641630
57641631
57641632
57641633
57641634
57641635
57641636
57641637
57641638
57641639
57641640
57641641
57641642
57641643
57641644
57641645
57641646
57641647
57641648
57641649
57641650
57641651
57641652
57641653
57641654
57641655
57641656
57641657
57641658
57641659
57641660
57641661
57641662
57641663
57641664
57641665
57641666
57641667
57641668
57641669
57641670
57641671
57641672
57641673
57641674
57641675
57641676
57641677
57641678
57641679
57641680
57641681
57641682
57641683
57641684
57641685
57641686
57641687
57641688
57641689
57641690
57641691
57641692
57641693
57641694
57641695
57641696
57641697
57641698
57641699
57641700
57641701
57641702
57641703
57641704
57641705
57641706
57641707
57641708
57641709
57641710
57641711
57641712
57641713
57641714
57641715
57641716
57641717
57641718
57641719
57641720
57641721
57641722
57641723
57641724
57641725
57641726
57641727
57641728
57641729
57641730
57641731
57641732
57641733
57641734
57641735
57641736
57641737
57641738
57641739
57641740
57641741
57641742
57641743
57641744
57641745
57641746
57641747
57641748
57641749
57641750
57641751
57641752
57641753
57641754
57641755
57641756
57641757
57641758
57641759
57641760
57641761
57641762
57641763
57641764
57641765
57641766
57641767
57641768
57641769
57641770
57641771
57641772
57641773
57641774
57641775
57641776
57641777
57641778
57641779
57641780
57641781
57641782
57641783
57641784
57641785
57641786
57641787
57641788
57641789
57641790
57641791
57641792
57641793
57641794
57641795
57641796
57641797
57641798
57641799
57641800
57641801
57641802
57641803
57641804
57641805
57641806
57641807
57641808
57641809
57641810
57641811
57641812
57641813
57641814
57641815
57641816
57641817
57641818
57641819
57641820
57641821
57641822
57641823
57641824
57641825
57641826
57641827
57641828
57641829
57641830
57641831
57641832
57641833
57641834
57641835
57641836
57641837
57641838
57641839
57641840
57641841
57641842
57641843
57641844
57641845
57641846
57641847
57641848
57641849
57641850
57641851
57641852
57641853
57641854
57641855
57641856
57641857
57641858
57641859
57641860
57641861
57641862
57641863
57641864
57641865
57641866
57641867
57641868
57641869
57641870
57641871
57641872
57641873
57641874
57641875
57641876
57641877
57641878
57641879
57641880
57641881
57641882
57641883
57641884
57641885
57641886
57641887
57641888
57641889
57641890
57641891
57641892
57641893
57641894
57641895
57641896
57641897
57641898
57641899
57641900
57641901
57641902
57641903
57641904
57641905
57641906
57641907
57641908
57641909
57641910
57641911
57641912
57641913
57641914
57641915
57641916
57641917
57641918
57641919
57641920
57641921
57641922
57641923
57641924
57641925
57641926
57641927
57641928
57641929
57641930
57641931
57641932
57641933
57641934
57641935
57641936
57641937
57641938
57641939
57641940
57641941
57641942
57641943
57641944
57641945
57641946
57641947
57641948
57641949
57641950
57641951
57641952
57641953
57641954
57641955
57641956
57641957
57641958
57641959
57641960
57641961
57641962
57641963
57641964
57641965
57641966
57641967
57641968
57641969
57641970
57641971
57641972
57641973
57641974
57641975
57641976
57641977
57641978
57641979
57641980
57641981
57641982
57641983
57641984
57641985
57641986
57641987
57641988
57641989
57641990
57641991
57641992
57641993
57641994
57641995
57641996
57641997
57641998
57641999
57642000
57642001
57642002
57642003
57642004
57642005
57642006
57642007
57642008
57642009
57642010
57642011
57642012
57642013
57642014
57642015
57642016
57642017
57642018
57642019
57642020
57642021
57642022
57642023
57642024
57642025
57642026
57642027
57642028
57642029
57642030
57642031
57642032
57642033
57642034
57642035
57642036
57642037
57642038
57642039
57642040
57642041
57642042
57642043
57642044
57642045
57642046
57642047
57642048
57642049
57642050
57642051
57642052
57642053
57642054
57642055
57642056
57642057
57642058
57642059
57642060
57642061
57642062
57642063
57642064
57642065
57642066
57642067
57642068
57642069
57642070
57642071
57642072
57642073
57642074
57642075
57642076
57642077
57642078
57642079
57642080
57642081
57642082
57642083
57642084
57642085
57642086
57642087
57642088
57642089
57642090
57642091
57642092
57642093
57642094
57642095
57642096
57642097
57642098
57642099
57642100
57642101
57642102
57642103
57642104
57642105
57642106
57642107
57642108
57642109
57642110
57642111
57642112
57642113
57642114
57642115
57642116
57642117
57642118
57642119
57642120
57642121
57642122
57642123
57642124
57642125
57642126
57642127
57642128
57642129
57642130
57642131
57642132
57642133
57642134
57642135
57642136
57642137
57642138
57642139
57642140
57642141
57642142
57642143
57642144
57642145
57642146
57642147
57642148
57642149
57642150
57642151
57642152
57642153
57642154
57642155
57642156
57642157
57642158
57642159
57642160
57642161
57642162
57642163
57642164
57642165
57642166
57642167
57642168
57642169
57642170
57642171
57642172
57642173
57642174
57642175
57642176
57642177
57642178
57642179
57642180
57642181
57642182
57642183
57642184
57642185
57642186
57642187
57642188
57642189
57642190
57642191
57642192
57642193
57642194
57642195
57642196
57642197
57642198
57642199
57642200
57642201
57642202
57642203
57642204
57642205
57642206
57642207
57642208
57642209
57642210
57642211
57642212
57642213
57642214
57642215
57642216
57642217
57642218
57642219
57642220
57642221
57642222
57642223
57642224
57642225
57642226
57642227
57642228
57642229
57642230
57642231
57642232
57642233
57642234
57642235
57642236
57642237
57642238
57642239
57642240
57642241
57642242
57642243
57642244
57642245
57642246
57642247
57642248
57642249
57642250
57642251
57642252
57642253
57642254
57642255
57642256
57642257
57642258
57642259
57642260
57642261
57642262
57642263
57642264
57642265
57642266
57642267
57642268
57642269
57642270
57642271
57642272
57642273
57642274
57642275
57642276
57642277
57642278
57642279
57642280
57642281
57642282
57642283
57642284
57642285
57642286
57642287
57642288
57642289
57642290
57642291
57642292
57642293
57642294
57642295
57642296
57642297
57642298
57642299
57642300
57642301
57642302
57642303
57642304
57642305
57642306
57642307
57642308
57642309
57642310
57642311
57642312
57642313
57642314
57642315
57642316
57642317
57642318
57642319
57642320
57642321
57642322
57642323
57642324
57642325
57642326
57642327
57642328
57642329
57642330
57642331
57642332
57642333
57642334
57642335
57642336
57642337
57642338
57642339
57642340
57642341
57642342
57642343
57642344
57642345
57642346
57642347
57642348
57642349
57642350
57642351
57642352
57642353
57642354
57642355
57642356
57642357
57642358
57642359
57642360
57642361
57642362
57642363
57642364
57642365
57642366
57642367
57642368
57642369
57642370
57642371
57642372
57642373
57642374
57642375
57642376
57642377
57642378
57642379
57642380
57642381
57642382
57642383
57642384
57642385
57642386
57642387
57642388
57642389
57642390
57642391
57642392
57642393
57642394
57642395
57642396
57642397
57642398
57642399
57642400
57642401
57642402
57642403
57642404
57642405
57642406
57642407
57642408
57642409
57642410
57642411
57642412
57642413
57642414
57642415
57642416
57642417
57642418
57642419
57642420
57642421
57642422
57642423
57642424
57642425
57642426
57642427
57642428
57642429
57642430
57642431
57642432
57642433
57642434
57642435
57642436
57642437
57642438
57642439
57642440
57642441
57642442
57642443
57642444
57642445
57642446
57642447
57642448
57642449
57642450
57642451
57642452
57642453
57642454
57642455
57642456
57642457
57642458
57642459
57642460
57642461
57642462
57642463
57642464
57642465
57642466
57642467
57642468
57642469
57642470
57642471
57642472
57642473
57642474
57642475
57642476
57642477
57642478
57642479
57642480
57642481
57642482
57642483
57642484
57642485
57642486
57642487
57642488
57642489
57642490
57642491
57642492
57642493
57642494
57642495
57642496
57642497
57642498
57642499
57642500
57642501
57642502
57642503
57642504
57642505
57642506
57642507
57642508
57642509
57642510
57642511
57642512
57642513
57642514
57642515
57642516
57642517
57642518
57642519
57642520
57642521
57642522
57642523
57642524
57642525
57642526
57642527
57642528
57642529
57642530
57642531
57642532
57642533
57642534
57642535
57642536
57642537
57642538
57642539
57642540
57642541
57642542
57642543
57642544
57642545
57642546
57642547
57642548
57642549
57642550
57642551
57642552
57642553
57642554
57642555
57642556
57642557
57642558
57642559
57642560
57642561
57642562
57642563
57642564
57642565
57642566
57642567
57642568
57642569
57642570
57642571
57642572
57642573
57642574
57642575
57642576
57642577
57642578
57642579
57642580
57642581
57642582
57642583
57642584
57642585
57642586
57642587
57642588
57642589
57642590
57642591
57642592
57642593
57642594
57642595
57642596
57642597
57642598
57642599
57642600
57642601
57642602
57642603
57642604
57642605
57642606
57642607
57642608
57642609
57642610
57642611
57642612
57642613
57642614
57642615
57642616
57642617
57642618
57642619
57642620
57642621
57642622
57642623
57642624
57642625
57642626
57642627
57642628
57642629
57642630
57642631
57642632
57642633
57642634
57642635
57642636
57642637
57642638
57642639
57642640
57642641
57642642
57642643
57642644
57642645
57642646
57642647
57642648
57642649
57642650
57642651
57642652
57642653
57642654
57642655
57642656
57642657
57642658
57642659
57642660
57642661
57642662
57642663
57642664
57642665
57642666
57642667
57642668
57642669
57642670
57642671
57642672
57642673
57642674
57642675
57642676
57642677
57642678
57642679
57642680
57642681
57642682
57642683
57642684
57642685
57642686
57642687
57642688
57642689
57642690
57642691
57642692
57642693
57642694
57642695
57642696
57642697
57642698
57642699
57642700
57642701
57642702
57642703
57642704
57642705
57642706
57642707
57642708
57642709
57642710
57642711
57642712
57642713
57642714
57642715
57642716
57642717
57642718
57642719
57642720
57642721
57642722
57642723
57642724
57642725
57642726
57642727
57642728
57642729
57642730
57642731
57642732
57642733
57642734
57642735
57642736
57642737
57642738
57642739
57642740
57642741
57642742
57642743
57642744
57642745
57642746
57642747
57642748
57642749
57642750
57642751
57642752
57642753
57642754
57642755
57642756
57642757
57642758
57642759
57642760
57642761
57642762
57642763
57642764
57642765
57642766
57642767
57642768
57642769
57642770
57642771
57642772
57642773
57642774
57642775
57642776
57642777
57642778
57642779
57642780
57642781
57642782
57642783
57642784
57642785
57642786
57642787
57642788
57642789
57642790
57642791
57642792
57642793
57642794
57642795
57642796
57642797
57642798
57642799
57642800
57642801
57642802
57642803
57642804
57642805
57642806
57642807
57642808
57642809
57653997
57653998
57653999
57654000
57654001
57654002
57654003
57654004
57654005
57654006
57654007
57654008
57654009
57654010
57654011
57649840
57649841
57649842
57649843
57649844
57649845
57649846
57649847
57649848
57649849
57649850
57649851
57649852
57649853
57649854
57649855
57649856
57649857
57649858
57649859
57649860
57649861
57649862
57649863
57649864
57649865
57649866
57649867
57649868
57649869
57649870
57649871
57649872
57649873
57649874
57649875
57649876
57649877
57649878
57649879
57649880
57649881
57649882
57649883
57649884
57649885
57649886
57649887
57649888
57649889
57649890
57649891
57649892
57649893
57649894
57649895
57649896
57649897
57649898
57649899
57649900
57649901
57649902
57649903
57649904
57649905
57649906
57649907
57649908
57649909
57649910
57649911
57649912
57649913
57649914
57649915
57649916
57649917
57649918
57649919
57649920
57649921
57649922
57649923
57649924
57649925
57649926
57649927
57649928
57649929
57649930
57649931
57649932
57649933
57649934
57649935
57649936
57649937
57649938
57649939
57649940
57649941
57649942
57649943
57649944
57649945
57649946
57649947
57649948
57649949
57649950
57649951
57649952
57649953
57649954
57649955
57649956
57649957
57649958
57649959
57649960
57649961
57649962
57649963
57649964
57649965
57649966
57648241
57648242
57648243
57648244
57648245
57648246
57648247
57648248
57648249
57648250
57648251
57648252
57648253
57648254
57648255
57648256
57648257
57648258
57648259
57648260
57648261
57648262
57648263
57648264
57648265
57648266
57648267
57648268
57648269
57648270
57648271
57648272
57648273
57648274
57648275
57648276
57648277
57648278
57648279
57648280
57648281
57648282
57648283
57648284
57648285
57648286
57648287
57648288
57648289
57648290
57648291
57648292
57648293
57648294
57648295
57648296
57648297
57648298
57648299
57648300
57648301
57648302
57648303
57648304
57648305
57648306
57648307
57648308
57648309
57648310
57648311
57648312
57648313
57648314
57648315
57648316
57648317
57648318
57648319
57648320
57648321
57648322
57648323
57648324
57648325
57648326
57648327
57648328
57648329
57648330
57648331
57648332
57648333
57648334
57648335
57648336
57648337
57648338
57648339
57646289
57646290
57646291
57646292
57646293
57646294
57646295
57646296
57646297
57646298
57646299
57646300
57646301
57646302
57646303
57646304
57646305
57646306
57646307
57646308
57646309
57646310
57646311
57646312
57646313
57646314
57646315
57646316
57646317
57646318
57646319
57646320
57646321
57646322
57646323
57646324
57646325
57646326
57646327
57646328
57646329
57646330
57646331
57646332
57646333
57646334
57646335
57646336
57646337
57646338
57646339
57646340
57646341
57646342
57646343
57646344
57646345
57646346
57646347
57646348
57646349
57646350
57646351
57646352
57646353
57646354
57646355
57646356
57646357
57646358
57646359
57646360
57646361
57646362
57646363
57646364
57646365
57646366
57646367
57646368
57646369
57646370
57646371
57646372
57646373
57646374
57646375
57646376
57646377
57646378
57646379
57646380
57646381
57646382
57646383
57646384
57646385
57646386
57646387
57646388
57646389
57646390
57646391
57646392
57646393
57646394
57646395
57646396
57646397
57646398
57646399
57646400
57646401
57646402
57646403
57646404
57646405
57646406
57646407
57646408
57646409
57646410
57646411
57646412
57646413
57646414
57646415
57646416
57646417
57646418
57646419
57646420
57646421
57646422
57646423
57646424
57646425
57646426
57646427
57646428
57646429
57646430
57646431
57646432
57646433
57646434
57646435
57646436
57646437
57646438
57646439
57646440
57646441
57646442
57646443
57646444
57646445
57646446
57646447
57646448
57646449
57646450
57646451
57646452
57646453
57646454
57646455
57646456
57646457
57646458
57646459
57646460
57646461
57646462
57646463
57646464
57646465
57646466
57646467
57646468
57646469
57646470
57646471
57646472
57646473
57646474
57646475
57646476
57646477
57646478
57646479
57646480
57646481
57646482
57646483
57646484
57646485
57646486
57646487
57646488
57646489
57646490
57646491
57646492
57646493
57646494
57646495
57646496
57646497
57646498
57646499
57646500
57646501
57646502
57646503
57646504
57646505
57646506
57646507
57646508
57646509
57646510
57646511
57646512
57646513
57646514
57646515
57646516
57646517
57646518
57646519
57646520
57646521
57646522
57646523
57646524
57646525
57646526
57646527
57646528
57646529
57646530
57646531
57646532
57646533
57646534
57646535
57646536
57646537
57646538
57646539
57646540
57646541
57646542
57646543
57646544
57646545
57646546
57646547
57646548
57646549
57646550
57646551
57646552
57646553
57646554
57646555
57646556
57646557
57646558
57646559
57646560
57646561
57646562
57646563
57646564
57646565
57646566
57646567
57646568
57646569
57646570
57646571
57646572
57646573
57646574
57646575
57646576
57646577
57646578
57646579
57646580
57646581
57646582
57646583
57646584
57646585
57646586
57646587
57646588
57646589
57646590
57646591
57646592
57646593
57646594
57646595
57646596
57646597
57646598
57646599
57646600
57646601
57646602
57646603
57646604
57646605
57646606
57646607
57646608
57646609
57646610
57646611
57646612
57646613
57646614
57646615
57646616
57646617
57646618
57646619
57646620
57646621
57646622
57646623
57646624
57646625
57646626
57646627
57646628
57646629
57646630
57646631
57646632
57646633
57646634
57646635
57646636
57646637
57646638
57646639
57646640
57646641
57646642
57646643
57646644
57646645
57646646
57646647
57646648
57646649
57646650
57646651
57646652
57646653
57646654
57646655
57646656
57646657
57646658
57646659
57646660
57646661
57646662
57646663
57646664
57646665
57646666
57646667
57646668
57646669
57646670
57646671
57646672
57646673
57646674
57646675
57646676
57646677
57646678
57646679
57646680
57646681
57646682
57646683
57646684
57646685
57646686
57646687
57646688
57646689
57646690
57646691
57646692
57646693
57646694
57646695
57646696
57646697
57646698
57646699
57646700
57646701
57646702
57646703
57646704
57646705
57646706
57646707
57646708
57646709
57646710
57646711
57646712
57646713
57646714
57646715
57646716
57646717
57646718
57646719
57646720
57646721
57646722
57646723
57646724
57646725
57646726
57646727
57646728
57646729
57646730
57646731
57646732
57646733
57646734
57646735
57646736
57646737
57646738
57646739
57646740
57646741
57646742
57646743
57646744
57646745
57646746
57646747
57646748
57646749
57646750
57646751
57646752
57646753
57646754
57646755
57646756
57646757
57646758
57646759
57646760
57646761
57646762
57646763
57646764
57646765
57646766
57646767
57646768
57646769
57646770
57646771
57646772
57646773
57646774
57646775
57646776
57646777
57646778
57646779
57646780
57646781
57646782
57646783
57646784
57646785
57646786
57646787
57646788
57646789
57646790
57646791
57646792
57646793
57646794
57646795
57646796
57646797
57646798
57646799
57646800
57646801
57646802
57646803
57646804
57646805
57646806
57646807
57646808
57646809
57646810
57646811
57646812
57646813
57646814
57646815
57646816
57646817
57646818
57646819
57646820
57646821
57646822
57646823
57646824
57646825
57646826
57646827
57646828
57646829
57646830
57646831
57646832
57646833
57646834
57646835
57646836
57646837
57646838
57646839
57646840
57646841
57646842
57646843
57646844
57646845
57646846
57646847
57646848
57646849
57646850
57646851
57646852
57646853
57646854
57646855
57646856
57646857
57646858
57646859
57646860
57646861
57646862
57646863
57646864
57646865
57646866
57646867
57646868
57646869
57646870
57646871
57646872
57646873
57646874
57646875
57646876
57646877
57646878
57646879
57646880
57646881
57646882
57646883
57646884
57646885
57646886
57646887
57646888
57646889
57646890
57646891
57646892
57646893
57646894
57646895
57646896
57646897
57646898
57646899
57646900
57646901
57646902
57646903
57646904
57646905
57646906
57646907
57646908
57646909
57646910
57646911
57646912
57646913
57646914
57646915
57646916
57646917
57646918
57646919
57646920
57646921
57646922
57646923
57646924
57646925
57646926
57646927
57646928
57646929
57646930
57646931
57646932
57646933
57646934
57646935
57646936
57646937
57646938
57646939
57646940
57646941
57646942
57646943
57646944
57646945
57646946
57646947
57646948
57646949
57646950
57646951
57646952
57646953
57646954
57646955
57646956
57646957
57646958
57646959
57646960
57646961
57646962
57646963
57646964
57646965
57646966
57646967
57646968
57646969
57646970
57646971
57646972
57646973
57646974
57646975
57646976
57646977
57646978
57646979
57646980
57646981
57646982
57646983
57646984
57646985
57646986
57646987
57646988
57646989
57646990
57646991
57646992
57646993
57646994
57646995
57646996
57646997
57646998
57646999
57647000
57647001
57647002
57647003
57647004
57647005
57647006
57647007
57647008
57647009
57647010
57647011
57647012
57647013
57647014
57647015
57647016
57647017
57647018
57647019
57647020
57647021
57647022
57647023
57647024
57647025
57647026
57647027
57647028
57647029
57647030
57647031
57647032
57647033
57647034
57647035
57647036
57647037
57647038
57647039
57647040
57647041
57647042
57647043
57647044
57647045
57647046
57647047
57647048
57647049
57647050
57647051
57647052
57647053
57647054
57647055
57647056
57647057
57647058
57647059
57647060
57647061
57647062
57647063
57647064
57647065
57647066
57647067
57647068
57647069
57647070
57647071
57647072
57647073
57647074
57647075
57647076
57647077
57647078
57647079
57647080
57647081
57647082
57647083
57647084
57647085
57647086
57647087
57647088
57647089
57647090
57647091
57647092
57647093
57647094
57647095
57647096
57647097
57647098
57647099
57647100
57647101
57647102
57647103
57647104
57647105
57647106
57647107
57647108
57647109
57647110
57647111
57647112
57647113
57647114
57647115
57647116
57647117
57647118
57647119
57647120
57647121
57647122
57647123
57647124
57647125
57647126
57647127
57647128
57647129
57647130
57647131
57647132
57647133
57647134
57647135
57647136
57647137
57647138
57647139
57647140
57647141
57647142
57647143
57647144
57647145
57647146
57647147
57647148
57647149
57647150
57647151
57647152
57647153
57647154
57647155
57647156
57647157
57647158
57647159
57647160
57647161
57647162
57647163
57647164
57647165
57647166
57647167
57647168
57647169
57647170
57647171
57647172
57647173
57647174
57647175
57647176
57647177
57647178
57647179
57647180
57647181
57647182
57647183
57647184
57647185
57647186
57647187
57647188
57647189
57647190
57647191
57647192
57647193
57647194
57647195
57647196
57647197
57647198
57647199
57647200
57647201
57647202
57647203
57647204
57647205
57647206
57647207
57647208
57647209
57647210
57647211
57647212
57647213
57647214
57647215
57647216
57647217
57647218
57647219
57647220
57647221
57647222
57647223
57647224
57647225
57647226
57647227
57647228
57647229
57647230
57647231
57647232
57647233
57647234
57647235
57647236
57647237
57647238
57647239
57647240
57647241
57647242
57647243
57647244
57647245
57647246
57647247
57647248
57647249
57647250
57647251
57647252
57647253
57647254
57647255
57647256
57647257
57647258
57647259
57647260
57647261
57647262
57647263
57647264
57647265
57647266
57647267
57647268
57647269
57647270
57647271
57647272
57647273
57647274
57647275
57647276
57647277
57647278
57647279
57647280
57647281
57647282
57647283
57647284
57647285
57647286
57647287
57647288
57647289
57647290
57647291
57647292
57647293
57647294
57647295
57647296
57647297
57647298
57647299
57647300
57647301
57647302
57647303
57647304
57647305
57647306
57647307
57647308
57647309
57647310
57647311
57647312
57647313
57647314
57647315
57647316
57647317
57647318
57647319
57647320
57647321
57647322
57647323
57647324
57647325
57647326
57647327
57647328
57647329
57647330
57647331
57647332
57647333
57647334
57647335
57647336
57647337
57647338
57647339
57647340
57647341
57647342
57647343
57647344
57647345
57647346
57647347
57647348
57647349
57647350
57647351
57647352
57647353
57647354
57647355
57647356
57647357
57647358
57647359
57647360
57647361
57647362
57647363
57647364
57647365
57647366
57647367
57647368
57647369
57647370
57647371
57647372
57647373
57647374
57647375
57647376
57647377
57647378
57647379
57647380
57647381
57647382
57647383
57647384
57647385
57647386
57647387
57647388
57647389
57647390
57647391
57647392
57647393
57647394
57647395
57647396
57647397
57647398
57647399
57647400
57647401
57647402
57647403
57647404
57647405
57647406
57647407
57647408
57647409
57647410
57647411
57647412
57647413
57647414
57647415
57647416
57647417
57647418
57647419
57647420
57647421
57647422
57647423
57647424
57647425
57647426
57647427
57647428
57647429
57647430
57647431
57647432
57647433
57647434
57647435
57647436
57647437
57647438
57647439
57647440
57647441
57647442
57647443
57647444
57647445
57647446
57647447
57647448
57647449
57647450
57647451
57647452
57647453
57647454
57647455
57647456
57647457
57647458
57647459
57647460
57647461
57647462
57647463
57678787
57678788
57678789
57678790
57678791
57678792
57678793
57678794
57678795
57678796
57678797
57678798
57678799
57678800
57678801
57678802
57678803
57678804
57678805
57678806
57678807
57678808
57678809
57678810
57678811
57672011
57672012
57672013
57672014
57672015
57672016
57672017
57672018
57672019
57672020
57672021
57672022
57672023
57672024
57672025
57672026
57672027
57672028
57672029
57672030
57672031
57672032
57672033
57672034
57672035
57672036
57672037
57672038
57672039
57672040
57672041
57672042
57672043
57672044
57672045
57672046
57672047
57672048
57672049
57672050
57672051
57672052
57672053
57672054
57672055
57672056
57672057
57672058
57672059
57672060
57672061
57672062
57672063
57672064
57672065
57672066
57672067
57672068
57672069
57672070
57672071
57672072
57672073
57672074
57672075
57672076
57672077
57672078
57672079
57672080
57672081
57672082
57672083
57672084
57672085
57672086
57672087
57672088
57672089
57672090
57672091
57672092
57672093
57672094
57672095
57672096
57672097
57672098
57672099
57672100
57672101
57672102
57672103
57672104
57672105
57672106
57672107
57672108
57672109
57672110
57672111
57672112
57672113
57672114
57672115
57672116
57672117
57672118
57672119
57672120
57672121
57672122
57672123
57672124
57672125
57672126
57672127
57672128
57672129
57672130
57672131
57672132
57672133
57672134
57672135
57672136
57672137
57672138
57672139
57672140
57672141
57672142
57672143
57672144
57672145
57672146
57672147
57672148
57672149
57672150
57672151
57672152
57672153
57672154
57672155
57672156
57672157
57672158
57672159
57672160
57672161
57672162
57672163
57672164
57672165
57670535
57670536
57670537
57670538
57670539
57670540
57670541
57670542
57670543
57670544
57670545
57670546
57670547
57670548
57670549
57670550
57670551
57670552
57670553
57670554
57670555
57670556
57670557
57670558
57670559
57670560
57670561
57670562
57670563
57670564
57670565
57670566
57670567
57670568
57670569
57670570
57670571
57670572
57670573
57670574
57670575
57670576
57670577
57670578
57670579
57670580
57670581
57670582
57670583
57670584
57670585
57670586
57670587
57670588
57670589
57670590
57670591
57670592
57670593
57670594
57670595
57670596
57670597
57670598
57670599
57670600
57670601
57670602
57670603
57670604
57670605
57670606
57670607
57670608
57670609
57670610
57670611
57670612
57670613
57670614
57670615
57670616
57670617
57670618
57670619
57670620
57670621
57670622
57670623
57670624
57670625
57670626
57670627
57670628
57670629
57670630
57670631
57670632
57670633
57670634
57670635
57670636
57670637
57670638
57670639
57670640
57670641
57670642
57670643
57670644
57670645
57670646
57669696
57669697
57669698
57669699
57669700
57669701
57669702
57669703
57669704
57669705
57669706
57669707
57669708
57669709
57669710
57669711
57669712
57669713
57669714
57669715
57669716
57669717
57669718
57669719
57669720
57669721
57669722
57669723
57669724
57669725
57669726
57669727
57669728
57669729
57669730
57669731
57669732
57669733
57669734
57669735
57669736
57669737
57669738
57669739
57669740
57669741
57669742
57669743
57669744
57669745
57669746
57669747
57669748
57669749
57669750
57669751
57669752
57669753
57669754
57669755
57669756
57669757
57669758
57669759
57669760
57669761
57669762
57669763
57669764
57669765
57669766
57669767
57669768
57669769
57669770
57669771
57669772
57669773
57669774
57669775
57669776
57669777
57669778
57669779
57669780
57669781
57669782
57669783
57669784
57669785
57669786
57669787
57669788
57669789
57669790
57669791
57669792
57669793
57669794
57669795
57669796
57669797
57669798
57669799
57669800
57669801
57669802
57669803
57669804
57669805
57669806
57669807
57669808
57669809
57669810
57669811
57669812
57669813
57669814
57669815
57669816
57669817
57669818
57669819
57669820
57669821
57669822
57669823
57669824
57669825
57669826
57669827
57669828
57669829
57669830
57669831
57669832
57669833
57669834
57669835
57669836
57669837
57669838
57669839
57669840
57669841
57666635
57666636
57666637
57666638
57666639
57666640
57666641
57666642
57666643
57666644
57666645
57666646
57666647
57666648
57666649
57666650
57666651
57666652
57666653
57666654
57666655
57666656
57666657
57666658
57666659
57666660
57666661
57666662
57666663
57666664
57666665
57666666
57666667
57666668
57666669
57666670
57666671
57666672
57666673
57666674
57666675
57666676
57666677
57666678
57666679
57666680
57666681
57666682
57666683
57666684
57666685
57666686
57666687
57666688
57666689
57666690
57666691
57666692
57666693
57666694
57666695
57666696
57666697
57666698
57666699
57666700
57666701
57666702
57666703
57666704
57666705
57666706
57666707
57666708
57666709
57666710
57666711
57666712
57666713
57666714
57666715
57666716
57666717
57666718
57666719
57666720
57666721
57666722
57666723
57666724
57666725
57666726
57666727
57666728
57666729
57666730
57666731
57666732
57666733
57666734
57666735
57666736
57666737
57666738
57666739
57666740
57665783
57665784
57665785
57665786
57665787
57665788
57665789
57665790
57665791
57665792
57665793
57665794
57665795
57665796
57665797
57665798
57665799
57665800
57665801
57665802
57665803
57665804
57665805
57665806
57665807
57665808
57665809
57665810
57665811
57665812
57665813
57665814
57665815
57665816
57665817
57665818
57665819
57665820
57665821
57665822
57665823
57665824
57665825
57665826
57665827
57665828
57665829
57665830
57665831
57665832
57665833
57665834
57665835
57665836
57665837
57665838
57665839
57665840
57665841
57665842
57665843
57665844
57665845
57665846
57665847
57665848
57665849
57665850
57703282
57703283
57703284
57703285
57703286
57703287
57703288
57703289
57703290
57703291
57703292
57703293
57703294
57703295
57703296
57703297
57703298
57703299
57703300
57703301
57703302
57703303
57703304
57703305
57703306
57703307
57703308
57703309
57703310
57703311
57703312
57703313
57703314
57705243
57705244
57705245
57705246
57705247
57705248
57705249
57705250
57705251
57705252
57705253
57705254
57705255
57705256
57705257
57705258
57705259
57705260
57705261
57705262
57705263
57705264
57705265
57705266
57705267
57705268
57705269
57705270
57705271
57705272
57705273
57705274
57705275
57705276
57705277
57705278
57705279
57705280
57705281
57705282
57705283
57705284
57705285
57705286
57705287
57705288
57705289
57705290
57705291
57705292
57705293
57705294
57705295
57705296
57705297
57705298
57705299
57705300
57705301
57705302
57705303
57705304
57705305
57705306
57705307
57705308
57705309
57705310
57705311
57705312
57705313
57705314
57705315
57705316
57705317
57705318
57705319
57705320
57705321
57705322
57705323
57705324
57705325
57705326
57705327
57705328
57705329
57705330
57705331
57705332
57705333
57705334
57705335
57705336
57705337
57705338
57705339
57705340
57705341
57705342
57705343
57705344
57705345
57705346
57705347
57705348
57705349
57705350
57705351
57705352
57705353
57705354
57705355
57705356
57705357
57705358
57705359
57705360
57705361
57705362
57705363
57705364
57705365
57705366
57705367
57705368
57705369
57716765
57716766
57716767
57716768
57716769
57716770
57716771
57716772
57716773
57716774
57716775
57716776
57716777
57716778
57716779
57716780
57716781
57716782
57716783
57716784
57716785
57716786
57716787
57716788
57716789
57716790
57716791
57716792
57716793
57716794
57716795
57716796
57716797
57716798
57716799
57716800
57716801
57716802
57716803
57716804
57716805
57716806
57716807
57716808
57716809
57716810
57716811
57716812
57716813
57716814
57716815
57716816
57716817
57716818
57716819
57716820
57716821
57716822
57716823
57716824
57716825
57716826
57716827
57716828
57716829
57716830
57716831
57716832
57716833
57716834
57716835
57716836
57716837
57716838
57716839
57716840
57716841
57716842
57716843
57716844
57716845
57716846
57716847
57716848
57716849
57716850
57716851
57716852
57716853
57716854
57716855
57716856
57716857
57716858
57716859
57716860
57722722
57722723
57722724
57722725
57722726
57722727
57722728
57722729
57722730
57722731
57722732
57722733
57722734
57722735
57722736
57722737
57722738
57722739
57722740
57722741
57722742
57722743
57722744
57722745
57722746
57722747
57722748
57722749
57722750
57722751
57722752
57722753
57722754
57722755
57722756
57722757
57722758
57722759
57722760
57722761
57722762
57722763
57722764
57722765
57722766
57722767
57722768
57722769
57722770
57722771
57722772
57722773
57722774
57722775
57722776
57722777
57722778
57722779
57722780
57722781
57722782
57722783
57722784
57722785
57722786
57722787
57722788
57722789
57722790
57722791
57722792
57722793
57722794
57722795
57722796
57722797
57722798
57722799
57722800
57722801
57722802
57722803
57722804
57722805
57722806
57722807
57722808
57722809
57722810
57722811
57722812
57722813
57722814
57722815
57722816
57722817
57722818
57722819
57722820
57722821
57722822
57722823
57722824
57722825
57722826
57722827
57722828
57722829
57722830
57722831
57722832
57722833
57722834
57722835
57722836
57722837
57722838
57722839
57722840
57722841
57722842
57722843
57722844
57722845
57722846
57722847
57722848
57722849
57722850
57722851
57722852
57722853
57722854
57722855
57722856
57722857
57722858
57722859
57722860
57722861
57722862
57722863
57722864
57722865
57722866
57722867
57722868
57722869
57722870
57722871
57722872
57722873
57722874
57722875
57722876
57722877
57722878
57722879
57722880
57722881
57722882
57722883
57722884
57722885
57722886
57722887
57722888
57722889
57722890
57722891
57722892
57722893
57722894
57722895
57722896
57722897
57722898
57722899
57722900
57722901
57722902
57722903
57722904
57722905
57722906
57722907
57722908
57722909
57722910
57722911
57722912
57722913
57722914
57722915
57722916
57722917
57722918
57722919
57722920
57722921
57722922
57722923
57722924
57722925
57722926
57722927
57722928
57722929
57722930
57722931
57722932
57722933
57722934
57722935
57722936
57722937
57722938
57722939
57722940
57722941
57722942
57722943
57722944
57722945
57722946
57722947
57722948
57722949
57722950
57722951
57722952
57722953
57722954
57722955
57722956
57722957
57722958
57722959
57722960
57722961
57722962
57722963
57722964
57722965
57722966
57722967
57722968
57722969
57722970
57722971
57722972
57722973
57722974
57722975
57722976
57722977
57722978
57722979
57722980
57722981
57722982
57722983
57722984
57722985
57722986
57722987
57722988
57722989
57722990
57722991
57722992
57722993
57722994
57722995
57722996
57722997
57722998
57722999
57723000
57723001
57723002
57723003
57723004
57723005
57723006
57723007
57723008
57723009
57723010
57723011
57723012
57723013
57723014
57723015
57723016
57723017
57723018
57723019
57723020
57723021
57723022
57723023
57723024
57723025
57723026
57723027
57723028
57723029
57723030
57723031
57723032
57723033
57723034
57723035
57723036
57723037
57723038
57723039
57723040
57723041
57723042
57723043
57723044
57723045
57723046
57723047
57723048
57723049
57723050
57723051
57723052
57723053
57723054
57723055
57723056
57723057
57723058
57723059
57723060
57723061
57723062
57723063
57723064
57723065
57723066
57723067
57723068
57723069
57723070
57723071
57723072
57723073
57723074
57723075
57723076
57723077
57723078
57723079
57723080
57723081
57723082
57723083
57723084
57723085
57723086
57723087
57723088
57723089
57723090
57723091
57723092
57723093
57723094
57723095
57723096
57723097
57723098
57723099
57723100
57723101
57723102
57723103
57723104
57723105
57723106
57723107
57723108
57723109
57723110
57723111
57723112
57723113
57723114
57723115
57723116
57723117
57723118
57723119
57723120
57723121
57723122
57723123
57723124
57723125
57723126
57723127
57723128
57723129
57723130
57723131
57723132
57723133
57723134
57723135
57723136
57723137
57723138
57723139
57723140
57723141
57723142
57723143
57723144
57723145
57723146
57723147
57723148
57723149
57723150
57723151
57723152
57723153
57723154
57723155
57723156
57723157
57723158
57723159
57723160
57723161
57723162
57723163
57723164
57723165
57723166
57723167
57723168
57723169
57723170
57723171
57723172
57723173
57723174
57723175
57723176
57723177
57723178
57723179
57723180
57723181
57723182
57723183
57723184
57723185
57723186
57723187
57723188
57723189
57723190
57723191
57723192
57723193
57723194
57723195
57723196
57723197
57723198
57723199
57723200
57723201
57723202
57723203
57723204
57723205
57723206
57723207
57723208
57723209
57723210
57723211
57723212
57723213
57723214
57723215
57723216
57723217
57723218
57723219
57723220
57723221
57723222
57723223
57723224
57723225
57723226
57723227
57723228
57723229
57723230
57723231
57723232
57723233
57723234
57723235
57723236
57723237
57723238
57723239
57723240
57723241
57723242
57723243
57723244
57723245
57723246
57723247
57723248
57723249
57723250
57723251
57723252
57723253
57723254
57723255
57723256
57723257
57723258
57723259
57723260
57723261
57723262
57723263
57723264
57723265
57723266
57723267
57723268
57723269
57723270
57723271
57723272
57723273
57723274
57723275
57723276
57723277
57723278
57723279
57723280
57723281
57723282
57723283
57723284
57723285
57723286
57723287
57723288
57723289
57723290
57723291
57723292
57723293
57723294
57723295
57723296
57723297
57723298
57723299
57723300
57723301
57723302
57723303
57723304
57723305
57723306
57723307
57723308
57723309
57723310
57723311
57723312
57723313
57723314
57723315
57723316
57723317
57723318
57723319
57723320
57723321
57723322
57723323
57723324
57723325
57723326
57723327
57723328
57723329
57723330
57723331
57723332
57723333
57723334
57723335
57723336
57723337
57723338
57723339
57723340
57723341
57723342
57723343
57723344
57723345
57723346
57723347
57723348
57723349
57723350
57723351
57723352
57723353
57723354
57723355
57723356
57723357
57723358
57723359
57723360
57723361
57723362
57723363
57723364
57723365
57723366
57723367
57723368
57723369
57723370
57723371
57723372
57723373
57723374
57723375
57723376
57723377
57723378
57723379
57723380
57723381
57723382
57723383
57723384
57723385
57723386
57723387
57723388
57723389
57723390
57723391
57723392
57723393
57723394
57723395
57723396
57723397
57723398
57723399
57723400
57723401
57723402
57723403
57723404
57723405
57723406
57723407
57723408
57723409
57723410
57723411
57723412
57723413
57723414
57723415
57723416
57723417
57723418
57723419
57723420
57723421
57723422
57723423
57723424
57723425
57723426
57723427
57723428
57723429
57723430
57723431
57723432
57723433
57723434
57723435
57723436
57723437
57723438
57723439
57723440
57723441
57723442
57723443
57723444
57723445
57723446
57723447
57723448
57723449
57723450
57723451
57723452
57723453
57723454
57723455
57723456
57723457
57723458
57723459
57723460
57723461
57723462
57723463
57723464
57723465
57723466
57723467
57723468
57723469
57723470
57723471
57723472
57723473
57723474
57723475
57723476
57723477
57723478
57723479
57723480
57723481
57723482
57723483
57723484
57723485
57723486
57723487
57723488
57723489
57723490
57723491
57723492
57723493
57723494
57723495
57723496
57723497
57723498
57723499
57723500
57723501
57723502
57723503
57723504
57723505
57723506
57723507
57723508
57723509
57723510
57723511
57723512
57723513
57723514
57723515
57723516
57723517
57723518
57723519
57723520
57723521
57723522
57723523
57723524
57723525
57723526
57723527
57723528
57723529
57723530
57723531
57723532
57723533
57723534
57723535
57723536
57723537
57723538
57723539
57723540
57723541
57723542
57723543
57723544
57723545
57723546
57723547
57723548
57723549
57723550
57723551
57723552
57723553
57723554
57723555
57723556
57723557
57723558
57723559
57723560
57723561
57723562
57723563
57723564
57723565
57723566
57723567
57723568
57723569
57723570
57723571
57723572
57723573
57723574
57723575
57723576
57723577
57723578
57723579
57723580
57723581
57723582
57723583
57723584
57723585
57723586
57723587
57723588
57723589
57723590
57723591
57723592
57723593
57723594
57723595
57723596
57723597
57723598
57723599
57723600
57723601
57723602
57723603
57723604
57723605
57723606
57723607
57723608
57723609
57723610
57723611
57723612
57723613
57723614
57723615
57723616
57723617
57723618
57723619
57723620
57723621
57723622
57723623
57723624
57723625
57723626
57723627
57723628
57723629
57723630
57723631
57723632
57723633
57723634
57723635
57723636
57723637
57723638
57723639
57723640
57723641
57723642
57723643
57723644
57723645
57723646
57723647
57723648
57723649
57723650
57723651
57723652
57723653
57723654
57723655
57723656
57723657
57723658
57723659
57723660
57723661
57723662
57723663
57723664
57723665
57723666
57723667
57723668
57723669
57723670
57723671
57723672
57723673
57723674
57723675
57723676
57723677
57723678
57723679
57723680
57723681
57723682
57723683
57723684
57723685
57723686
57723687
57723688
57723689
57723690
57723691
57723692
57723693
57723694
57723695
57723696
57723697
57723698
57723699
57723700
57723701
57723702
57723703
57723704
57723705
57723706
57723707
57723708
57723709
57723710
57723711
57723712
57723713
57723714
57723715
57723716
57723717
57723718
57723719
57723720
57723721
57723722
57723723
57723724
57723725
57723726
57723727
57723728
57723729
57723730
57723731
57723732
57723733
57723734
57723735
57723736
57723737
57723738
57723739
57723740
57723741
57723742
57723743
57723744
57723745
57723746
57723747
57723748
57723749
57723750
57723751
57723752
57723753
57723754
57723755
57723756
57723757
57723758
57723759
57723760
57723761
57723762
57723763
57723764
57723765
57723766
57723767
57723768
57723769
57723770
57723771
57723772
57723773
57723774
57723775
57723776
57723777
57723778
57723779
57723780
57723781
57723782
57723783
57723784
57723785
57723786
57723787
57723788
57723789
57723790
57723791
57723792
57723793
57723794
57723795
57723796
57723797
57723798
57723799
57723800
57723801
57723802
57723803
57723804
57723805
57723806
57723807
57723808
57723809
57723810
57723811
57723812
57723813
57723814
57723815
57723816
57723817
57723818
57723819
57723820
57723821
57723822
57723823
57723824
57723825
57723826
57723827
57723828
57723829
57723830
57723831
57723832
57723833
57723834
57723835
57723836
57723837
57723838
57723839
57723840
57723841
57723842
57723843
57723844
57723845
57723846
57723847
57723848
57723849
57723850
57723851
57723852
57723853
57723854
57723855
57723856
57723857
57723858
57723859
57723860
57723861
57723862
57723863
57723864
57723865
57723866
57723867
57723868
57723869
57723870
57723871
57723872
57723873
57723874
57723875
57723876
57723877
57723878
57723879
57723880
57723881
57723882
57723883
57723884
57723885
57723886
57723887
57723888
57723889
57723890
57723891
57723892
57723893
57723894
57723895
57723896
57723897
57723898
57723899
57723900
57723901
57723902
57723903
57723904
57723905
57723906
57723907
57723908
57723909
57723910
57723911
57723912
57723913
57723914
57723915
57723916
57723917
57723918
57723919
57723920
57723921
57723922
57723923
57723924
57723925
57723926
57723927
57723928
57723929
57723930
57723931
57723932
57723933
57723934
57723935
57723936
57723937
57723938
57723939
57723940
57723941
57723942
57723943
57723944
57723945
57723946
57723947
57723948
57723949
57723950
57723951
57723952
57723953
57723954
57723955
57723956
57723957
57723958
57723959
57723960
57723961
57723962
57723963
57723964
57723965
57723966
57723967
57723968
57723969
57723970
57723971
57723972
57723973
57723974
57723975
57723976
57723977
57723978
57723979
57723980
57723981
57723982
57723983
57723984
57723985
57723986
57723987
57723988
57723989
57723990
57723991
57723992
57723993
57723994
57723995
57723996
57723997
57723998
57723999
57724000
57724001
57724002
57724003
57724004
57724005
57724006
57724007
57724008
57724009
57724010
57724011
57724012
57724013
57724014
57724015
57724016
57724017
57724018
57724019
57724020
57724021
57724022
57724023
57724024
57724025
57724026
57724027
57724028
57724029
57724030
57724031
57724032
57724033
57724034
57724035
57724036
57724037
57724038
57724039
57724040
57724041
57724042
57724043
57724044
57724045
57724046
57724047
57724048
57724049
57724050
57724051
57724052
57724053
57724054
57724055
57724056
57724057
57724058
57724059
57724060
57724061
57724062
57724063
57724064
57724065
57724066
57724067
57724068
57724069
57724070
57724071
57724072
57724073
57724074
57724075
57724076
57724077
57724078
57724079
57724080
57724081
57724082
57724083
57724084
57724085
57724086
57724087
57724088
57724089
57724090
57724091
57724092
57724093
57724094
57724095
57724096
57724097
57724098
57724099
57724100
57724101
57724102
57724103
57724104
57724105
57724106
57724107
57724108
57724109
57724110
57724111
57724112
57724113
57724114
57724115
57724116
57724117
57724118
57724119
57724120
57724121
57724122
57724123
57724124
57724125
57724126
57724127
57724128
57724129
57724130
57724131
57724132
57724133
57724134
57724135
57724136
57724137
57724138
57724139
57724140
57724141
57724142
57724143
57724144
57724145
57724146
57724147
57724148
57724149
57724150
57724151
57724152
57724153
57724154
57724155
57724156
57724157
57724158
57724159
57724160
57724161
57724162
57724163
57724164
57724165
57724166
57724167
57724168
57724169
57724170
57724171
57724172
57724173
57724174
57724175
57724176
57724177
57724178
57724179
57724180
57724181
57724182
57724183
57724184
57724185
57724186
57724187
57724188
57724189
57724190
57724191
57724192
57724193
57724194
57724195
57724196
57724197
57724198
57724199
57724200
57724201
57724202
57724203
57724204
57724205
57724206
57724207
57724208
57724209
57724210
57724211
57724212
57724213
57724214
57724215
57724216
57724217
57724218
57724219
57724220
57724221
57724222
57724223
57724224
57724225
57724226
57724227
57724228
57724229
57724230
57724231
57724232
57724233
57724234
57724235
57724236
57724237
57724238
57724239
57724240
57724241
57724242
57724243
57724244
57724245
57724246
57724247
57724248
57724249
57724250
57724251
57724252
57724253
57724254
57724255
57724256
57724257
57724258
57724259
57724260
57724261
57724262
57724263
57724264
57724265
57724266
57724267
57724268
57724269
57724270
57724271
57724272
57724273
57724274
57724275
57724276
57724277
57724278
57724279
57724280
57724281
57724282
57724283
57724284
57724285
57724286
57724287
57724288
57724289
57724290
57724291
57724292
57724293
57724294
57724295
57724296
57724297
57724298
57724299
57724300
57724301
57724302
57724303
57724304
57724305
57724306
57724307
57724308
57724309
57724310
57724311
57724312
57724313
57724314
57724315
57724316
57724317
57724318
57724319
57724320
57724321
57724322
57724323
57724324
57724325
57724326
57724327
57724328
57724329
57724330
57724331
57724332
57724333
57724334
57724335
57724336
57724337
57724338
57724339
57724340
57724341
57724342
57724343
57724344
57724345
57724346
57742617
57742618
57742619
57742620
57742621
57742622
57742623
57742624
57742625
57742626
57742627
57742628
57742629
57742630
57742631
57742632
57742633
57742634
57742635
57742636
57742637
57742638
57742639
57742640
57742641
57742642
57742643
57742644
57742645
57742646
57742647
57742648
57742649
57742650
57742651
57742652
57742653
57742654
57742655
57742656
57742657
57742658
57742659
57742660
57742661
57742662
57742663
57742664
57742665
57742666
57742667
57742668
57742669
57742670
57742671
57742672
57742673
57742674
57743110
57743111
57743112
57743113
57743114
57743115
57743116
57743117
57743118
57743119
57743120
57743121
57743122
57743123
57743124
57743125
57743126
57743127
57743128
57743129
57743130
57743131
57743132
57743133
57743134
57743135
57743136
57743137
57743138
57743139
57743140
57743141
57743142
57743143
57743144
57743145
57743146
57743147
57743148
57743149
57743150
57743151
57743152
57743153
57743154
57743155
57743401
57743402
57743403
57743404
57743405
57743406
57743407
57743408
57743409
57743410
57743411
57743412
57743413
57743414
57743415
57743416
57743417
57743418
57743419
57743420
57743421
57743422
57743423
57743424
57743425
57743426
57743427
57743428
57743429
57743430
57743431
57743432
57743433
57743434
57743435
57743436
57743437
57743438
57743439
57743440
57743441
57743442
57743443
57743444
57743445
57743446
57743447
57743448
57743449
57743450
57743451
57743452
57743453
57743454
57743455
57743456
57743457
57743458
57743459
57743460
57743461
57743462
57743463
57743464
57743465
57743466
57743467
57743468
57743469
57743470
57743471
57743472
57743473
57743474
57743475
57743476
57743477
57743478
57743479
57743480
57743481
57743482
57743483
57743484
57743485
57743486
57743487
57743488
57743489
57743490
57743491
57743492
57743493
57743494
57743495
57743496
57743497
57743498
57743499
57743500
57743501
57743502
57743503
57743504
57743505
57743506
57743507
57743508
57743509
57743510
57743511
57743512
57743513
57743514
57743515
57743516
57743517
57743518
57743519
57743520
57743521
57743522
57743523
57743524
57743525
57743526
57743527
57743528
57743529
57743530
57743531
57743532
57743533
57743534
57743535
57743536
57743537
57743538
57743539
57743540
57743541
57743542
57743543
57743544
57743545
57743546
57743547
57743548
57743549
57743550
57743551
57743552
57743553
57743554
57743555
57743556
57743557
57743558
57743559
57743560
57743561
57743562
57743563
57743564
57743565
57743566
57743567
57743568
57743569
57743570
57743571
57743572
57743573
57743574
57743575
57743576
57743577
57743578
57743579
57743580
57743581
57743582
57743583
57743584
57743585
57743586
57743587
57743588
57743589
57743590
57743591
57743592
57743910
57743911
57743912
57743913
57743914
57743915
57743916
57743917
57743918
57743919
57743920
57743921
57743922
57743923
57743924
57743925
57743926
57743927
57743928
57743929
57743930
57743931
57743932
57743933
57743934
57743935
57743936
57743937
57743938
57743939
57743940
57743941
57743942
57743943
57743944
57743945
57743946
57743947
57743948
57743949
57743950
57743951
57743952
57743953
57743954
57743955
57743956
57743957
57743958
57743959
57743960
57743961
57743962
57743963
57743964
57743965
57743966
57743967
57743968
57743969
57743970
57743971
57743972
57743973
57743974
57743975
57743976
57743977
57743978
57743979
57743980
57743981
57743982
57743983
57743984
57743985
57743986
57743987
57743988
57743989
57743990
57743991
57743992
57743993
57743994
57743995
57743996
57743997
57743998
57743999
57744000
57744001
57744002
57744003
57744004
57744005
57744006
57744007
57744008
57744009
57744010
57744011
57744012
57744013
57744014
57744015
57744016
57744017
57744018
57744019
57744020
57744021
57744022
57744023
57744024
57744025
57744026
57744027
57744028
57744029
57744030
57744031
57744032
57744033
57744034
57744035
57744036
57744037
57744038
57744039
57744040
57744041
57744042
57744043
57744044
57744045
57744046
57744047
57744048
57744828
57744829
57744830
57744831
57744832
57744833
57744834
57744835
57744836
57744837
57744838
57744839
57744840
57744841
57744842
57744843
57744844
57744845
57744846
57744847
57744848
57744849
57744850
57744851
57744852
57744853
57744854
57744855
57744856
57744857
57744858
57744859
57744860
57744861
57744862
57744863
57744864
57744865
57744866
57744867
57744868
57744869
57744870
57744871
57744872
57744873
57744874
57744875
57744876
57744877
57744878
57744879
57744880
57744881
57744882
57744883
57744884
57744885
57744886
57744887
57744888
57744889
57744890
57744891
57744892
57744893
57744894
57744895
57744896
57744897
57744898
57744899
57744900
57744901
57744902
57744903
57744904
57744905
57744906
57744907
57744908
57744909
57744910
57744911
57744912
57744913
57744914
57744915
57744916
57744917
57744918
57744919
57744920
57744921
57744922
57744923
57744924
57744925
57744926
57744927
57744928
57744929
57744930
57744931
57744932
57744933
57744934
57744935
57744936
57744937
57744938
57744939
57744940
57744941
57744942
57744943
57744944
57744945
57744946
57744947
57744948
57744949
57744950
57744951
57744952
57744953
57744954
57744955
57744956
57744957
57744958
57744959
57744960
57744961
57744962
57744963
57744964
57744965
57744966
57744967
57744968
57744969
57744970
57744971
57744972
57744973
57744974
57744975
57744976
57746252
57746253
57746254
57746255
57746256
57746257
57746258
57746259
57746260
57746261
57746262
57746263
57746264
57746265
57746266
57746267
57746268
57746269
57746270
57746271
57746272
57746273
57746274
57746275
57746276
57746277
57746278
57746279
57746280
57746281
57746282
57746283
57746284
57746285
57746286
57746287
57746288
57746289
57746290
57746291
57746292
57746293
57746294
57746295
57746296
57746297
57746298
57746299
57746300
57746301
57746302
57746303
57746304
57746305
57746306
57746307
57746308
57746309
57746310
57746311
57746312
57746313
57746314
57746315
57746316
57746317
57746318
57746319
57746320
57746321
57746322
57746323
57746324
57746325
57746326
57746327
57746328
57746329
57746330
57746331
57746332
57746333
57746334
57746335
57746336
57746337
57746338
57746339
57746340
57746341
57746342
57746343
57746344
57746345
57746346
57746347
57746348
57746349
57746350
57746351
57746352
57746353
57746354
57746355
57746356
57746357
57746358
57746359
57746360
57746361
57746362
57746363
57746364
57746365
57746366
57746367
57746368
57746369
57746370
57746371
57746372
57746373
57746374
57746375
57746376
57746377
57746378
57746379
57746380
57746381
57746382
57746383
57746384
57746385
57746386
57746387
57746388
57746389
57746390
57746391
57746392
57746393
57746394
57746395
57746396
57746397
57746398
57746399
57746400
57746401
57746402
57746403
57746404
57746405
57746406
57746407
57746408
57746409
57746410
57746411
57746412
57746413
57746414
57746415
57746416
57746417
57746418
57746419
57746420
57746421
57746422
57746423
57746424
57746425
57746426
57746615
57746616
57746617
57746618
57746619
57746620
57746621
57746622
57746623
57746624
57746625
57746626
57746627
57746628
57746629
57746630
57746631
57746632
57746633
57746634
57746635
57746636
57746637
57746638
57746639
57746640
57746641
57746642
57746643
57746644
57746645
57746646
57746647
57746648
57746649
57746650
57746651
57746652
57746653
57746654
57746655
57746656
57746657
57746658
57746659
57746660
57746661
57746662
57746663
57746664
57746665
57746666
57746667
57746668
57746669
57746670
57746671
57746672
57746673
57746674
57746675
57746676
57746677
57746678
57746679
57746680
57746681
57746682
57746683
57746684
57746685
57746686
57746687
57746688
57746689
57746690
57746691
57746692
57746693
57746694
57746695
57746696
57746697
57746698
57746699
57746700
57746701
57746702
57746703
57746704
57746705
57746706
57746707
57746708
57746709
57746710
57746711
57746712
57746713
57746714
57746715
57746716
57746717
57746718
57746719
57746720
57746721
57746722
57746723
57746724
57746725
57746726
57746727
57746728
57746729
57746730
57746731
57746732
57746733
57746734
57746735
57746736
57746737
57746738
57746739
57746740
57746741
57746742
57746743
57746744
57746745
57746746
57746747
57746748
57746749
57746750
57746751
57746752
57746753
57746754
57746755
57746756
57746757
57746758
57746759
57746760
57746761
57746762
57746763
57746764
57746765
57746766
57746767
57746768
57746769
57746770
57746771
57746772
57746773
57746774
57746775
57746776
57746777
57746778
57746779
57746780
57746781
57746782
