54327140
54327141
54327142
54327143
54327144
54327145
54327146
54327147
54327148
54327149
54327150
54327151
54327152
54327153
54327154
54327155
54327156
54327157
54327158
54327159
54327160
54327161
54327162
54327163
54327164
54327165
54327166
54327167
54327168
54327169
54327170
54327171
54327172
54327173
54327174
54327175
54327176
54327177
54327178
54327179
54327180
54327181
54327182
54327183
54327184
54327185
54327186
54327187
54327188
54327189
54327190
54327191
54327192
54327193
54327194
54327195
54327196
54327197
54327198
54327199
54327200
54327201
54327202
54327203
54327204
54327205
54327206
54327207
54327208
54327209
54327210
54327211
54327212
54327213
54327214
54327215
54327216
54327217
54327218
54327219
54327220
54327221
54327222
54327223
54327224
54327225
54327226
54327227
54327228
54327229
54327230
54327231
54327232
54327233
54327234
54327235
54327236
54327237
54327238
54327239
54327240
54327241
54327242
54327243
54327244
54327245
54327246
54327247
54327248
54327249
54327250
54327251
54327252
54327253
54327254
54327255
54327256
54327257
54327258
54327259
54327260
54327261
54327262
54327263
54327264
54327265
54327266
54327267
54327268
54327269
54327270
54327271
54327272
54327273
54327274
54327275
54327276
54327277
54327278
54327279
54327280
54327281
54327282
54327283
54327284
54327285
54327286
54327287
54327288
54327289
54327290
54327291
54327292
54327293
54327294
54327295
54327296
54327297
54327298
54327299
54327300
54327301
54327302
54327303
54327304
54327305
54327306
54327307
54327308
54327309
54327310
54327311
54327312
54327313
54327314
54327315
54327316
54327317
54327318
54327319
54327320
54327321
54327322
54327323
54327324
54327325
54327326
54327327
54327328
54327329
54327330
54327331
54327332
54327333
54327334
54327335
54327336
54327337
54327338
54327339
54327340
54327341
54327342
54327343
54327344
54327345
54327346
54327347
54327348
54327349
54327350
54327351
54327352
54327353
54327354
54327355
54327356
54327357
54327358
54327359
54327360
54327361
54327362
54327363
54327364
54327365
54327366
54327367
54327368
54327369
54327370
54327371
54327372
54327373
54327374
54327375
54327376
54327377
54327378
54327379
54327380
54327381
54327382
54327383
54327384
54327385
54327386
54327387
54327388
54327389
54327390
54327391
54327392
54327393
54327394
54327395
54327396
54327397
54327398
54327399
54327400
54327401
54327402
54327403
54327404
54327405
54327406
54327407
54327408
54327409
54327410
54327411
54327412
54327413
54327414
54327415
54327416
54327417
54327418
54327419
54327420
54327421
54327422
54327423
54327424
54327425
54327426
54327427
54327428
54318162
54318163
54318164
54318165
54318166
54318167
54318168
54318169
54318170
54318171
54318172
54318173
54318174
54318175
54318176
54318177
54318178
54318179
54318180
54318181
54318182
54318183
54318184
54318185
54318186
54318187
54318188
54318189
54318190
54318191
54318192
54318193
54318194
54318195
54318196
54318197
54318198
54318199
54318200
54318201
54318202
54318203
54318204
54318205
54318206
54318207
54318208
54318209
54318210
54318211
54318212
54318213
54318214
54318215
54318216
54318217
54318218
54318219
54318220
54318221
54318222
54318223
54318224
54318225
54318226
54318227
54318228
54318229
54318230
54318231
54318232
54318233
54318234
54318235
54318236
54318237
54318238
54318239
54318240
54318241
54318242
54312841
54312842
54312843
54312844
54312845
54312846
54312847
54312848
54312849
54312850
54312851
54312852
54312853
54312854
54312855
54312856
54312857
54312858
54312859
54312860
54312861
54312862
54312863
54312864
54312865
54312866
54312867
54312868
54312869
54312870
54312871
54312872
54312873
54312874
54312875
54312876
54312877
54312878
54312879
54312880
54312881
54312882
54312883
54312884
54312885
54312886
54312887
54312888
54312889
54312890
54312891
54312892
54312893
54312894
54312895
54312896
54312897
54312898
54312899
54312900
54312901
54312902
54312903
54312904
54312905
54312906
54312907
54312908
54312909
54312910
54312911
54312912
54312913
54312914
54312915
54312916
54312917
54312918
54312919
54312920
54312921
54312922
54312923
54312924
54312925
54312926
54312927
54312928
54312929
54312930
54312931
54312932
54312933
54312934
54312935
54312936
54312937
54312938
54312939
54312940
54312941
54312942
54312943
54312944
54312945
54312946
54312947
54312948
54312949
54312950
54312951
54312952
54312953
54312954
54312955
54312956
54312957
54312958
54312959
54312960
54312961
54312962
54312963
54312964
54312965
54312966
54312967
54312968
54312969
54312970
54312971
54312972
54312973
54312974
54312975
54312976
54312977
54312978
54312979
54312980
54312981
54312982
54312983
54312984
54312985
54312986
54312987
54312988
54312989
54312990
54312991
54312992
54312993
54312994
54312995
54312996
54312997
54312998
54312999
54313000
54313001
54313002
54313003
54313004
54313005
54313006
54313007
54313008
54313009
54313010
54313011
54313012
54313013
54313014
54313015
54313016
54313017
54313018
54313019
54313020
54313021
54313022
54313023
54313024
54313025
54313026
54313027
54313028
54313029
54313030
54313031
54313032
54313033
54313034
54313035
54313036
54313037
54313038
54313039
54313040
54313041
54313042
54313043
54313044
54313045
54313046
54313047
54313048
54313049
54313050
54313051
54313052
54313053
54313054
54313055
54313056
54313057
54313058
54313059
54313060
54313061
54313062
54313063
54313064
54313065
54313066
54313067
54313068
54313069
54313070
54313071
54313072
54313073
54313074
54313075
54313076
54313077
54313078
54313079
54313080
54313081
54313082
54313083
54313084
54313085
54313086
54313087
54313088
54313089
54313090
54313091
54313092
54313093
54313094
54313095
54313096
54313097
54313098
54313099
54313100
54313101
54313102
54313103
54313104
54313105
54313106
54313107
54313108
54313109
54313110
54313111
54313112
54313113
54313114
54313115
54313116
54313117
54313118
54313119
54313120
54313121
54313122
54313123
54313124
54313125
54313126
54313127
54313128
54313129
54313130
54313131
54313132
54313133
54313134
54313135
54313136
54313137
54313138
54313139
54313140
54313141
54313142
54313143
54313144
54313145
54313146
54313147
54313148
54313149
54313150
54313151
54313152
54313153
54313154
54313155
54313156
54313157
54313158
54313159
54313160
54313161
54313162
54313163
54313164
54313165
54313166
54313167
54313168
54313169
54313170
54313171
54313172
54313173
54313174
54313175
54313176
54313177
54313178
54313179
54313180
54313181
54313182
54313183
54313184
54313185
54313186
54313187
54313188
54313189
54313190
54313191
54313192
54313193
54313194
54313195
54313196
54313197
54313198
54313199
54313200
54313201
54313202
54313203
54313204
54313205
54313206
54313207
54313208
54313209
54313210
54313211
54313212
54313213
54313214
54313215
54313216
54313217
54313218
54313219
54313220
54313221
54313222
54313223
54313224
54313225
54313226
54313227
54313228
54313229
54313230
54313231
54313232
54313233
54313234
54313235
54313236
54313237
54313238
54313239
54313240
54313241
54313242
54313243
54313244
54313245
54313246
54313247
54313248
54313249
54313250
54313251
54313252
54313253
54313254
54313255
54313256
54313257
54313258
54313259
54313260
54313261
54313262
54313263
54313264
54313265
54313266
54313267
54313268
54313269
54313270
54313271
54313272
54313273
54313274
54313275
54313276
54313277
54313278
54313279
54313280
54313281
54313282
54313283
54313284
54313285
54313286
54313287
54313288
54313289
54313290
54313291
54313292
54313293
54313294
54313295
54313296
54313297
54313298
54313299
54313300
54313301
54313302
54313303
54313304
54313305
54313306
54313307
54313308
54313309
54313310
54313311
54313312
54313313
54313314
54313315
54313316
54313317
54313318
54313319
54313320
54313321
54313322
54313323
54313324
54313325
54313326
54313327
54313328
54313329
54313330
54313331
54313332
54313333
54313334
54313335
54313336
54313337
54313338
54313339
54313340
54313341
54313342
54313343
54313344
54313345
54313346
54313347
54313348
54313349
54313350
54313351
54313352
54313353
54313354
54313355
54313356
54313357
54313358
54313359
54313360
54313361
54313362
54313363
54313364
54313365
54313366
54313367
54313368
54313369
54313370
54313371
54313372
54313373
54313374
54313375
54313376
54313377
54313378
54313379
54313380
54313381
54313382
54313383
54313384
54313385
54313386
54313387
54313388
54313389
54313390
54313391
54313392
54313393
54313394
54313395
54313396
54313397
54313398
54313399
54313400
54313401
54313402
54313403
54313404
54313405
54313406
54313407
54313408
54313409
54313410
54313411
54313412
54313413
54313414
54313415
54313416
54313417
54313418
54313419
54313420
54313421
54313422
54313423
54313424
54313425
54313426
54313427
54313428
54313429
54313430
54313431
54313432
54313433
54313434
54313435
54313436
54313437
54313438
54313439
54313440
54313441
54313442
54313443
54313444
54313445
54313446
54313447
54313448
54313449
54313450
54313451
54313452
54313453
54313454
54313455
54313456
54313457
54313458
54313459
54313460
54313461
54313462
54313463
54313464
54313465
54313466
54313467
54313468
54313469
54313470
54313471
54313472
54313473
54313474
54313475
54313476
54313477
54313478
54313479
54313480
54313481
54313482
54313483
54313484
54313485
54313486
54313487
54313488
54313489
54313490
54313491
54313492
54313493
54313494
54313495
54313496
54313497
54313498
54313499
54313500
54313501
54313502
54313503
54313504
54313505
54313506
54313507
54313508
54313509
54313510
54313511
54313512
54313513
54313514
54313515
54313516
54313517
54313518
54313519
54313520
54313521
54313522
54313523
54313524
54313525
54313526
54313527
54313528
54313529
54313530
54313531
54313532
54313533
54313534
54313535
54313536
54313537
54313538
54313539
54313540
54313541
54313542
54313543
54313544
54313545
54313546
54313547
54313548
54313549
54313550
54313551
54313552
54313553
54313554
54313555
54313556
54313557
54313558
54313559
54313560
54313561
54313562
54313563
54313564
54313565
54313566
54313567
54313568
54313569
54313570
54313571
54313572
54313573
54313574
54313575
54313576
54313577
54313578
54313579
54313580
54313581
54313582
54313583
54313584
54313585
54313586
54313587
54313588
54313589
54313590
54313591
54313592
54313593
54313594
54313595
54313596
54313597
54313598
54313599
54313600
54313601
54313602
54313603
54313604
54313605
54313606
54313607
54313608
54313609
54313610
54313611
54313612
54313613
54313614
54313615
54313616
54313617
54313618
54313619
54313620
54313621
54313622
54313623
54313624
54313625
54313626
54313627
54313628
54313629
54313630
54313631
54313632
54313633
54313634
54313635
54313636
54313637
54313638
54313639
54313640
54313641
54313642
54313643
54313644
54313645
54313646
54313647
54313648
54313649
54313650
54313651
54313652
54313653
54313654
54313655
54313656
54313657
54313658
54313659
54313660
54313661
54313662
54313663
54313664
54313665
54313666
54313667
54313668
54313669
54313670
54313671
54313672
54313673
54313674
54313675
54313676
54313677
54313678
54313679
54313680
54313681
54313682
54313683
54313684
54313685
54313686
54313687
54313688
54313689
54313690
54313691
54313692
54313693
54313694
54313695
54313696
54313697
54313698
54313699
54313700
54313701
54313702
54313703
54313704
54313705
54313706
54313707
54313708
54313709
54313710
54313711
54313712
54313713
54313714
54313715
54313716
54313717
54313718
54313719
54313720
54313721
54313722
54313723
54313724
54313725
54313726
54313727
54313728
54313729
54313730
54313731
54313732
54313733
54313734
54313735
54313736
54313737
54313738
54313739
54313740
54313741
54313742
54313743
54313744
54313745
54313746
54313747
54313748
54313749
54313750
54313751
54313752
54313753
54313754
54313755
54313756
54313757
54313758
54313759
54313760
54313761
54313762
54313763
54313764
54313765
54313766
54313767
54313768
54313769
54313770
54313771
54313772
54313773
54313774
54313775
54313776
54313777
54313778
54313779
54313780
54313781
54313782
54313783
54313784
54313785
54313786
54313787
54313788
54313789
54313790
54313791
54313792
54313793
54313794
54313795
54313796
54313797
54313798
54313799
54313800
54313801
54313802
54313803
54313804
54313805
54313806
54313807
54313808
54313809
54313810
54313811
54313812
54313813
54313814
54313815
54313816
54313817
54313818
54313819
54313820
54313821
54313822
54313823
54313824
54313825
54313826
54313827
54313828
54313829
54313830
54313831
54313832
54313833
54313834
54313835
54313836
54313837
54313838
54313839
54313840
54313841
54313842
54313843
54313844
54313845
54313846
54313847
54313848
54313849
54313850
54313851
54313852
54313853
54313854
54313855
54313856
54313857
54313858
54313859
54313860
54313861
54313862
54313863
54313864
54313865
54313866
54313867
54313868
54313869
54313870
54313871
54313872
54313873
54313874
54313875
54313876
54313877
54313878
54313879
54313880
54313881
54313882
54313883
54313884
54313885
54313886
54313887
54313888
54313889
54313890
54313891
54313892
54313893
54313894
54313895
54313896
54313897
54313898
54313899
54313900
54313901
54313902
54313903
54313904
54313905
54313906
54313907
54313908
54313909
54313910
54313911
54313912
54313913
54313914
54313915
54313916
54313917
54313918
54313919
54313920
54313921
54313922
54313923
54313924
54313925
54313926
54313927
54313928
54313929
54313930
54313931
54313932
54313933
54313934
54313935
54313936
54313937
54313938
54313939
54313940
54313941
54313942
54313943
54313944
54313945
54313946
54313947
54313948
54313949
54313950
54313951
54313952
54313953
54313954
54313955
54313956
54313957
54313958
54313959
54313960
54313961
54313962
54313963
54313964
54313965
54313966
54313967
54313968
54313969
54313970
54313971
54313972
54313973
54313974
54313975
54313976
54313977
54313978
54313979
54313980
54313981
54313982
54313983
54313984
54313985
54313986
54313987
54313988
54313989
54313990
54313991
54313992
54313993
54313994
54313995
54313996
54313997
54313998
54313999
54314000
54314001
54314002
54314003
54314004
54314005
54314006
54314007
54314008
54314009
54314010
54314011
54314012
54314013
54314014
54314015
54314016
54314017
54314018
54314019
54314020
54314021
54314022
54314023
54314024
54314025
54314026
54314027
54314028
54314029
54314030
54314031
54314032
54314033
54314034
54314035
54314036
54314037
54314038
54314039
54314040
54314041
54314042
54314043
54314044
54314045
54314046
54314047
54314048
54314049
54314050
54314051
54314052
54314053
54314054
54314055
54314056
54314057
54314058
54314059
54314060
54314061
54314062
54314063
54314064
54314065
54314066
54314067
54314068
54314069
54314070
54314071
54314072
54314073
54314074
54314075
54314076
54314077
54314078
54314079
54314080
54314081
54314082
54314083
54314084
54314085
54314086
54314087
54314088
54314089
54314090
54314091
54314092
54314093
54314094
54314095
54314096
54314097
54314098
54314099
54314100
54314101
54314102
54314103
54314104
54314105
54314106
54314107
54314108
54314109
54314110
54314111
54314112
54314113
54314114
54314115
54314116
54314117
54314118
54314119
54314120
54314121
54314122
54314123
54314124
54314125
54314126
54314127
54314128
54314129
54314130
54314131
54314132
54314133
54314134
54314135
54314136
54314137
54314138
54314139
54314140
54314141
54314142
54314143
54314144
54314145
54314146
54314147
54314148
54314149
54314150
54314151
54314152
54314153
54314154
54314155
54314156
54314157
54314158
54314159
54314160
54314161
54314162
54314163
54314164
54314165
54314166
54314167
54314168
54314169
54314170
54314171
54314172
54314173
54314174
54314175
54314176
54314177
54314178
54314179
54314180
54314181
54314182
54314183
54314184
54314185
54314186
54314187
54314188
54314189
54314190
54314191
54314192
54314193
54314194
54314195
54314196
54314197
54314198
54314199
54314200
54314201
54314202
54314203
54314204
54314205
54314206
54314207
54314208
54314209
54314210
54314211
54314212
54314213
54314214
54314215
54314216
54314217
54314218
54314219
54314220
54314221
54314222
54314223
54314224
54314225
54314226
54314227
54314228
54314229
54314230
54314231
54314232
54314233
54314234
54314235
54314236
54314237
54314238
54314239
54314240
54314241
54314242
54314243
54314244
54314245
54314246
54314247
54314248
54314249
54314250
54314251
54314252
54314253
54314254
54314255
54314256
54314257
54314258
54314259
54314260
54314261
54314262
54314263
54314264
54314265
54314266
54314267
54314268
54314269
54314270
54314271
54314272
54314273
54314274
54314275
54314276
54314277
54314278
54314279
54314280
54314281
54314282
54314283
54314284
54314285
54314286
54314287
54314288
54314289
54314290
54314291
54314292
54314293
54314294
54314295
54314296
54314297
54314298
54314299
54314300
54314301
54314302
54314303
54314304
54314305
54314306
54314307
54314308
54314309
54314310
54314311
54314312
54314313
54314314
54314315
54314316
54314317
54314318
54314319
54314320
54314321
54314322
54314323
54314324
54314325
54314326
54314327
54314328
54314329
54314330
54314331
54314332
54314333
54314334
54314335
54314336
54314337
54314338
54314339
54314340
54314341
54314342
54314343
54314344
54314345
54314346
54314347
54314348
54314349
54314350
54314351
54314352
54314353
54314354
54314355
54314356
54314357
54314358
54314359
54314360
54314361
54314362
54314363
54314364
54314365
54314366
54314367
54314368
54314369
54314370
54314371
54314372
54314373
54314374
54314375
54314376
54314377
54314378
54314379
54314380
54314381
54314382
54314383
54314384
54314385
54314386
54314387
54314388
54314389
54314390
54314391
54314392
54314393
54314394
54314395
54314396
54314397
54314398
54314399
54314400
54314401
54314402
54314403
54314404
54314405
54314406
54314407
54314408
54314409
54314410
54314411
54314412
54314413
54314414
54314415
54314416
54314417
54314418
54314419
54314420
54314421
54314422
54314423
54314424
54314425
54314426
54314427
54314428
54314429
54314430
54314431
54314432
54314433
54314434
54314435
54314436
54314437
54314438
54314439
54314440
54314441
54314442
54314443
54314444
54314445
54314446
54314447
54314448
54314449
54314450
54314451
54314452
54314453
54314454
54314455
54314456
54314457
54314458
54314459
54314460
54314461
54314462
54314463
54314464
54314465
54314466
54314467
54314468
54314469
54314470
54314471
54314472
54314473
54314474
54314475
54314476
54314477
54314478
54314479
54314480
54314481
54314482
54314483
54314484
54314485
54314486
54314487
54314488
54314489
54314490
54314491
54314492
54314493
54314494
54314495
54314496
54314497
54314498
54314499
54314500
54314501
54314502
54314503
54314504
54314505
54314506
54314507
54314508
54314509
54314510
54314511
54314512
54314513
54314514
54314515
54314516
54314517
54314518
54314519
54314520
54314521
54314522
54314523
54314524
54314525
54314526
54314527
54314528
54314529
54314530
54314531
54314532
54314533
54314534
54314535
54314536
54314537
54314538
54314539
54314540
54314541
54314542
54310749
54310750
54310751
54310752
54310753
54310754
54310755
54310756
54310757
54310758
54310759
54310760
54310761
54310762
54310763
54310764
54310765
54310766
54310767
54310768
54310769
54310770
54310771
54310772
54310773
54310774
54310775
54310776
54310777
54310778
54310779
54310780
54310781
54310782
54310783
54310784
54310785
54310786
54310787
54310788
54310789
54310790
54310791
54310792
54310793
54310794
54310795
54310796
54310797
54310798
54310799
54310800
54310801
54310802
54310803
54310804
54310805
54310806
54310807
54310808
54310809
54310810
54310811
54310812
54310813
54310814
54310815
54310816
54310817
54310818
54310819
54310820
54310821
54310822
54310823
54310824
54310825
54310826
54310827
54310828
54310829
54310830
54310831
54310832
54310833
54310834
54310835
54310836
54310837
54310838
54310839
54310840
54310841
54310842
54310843
54310844
54310845
54310846
54310847
54310848
54310849
54310850
54310851
54310852
54310853
54310854
54310855
54310856
54310857
54310858
54310859
54310860
54310861
54310862
54310863
54310864
54310865
54310866
54310867
54310868
54310869
54310870
54310871
54310872
54310873
54310874
54310875
54310876
54310877
54310878
54310879
54310880
54310881
54310882
54310883
54310884
54310885
54310886
54310887
54310888
54310889
54310890
54310891
54310892
54310893
54310894
54310895
54310896
54310897
54310898
54310899
54310900
54310901
54310902
54310903
54310904
54310905
54310906
54310907
54310908
54310909
54310910
54310911
54310912
54310913
54310914
54310915
54310916
54310917
54310918
54310919
54308534
54308535
54308536
54308537
54308538
54308539
54308540
54308541
54308542
54308543
54308544
54308545
54308546
54308547
54308548
54308549
54308550
54308551
54308552
54308553
54308554
54308555
54308556
54308557
54308558
54308559
54308560
54308561
54308562
54308563
54308564
54308565
54308566
54308567
54308568
54308569
54308570
54308571
54308572
54308573
54308574
54308575
54308576
54308577
54308578
54308579
54308580
54308581
54308582
54308583
54308584
54308585
54308586
54308587
54308588
54308589
54308590
54308591
54308592
54308593
54308594
54308595
54308596
54308597
54308598
54308599
54308600
54308601
54308602
54308603
54308604
54308605
54308606
54308607
54308608
54308609
54308610
54308611
54308612
54308613
54308614
54308615
54308616
54308617
54308618
54308619
54308620
54308621
54308622
54308623
54308624
54308625
54308626
54308627
54308628
54308629
54308630
54308631
54308632
54308633
54308634
54308635
54308636
54308637
54308638
54308639
54308640
54308641
54308642
54308643
54308644
54308645
54308646
54308647
54308648
54308649
54308650
54308651
54308652
54308653
54308654
54308655
54308656
54308657
54308658
54308659
54308660
54308661
54308662
54308663
54308664
54308665
54308666
54308667
54308668
54308669
54308670
54308671
54308672
54308673
54308674
54308675
54308676
54308677
54308678
54308679
54308680
54308681
54308682
54308683
54308684
54308685
54308686
54308687
54308688
54308689
54308690
54308691
54308692
54308693
54308694
54308695
54308696
54308697
54308698
54308699
54308700
54308701
54308702
54308703
54308704
54307206
54307207
54307208
54307209
54307210
54307211
54307212
54307213
54307214
54307215
54307216
54307217
54307218
54307219
54307220
54307221
54307222
54307223
54307224
54307225
54307226
54307227
54307228
54307229
54307230
54307231
54307232
54307233
54307234
54307235
54307236
54307237
54307238
54307239
54307240
54307241
54307242
54307243
54307244
54307245
54307246
54307247
54307248
54307249
54307250
54307251
54307252
54307253
54307254
54307255
54307256
54307257
54307258
54307259
54307260
54307261
54307262
54307263
54307264
54307265
54307266
54307267
54307268
54307269
54307270
54307271
54307272
54307273
54307274
54307275
54307276
54307277
54307278
54307279
54307280
54307281
54307282
54307283
54307284
54307285
54307286
54307287
54307288
54307289
54307290
54307291
54307292
54307293
54307294
54307295
54307296
54307297
54307298
54307299
54307300
54307301
54307302
54307303
54307304
54307305
54307306
54307307
54307308
54307309
54307310
54307311
54307312
54307313
54307314
54307315
54307316
54307317
54307318
54307319
54307320
54307321
54307322
54307323
54307324
54307325
54307326
54307327
54307328
54307329
54307330
54307331
54307332
54307333
54307334
54307335
54307336
54307337
54307338
54307339
54307340
54307341
54307342
54307343
54307344
54307345
54307346
54307347
54307348
54307349
54307350
54307351
54307352
54307353
54307354
54307355
54307356
54307357
54307358
54307359
54307360
54307361
54307362
54307363
54307364
54307365
54307366
54307367
54307368
54307369
54307370
54307371
54307372
54307373
54307374
54307375
54307376
54304481
54304482
54304483
54304484
54304485
54304486
54304487
54304488
54304489
54304490
54304491
54304492
54304493
54304494
54304495
54304496
54304497
54304498
54304499
54304500
54304501
54304502
54304503
54304504
54304505
54304506
54304507
54304508
54304509
54304510
54304511
54304512
54304513
54304514
54304515
54304516
54304517
54304518
54304519
54304520
54304521
54304522
54304523
54304524
54304525
54304526
54304527
54304528
54304529
54304530
54304531
54304532
54304533
54304534
54304535
54304536
54304537
54304538
54304539
54304540
54304541
54304542
54304543
54304544
54304545
54304546
54304547
54304548
54304549
54304550
54304551
54304552
54304553
54304554
54304555
54304556
54304557
54304558
54304559
54304560
54304561
54304562
54304563
54304564
54304565
54304566
54304567
54304568
54304569
54304570
54304571
54304572
54304573
54304574
54304575
54304576
54304577
54304578
54304579
54304580
54304581
54304582
54304583
54304584
54304585
54304586
54304587
54304588
54304589
54304590
54304591
54304592
54304593
54304594
54304595
54304596
54304597
54304598
54304599
54304600
54304601
54304602
54304603
54304604
54304605
54304606
54304607
54304608
54304609
54304610
54304611
54304612
54304613
54304614
54304615
54304616
54304617
54304618
54304619
54304620
54304621
54304622
54304623
54304624
54304625
54304626
54304627
54304628
54304629
54304630
54304631
54304632
54304633
54304634
54304635
54304636
54304637
54304638
54304639
54304640
54304641
54304642
54304643
54304644
54304645
54304646
54304647
54304648
54304649
54304650
54304651
54301497
54301498
54301499
54301500
54301501
54301502
54301503
54301504
54301505
54301506
54301507
54301508
54301509
54301510
54301511
54301512
54301513
54301514
54301515
54301516
54301517
54301518
54301519
54301520
54301521
54301522
54301523
54301524
54301525
54301526
54301527
54301528
54301529
54301530
54301531
54301532
54301533
54301534
54301535
54301536
54301537
54301538
54301539
54301540
54301541
54301542
54301543
54301544
54301545
54301546
54301547
54301548
54301549
54301550
54301551
54301552
54301553
54301554
54301555
54301556
54301557
54301558
54301559
54301560
54301561
54301562
54301563
54301564
54301565
54301566
54301567
54301568
54301569
54301570
54301571
54301572
54301573
54301574
54301575
54301576
54301577
54301578
54301579
54301580
54301581
54301582
54301583
54301584
54301585
54301586
54301587
54301588
54301589
54301590
54301591
54301592
54301593
54301594
54301595
54301596
54301597
54301598
54301599
54301600
54301601
54301602
54301603
54301604
54301605
54301606
54301607
54301608
54301609
54301610
54301611
54301612
54301613
54301614
54301615
54301616
54301617
54301618
54301619
54301620
54301621
54301622
54301623
54301624
54301625
54301626
54301627
54301628
54301629
54301630
54301631
54301632
54301633
54301634
54301635
54301636
54301637
54301638
54301639
54301640
54301641
54301642
54301643
54301644
54301645
54301646
54301647
54301648
54301649
54301650
54301651
54301652
54301653
54301654
54301655
54301656
54301657
54301658
54301659
54301660
54301661
54301662
54301663
54301664
54301665
54301666
54301667
54299113
54299114
54299115
54299116
54299117
54299118
54299119
54299120
54299121
54299122
54299123
54299124
54299125
54299126
54299127
54299128
54299129
54299130
54299131
54299132
54299133
54299134
54299135
54299136
54299137
54299138
54299139
54299140
54299141
54299142
54299143
54299144
54299145
54299146
54299147
54299148
54299149
54299150
54299151
54299152
54299153
54299154
54299155
54299156
54299157
54299158
54299159
54299160
54299161
54299162
54299163
54299164
54299165
54299166
54299167
54299168
54299169
54299170
54299171
54299172
54299173
54299174
54299175
54299176
54299177
54299178
54299179
54299180
54299181
54299182
54299183
54299184
54299185
54299186
54299187
54299188
54299189
54299190
54299191
54299192
54299193
54299194
54299195
54299196
54299197
54299198
54299199
54299200
54299201
54299202
54299203
54299204
54299205
54299206
54299207
54299208
54299209
54299210
54299211
54299212
54299213
54299214
54299215
54299216
54299217
54299218
54299219
54299220
54299221
54299222
54299223
54299224
54299225
54299226
54299227
54299228
54299229
54299230
54299231
54299232
54299233
54299234
54299235
54299236
54299237
54299238
54299239
54299240
54299241
54299242
54299243
54299244
54299245
54299246
54299247
54299248
54299249
54299250
54299251
54299252
54299253
54299254
54299255
54299256
54299257
54299258
54299259
54299260
54299261
54299262
54299263
54299264
54299265
54299266
54299267
54299268
54299269
54299270
54299271
54299272
54299273
54299274
54299275
54299276
54299277
54299278
54299279
54299280
54299281
54299282
54299283
54297306
54297307
54297308
54297309
54297310
54297311
54297312
54297313
54297314
54297315
54297316
54297317
54297318
54297319
54297320
54297321
54297322
54297323
54297324
54297325
54297326
54297327
54297328
54297329
54297330
54297331
54297332
54297333
54297334
54297335
54297336
54297337
54297338
54297339
54297340
54297341
54297342
54297343
54297344
54297345
54297346
54297347
54297348
54297349
54297350
54297351
54297352
54297353
54297354
54297355
54297356
54297357
54297358
54297359
54297360
54297361
54297362
54297363
54297364
54297365
54297366
54297367
54297368
54297369
54297370
54297371
54297372
54297373
54297374
54297375
54297376
54297377
54297378
54297379
54297380
54297381
54297382
54297383
54297384
54297385
54297386
54297387
54297388
54297389
54297390
