31840086
31840087
31840088
31840089
31840090
31840091
31840092
31840093
31840094
31840095
31840096
31840097
31840098
31840099
31840100
31840101
31840102
31840103
31840104
31840105
31840106
31840107
31840108
31840109
31840110
31840111
31840112
31840113
31840114
31840115
31840116
31840117
31840118
31840119
31840120
31840121
31840122
31840123
31840124
31840125
31767456
31767457
31767458
31767459
31767460
31767461
31767462
31767463
31767464
31767465
31767466
31767467
31767468
31767469
31767470
31767471
31767472
31767473
31767474
31767475
31767476
31767477
31767478
31767479
31767480
31767481
31767482
31767483
31767484
31767485
31767486
31767487
31767488
31767489
31767490
31767491
31767492
31767493
31767494
31767495
31767496
31767497
31767498
31767499
31767500
31767501
31767502
31767503
31767504
31767505
31767506
31767507
31767508
31767509
31767510
31767511
31767512
31767513
31767514
31767515
31767516
31767517
31767518
31767519
31767520
31767521
31767522
31767523
31767524
31767525
31767526
31767527
31767528
31767529
31767530
31767531
31767532
31767533
31767534
31767535
31767536
31767537
31767538
31767539
31767540
31767541
31767542
31767543
31767544
31767545
31767546
31767547
31767548
31767549
31767550
31767551
31767552
31767553
31767554
31767555
31767556
31767557
31767558
31767559
31767560
31767561
31767562
31767563
31767564
31767565
31767566
31767567
31767568
31767569
31767570
31767571
31767572
31767573
31767574
31767575
31767576
31767577
31767578
31767579
31767580
31767581
31767582
31767583
31767584
31767585
31767586
31767587
31767588
31767589
31767590
31767591
31767592
31767593
31767594
31767595
31767596
31767597
31767598
31767599
31767600
31767601
31767602
31767603
31767604
31767605
31767606
31767607
31767608
31767609
31767610
31767611
31767612
31767613
31767614
31767615
31767616
31767617
31767618
31767619
31767620
31767621
31767622
31767623
31767624
31767625
31767626
31767627
31767628
31767629
31767630
31767631
31767632
31767633
31767634
31767635
31767636
31767637
31767638
31767639
31767640
31767641
31767642
31767643
31767644
31767645
31767646
31767647
31767648
31767649
31767650
31767651
31767652
31767653
31767654
31767655
31767656
31767657
31767658
31767659
31767660
31767661
31767662
31767663
31767664
31767665
31767666
31767667
31767668
31767669
31767670
31767671
31767672
31767673
31767674
31767675
31767676
31767677
31767678
31767679
31767680
31767681
31767682
31767683
31767684
31767685
31767686
31767687
31767688
31767689
31767690
31767691
31767692
31767693
31767694
31767695
31767696
31767697
31767698
31767699
31767700
31767701
31767702
31767703
31767704
31767705
31767706
31767707
31767708
31767709
31767710
31767711
31767712
31767713
31767714
31767715
31767716
31767717
31767718
31767719
31767720
31767721
31767722
31767723
31767724
31767725
31767726
31767727
31767728
31767729
31767730
31767731
31767732
31767733
31767734
31767735
31767736
31767737
31767738
31767739
31767740
31767741
31767742
31767743
31767744
31767745
31767746
31767747
31767748
31767749
31767750
31767751
31767752
31767753
31767754
31767755
31767756
31767757
31767758
31767759
31767760
31767761
31767762
31767763
31767764
31767765
31767766
31767767
31767768
31767769
31767770
31767771
31767772
31767773
31767774
31767775
31767776
31767777
31767778
31767779
31767780
31767781
31767782
31767783
31767784
31767785
31767786
31767787
31767788
31767789
31767790
31767791
31767792
31767793
31767794
31767795
31767796
31767797
31767798
31767799
31767800
31767801
31767802
31767803
31767804
31767805
31767806
31767807
31767808
31767809
31767810
31767811
31767812
31767813
31767814
31767815
31767816
31767817
31767818
31767819
31767820
31767821
31767822
31767823
31767824
31767825
31767826
31767827
31767828
31767829
31767830
31767831
31767832
31767833
31767834
31767835
31767836
31767837
31767838
31767839
31767840
31767841
31767842
31767843
31767844
31767845
31767846
31767847
31767848
31767849
31767850
31767851
31767852
31767853
31767854
31767855
31767856
31767857
31767858
31767859
31767860
31767861
31767862
31767863
31767864
31767865
31767866
31767867
31767868
31767869
31767870
31767871
31767872
31767873
31767874
31767875
31767876
31767877
31767878
31767879
31767880
31767881
31767882
31767883
31767884
31767885
31767886
31767887
31767888
31767889
31767890
31767891
31767892
31767893
31767894
31767895
31767896
31767897
31767898
31767899
31767900
31767901
31767902
31767903
31767904
31767905
31767906
31767907
31767908
31767909
31767910
31767911
31767912
31767913
31767914
31767915
31767916
31767917
31767918
31767919
31767920
31767921
31767922
31767923
31767924
31767925
31767926
31767927
31767928
31767929
31767930
31767931
31767932
31767933
31767934
31767935
31767936
31767937
31767938
31767939
31767940
31767941
31767942
31767943
31767944
31767945
31767946
31767947
31767948
31767949
31767950
31767951
31767952
31767953
31767954
31767955
31767956
31767957
31767958
31767959
31767960
31767961
31767962
31767963
31767964
31767965
31767966
31767967
31767968
31767969
31767970
31767971
31767972
31767973
31767974
31767975
31767976
31767977
31767978
31767979
31767980
31767981
31767982
31767983
31767984
31767985
31767986
31767987
31767988
31767989
31767990
31767991
31767992
31767993
31767994
31767995
31767996
31767997
31767998
31767999
31768000
31768001
31768002
31768003
31768004
31768005
31768006
31768007
31768008
31768009
31768010
31768011
31768012
31768013
31768014
31768015
31768016
31768017
31768018
31768019
31768020
31768021
31768022
31768023
31768024
31768025
31768026
31768027
31768028
31768029
31768030
31768031
31768032
31768033
31768034
31768035
31768036
31768037
31768038
31768039
31768040
31768041
31768042
31768043
31768044
31768045
31768046
31768047
31768048
31768049
31768050
31768051
31768052
31768053
31768054
31768055
31768056
31768057
31768058
31768059
31768060
31768061
31768062
31768063
31768064
31768065
31768066
31768067
31768068
31768069
31768070
31768071
31768072
31768073
31768074
31768075
31768076
31768077
31768078
31768079
31768080
31768081
31768082
31768083
31768084
31768085
31768086
31768087
31768088
31768089
31768090
31768091
31768092
31768093
31768094
31768095
31768096
31768097
31768098
31768099
31768100
31768101
31768102
31768103
31768104
31768105
31768106
31768107
31768108
31768109
31768110
31768111
31768112
31768113
31768114
31768115
31768116
31768117
31768118
31768119
31768120
31768121
31768122
31768123
31768124
31768125
31768126
31768127
31768128
31768129
31768130
31768131
31768132
31768133
31768134
31768135
31768136
31768137
31768138
31768139
31768140
31768141
31768142
31768143
31768144
31768145
31768146
31768147
31768148
31768149
31768150
31768151
31768152
31768153
31768154
31768155
31768156
31768157
31768158
31768159
31768160
31768161
31768162
31768163
31768164
31768165
31768166
31768167
31768168
31768169
31768170
31768171
31768172
31768173
31768174
31768175
31768176
31768177
31768178
31768179
31768180
31768181
31768182
31768183
31768184
31768185
31768186
31768187
31768188
31768189
31768190
31768191
31768192
31768193
31768194
31768195
31768196
31768197
31768198
31768199
31768200
31768201
31768202
31768203
31768204
31768205
31768206
31768207
31768208
31768209
31768210
31768211
31768212
31768213
31768214
31768215
31768216
31768217
31768218
31768219
31768220
31768221
31768222
31768223
31768224
31768225
31768226
31768227
31768228
31768229
31768230
31768231
31768232
31768233
31768234
31768235
31768236
31768237
31768238
31768239
31768240
31768241
31768242
31768243
31768244
31768245
31768246
31768247
31768248
31768249
31768250
31768251
31768252
31768253
31768254
31768255
31768256
31768257
31768258
31768259
31768260
31768261
31768262
31768263
31768264
31768265
31768266
31768267
31768268
31768269
31768270
31768271
31768272
31768273
31768274
31768275
31768276
31768277
31768278
31768279
31768280
31768281
31768282
31768283
31768284
31768285
31768286
31768287
31768288
31768289
31768290
31768291
31768292
31768293
31768294
31768295
31768296
31768297
31768298
31768299
31768300
31768301
31768302
31768303
31768304
31768305
31768306
31768307
31768308
31768309
31768310
31768311
31768312
31768313
31768314
31768315
31768316
31768317
31768318
31768319
31768320
31768321
31768322
31768323
31768324
31768325
31768326
31768327
31768328
31768329
31768330
31768331
31768332
31768333
31768334
31768335
31768336
31768337
31768338
31768339
31768340
31768341
31768342
31768343
31768344
31768345
31768346
31768347
31768348
31768349
31768350
31768351
31768352
31768353
31768354
31768355
31768356
31768357
31768358
31768359
31768360
31768361
31768362
31768363
31768364
31768365
31768366
31768367
31768368
31768369
31768370
31768371
31768372
31768373
31768374
31768375
31768376
31768377
31768378
31768379
31768380
31768381
31768382
31768383
31768384
31768385
31768386
31768387
31768388
31768389
31768390
31768391
31768392
31768393
31768394
31768395
31768396
31768397
31768398
31768399
31768400
31768401
31768402
31768403
31768404
31768405
31768406
31768407
31768408
31768409
31768410
31768411
31768412
31768413
31768414
31768415
31768416
31768417
31768418
31768419
31768420
31768421
31768422
31768423
31768424
31768425
31768426
31768427
31768428
31768429
31768430
31768431
31768432
31768433
31768434
31768435
31768436
31768437
31768438
31768439
31768440
31768441
31768442
31768443
31768444
31768445
31768446
31768447
31768448
31768449
31768450
31768451
31768452
31768453
31768454
31768455
31768456
31768457
31768458
31768459
31768460
31768461
31768462
31768463
31768464
31768465
31768466
31768467
31768468
31768469
31768470
31768471
31768472
31768473
31768474
31768475
31768476
31768477
31768478
31768479
31768480
31768481
31768482
31768483
31768484
31768485
31768486
31768487
31768488
31768489
31768490
31768491
31768492
31768493
31768494
31768495
31768496
31768497
31768498
31768499
31768500
31768501
31768502
31768503
31768504
31768505
31768506
31768507
31768508
31768509
31768510
31768511
31768512
31768513
31768514
31768515
31768516
31768517
31768518
31768519
31768520
31768521
31768522
31768523
31768524
31768525
31768526
31768527
31768528
31768529
31768530
31768531
31768532
31768533
31768534
31768535
31768536
31768537
31768538
31768539
31768540
31768541
31768542
31768543
31768544
31768545
31768546
31768547
31768548
31768549
31768550
31768551
31768552
31768553
31768554
31768555
31768556
31768557
31768558
31768559
31768560
31768561
31768562
31768563
31768564
31768565
31768566
31768567
31768568
31768569
31768570
31768571
31768572
31768573
31768574
31768575
31768576
31768577
31768578
31768579
31768580
31768581
31768582
31768583
31768584
31768585
31768586
31768587
31768588
31768589
31768590
31768591
31768592
31768593
31768594
31768595
31768596
31768597
31768598
31768599
31768600
31768601
31768602
31768603
31768604
31768605
31768606
31768607
31768608
31768609
31768610
31768611
31768612
31768613
31768614
31768615
31768616
31768617
31768618
31768619
31768620
31768621
31768622
31768623
31768624
31768625
31768626
31768627
31768628
31768629
31768630
31768631
31768632
31768633
31768634
31768635
31768636
31768637
31768638
31768639
31768640
31768641
31768642
31768643
31768644
31768645
31768646
31768647
31768648
31768649
31768650
31768651
31768652
31768653
31768654
31768655
31768656
31768657
31768658
31768659
31768660
31768661
31768662
31768663
31768664
31768665
31768666
31768667
31768668
31768669
31768670
31768671
31768672
31768673
31768674
31768675
31768676
31768677
31768678
31768679
31768680
31768681
31768682
31768683
31768684
31768685
31768686
31768687
31768688
31768689
31768690
31768691
31768692
31768693
31768694
31768695
31768696
31768697
31768698
31768699
31768700
31768701
31768702
31768703
31768704
31768705
31768706
31768707
31768708
31768709
31768710
31768711
31768712
31768713
31768714
31768715
31768716
31768717
31768718
31768719
31768720
31768721
31768722
31768723
31768724
31768725
31768726
31768727
31768728
31768729
31768730
31768731
31768732
31768733
31768734
31768735
31768736
31768737
31768738
31768739
31768740
31768741
31768742
31768743
31768744
31768745
31768746
31768747
31768748
31768749
31768750
31768751
31768752
31768753
31768754
31768755
31768756
31768757
31768758
31768759
31768760
31768761
31768762
31768763
31768764
31768765
31768766
31768767
31768768
31768769
31768770
31768771
31768772
31768773
31768774
31768775
31768776
31768777
31768778
31768779
31768780
31768781
31768782
31768783
31768784
31768785
31768786
31768787
31768788
31768789
31768790
31768791
31768792
31768793
31768794
31768795
31768796
31768797
31768798
31768799
31768800
31768801
31768802
31768803
31768804
31768805
31768806
31768807
31768808
31768809
31768810
31768811
31768812
31768813
31768814
31768815
31768816
31768817
31768818
31768819
31768820
31768821
31768822
31768823
31768824
31768825
31768826
31768827
31768828
31768829
31768830
31768831
31768832
31768833
31768834
31768835
31768836
31768837
31768838
31768839
31768840
31768841
31768842
31768843
31768844
31768845
31768846
31768847
31768848
31768849
31768850
31768851
31768852
31768853
31768854
31768855
31768856
31768857
31768858
31768859
31768860
31768861
31768862
31768863
31768864
31768865
31768866
31768867
31768868
31768869
31768870
31768871
31768872
31768873
31768874
31768875
31768876
31768877
31768878
31768879
31768880
31768881
31768882
31768883
31768884
31768885
31768886
31768887
31768888
31768889
31768890
31768891
31768892
31768893
31768894
31768895
31768896
31768897
31768898
31768899
31768900
31768901
31768902
31768903
31768904
31768905
31768906
31768907
31768908
31768909
31768910
31768911
31768912
31768913
31768914
31768915
31768916
31768917
31768918
31768919
31768920
31768921
31768922
31768923
31768924
31768925
31768926
31768927
31768928
31768929
31768930
31768931
31768932
31768933
31768934
31768935
31768936
31768937
31768938
31768939
31768940
31768941
31768942
31768943
31768944
31768945
31768946
31768947
31768948
31768949
31768950
31768951
31768952
31768953
31768954
31768955
31768956
31768957
31768958
31768959
31768960
31768961
31768962
31768963
31768964
31768965
31768966
31768967
31768968
31768969
31768970
31768971
31768972
31768973
31768974
31768975
31768976
31768977
31768978
31768979
31768980
31768981
31768982
31768983
31768984
31768985
31768986
31768987
31768988
31768989
31768990
31768991
31768992
31768993
31768994
31768995
31768996
31768997
31768998
31768999
31769000
31769001
31769002
31769003
31769004
31769005
31769006
31769007
31769008
31769009
31769010
31769011
31769012
31769013
31769014
31769015
31769016
31769017
31769018
31769019
31769020
31769021
31769022
31769023
31769024
31769025
31769026
31769027
31769028
31769029
31769030
31769031
31769032
31769033
31769034
31769035
31769036
31769037
31769038
31769039
31769040
31769041
31769042
31769043
31769044
31769045
31769046
31769047
31769048
31769049
31769050
31769051
31769052
31769053
31769054
31769055
31769056
31769057
31769058
31769059
31769060
31769061
31769062
31769063
31769064
31769065
31769066
31769067
31769068
31769069
31769070
31769071
31769072
31769073
31769074
31769075
31769076
31769077
31769078
31769079
31769080
31769081
31769082
31769083
31769084
31769085
31769086
31769087
31769088
31769089
31769090
31769091
31769092
31769093
31769094
31769095
31769096
31769097
31769098
31769099
31769100
31769101
31769102
31769103
31769104
31769105
31769106
31769107
31769108
31769109
31769110
31769111
31769112
31769113
31769114
31769115
31769116
31769117
31769118
31769119
31769120
31769121
31769122
31769123
31769124
31769125
31769126
31769127
31769128
31769129
31769130
31769131
31769132
31769133
31769134
31769135
31769136
31769137
31769138
31769139
31769140
31769141
31769142
31769143
31769144
31769145
31769146
31769147
31769148
31769149
31769150
31769151
31769152
31769153
31769154
31769155
31769156
31769157
31769158
31769159
31769160
31769161
31769162
31769163
31769164
31769165
31769166
31769167
31769168
31769169
31769170
31769171
31769172
31769173
31769174
31769175
31769176
31769177
31769178
31769179
31769180
31769181
31769182
31769183
31769184
31769185
31769186
31769187
31769188
31769189
31769190
31769191
31769192
31769193
31769194
31769195
31769196
31769197
31769198
31769199
31769200
31769201
31769202
31769203
31769204
31769205
31769206
31769207
31769208
31769209
31769210
31769211
31769212
31769213
31769214
31769215
31769216
31769217
31769218
31769219
31769220
31769221
31769222
31769223
31769224
31769225
31769226
31769227
31769228
31769229
31769230
31769231
31769232
31769233
31769234
31769235
31769236
31769237
31769238
31769239
31769240
31769241
31769242
31769243
31769244
31769245
31769246
31769247
31769248
31769249
31769250
31769251
31769252
31769253
31769254
31769255
31769256
31769257
31769258
31769259
31769260
31769261
31769262
31769263
31769264
31769265
31769266
31769267
31769268
31769269
31769270
31769271
31769272
31769273
31769274
31769275
31769276
31769277
31769278
31769279
31769280
31769281
31769282
31769283
31769284
31769285
31769286
31769287
31769288
31769289
31769290
31769291
31769292
31769293
31769294
31769295
31769296
31769297
31769298
31769299
31769300
31769301
31769302
31769303
31769304
31769305
31769306
31769307
31769308
31769309
31769310
31769311
31769312
31769313
31769314
31769315
31769316
31769317
31769318
31769319
31769320
31769321
31769322
31769323
31769324
31769325
31769326
31769327
31769328
31769329
31769330
31769331
31769332
31769333
31769334
31769335
31769336
31769337
31769338
31769339
31769340
31769341
31769342
31769343
31769344
31769345
31769346
31769347
31769348
31769349
31769350
31769351
31769352
31769353
31769354
31769355
31769356
31769357
31769358
31769359
31769360
31769361
31769362
31769363
31769364
31769365
31769366
31769367
31769368
31769369
31769370
31769371
31769372
31769373
31769374
31769375
31769376
31769377
31769378
31769379
31769380
31769381
31769382
31769383
31769384
31769385
31769386
31769387
31769388
31769389
31769390
31769391
31769392
31769393
31769394
31769395
31769396
31769397
31769398
31769399
31769400
31769401
31769402
31769403
31769404
31769405
31769406
31769407
31769408
31769409
31769410
31769411
31769412
31769413
31769414
31769415
31769416
31769417
31769418
31769419
31769420
31769421
31769422
31769423
31769424
31769425
31769426
31769427
31769428
31769429
31769430
31769431
31769432
31769433
31769434
31769435
31769436
31769437
31769438
31769439
31769440
31769441
31769442
31769443
31769444
31769445
31769446
31769447
31769448
31769449
31769450
31769451
31769452
31769453
31769454
31769455
31769456
31769457
31769458
31769459
31769460
31769461
31769462
31769463
31769464
31769465
31769466
31769467
31769468
31769469
31769470
31769471
31769472
31769473
31769474
31769475
31769476
31769477
31769478
31769479
31769480
31769481
31769482
31769483
31769484
31769485
31769486
31769487
31769488
31769489
31769490
31769491
31769492
31769493
31769494
31769495
31769496
31769497
31769498
31769499
31769500
31769501
31769502
31769503
31769504
31769505
31769506
31769507
31769508
31769509
31769510
31769511
31769512
31769513
31769514
31769515
31769516
31769517
31769518
31769519
31769520
31769521
31769522
31769523
31769524
31769525
31769526
31769527
31769528
31769529
31769530
31769531
31769532
31769533
31769534
31769535
31769536
31769537
31769538
31769539
31769540
31769541
31769542
31769543
31769544
31769545
31769546
31769547
31769548
31769549
31769550
31769551
31769552
31769553
31769554
31769555
31769556
31769557
31769558
31769559
31769560
31769561
31769562
31769563
31769564
31769565
31769566
31769567
31769568
31769569
31769570
31769571
31769572
31769573
31769574
31769575
31769576
31769577
31769578
31769579
31769580
31769581
31769582
31769583
31769584
31769585
31769586
31769587
31769588
31769589
31769590
31769591
31769592
31769593
31769594
31769595
31769596
31769597
31769598
31769599
31769600
31769601
31769602
31769603
31769604
31769605
31769606
31769607
31769608
31769609
31769610
31769611
31769612
31769613
31769614
31769615
31769616
31769617
31769618
31769619
31769620
31769621
31769622
31769623
31769624
31769625
31769626
31769627
31769628
31769629
31769630
31769631
31769632
31769633
31769634
31769635
31769636
31769637
31769638
31769639
31769640
31769641
31769642
31769643
31769644
31769645
31769646
31769647
31769648
31769649
31769650
31769651
31769652
31769653
31769654
31769655
31769656
31769657
31769658
31769659
31769660
31769661
31769662
31769663
31769664
31769665
31769666
31769667
31769668
31769669
31769670
31769671
31769672
31769673
31769674
31769675
31769676
31769677
31769678
31769679
31769680
31769681
31769682
31769683
31769684
31769685
31769686
31769687
31769688
31769689
31769690
31769691
31769692
31769693
31769694
31769695
31769696
31769697
31769698
31769699
31769700
31769701
31769702
31769703
31769704
31769705
31769706
31769707
31769708
31769709
31769710
31769711
31769712
31769713
31769714
31769715
31769716
31769717
31769718
31769719
31769720
31769721
31769722
31769723
31769724
31769725
31769726
31769727
31769728
31769729
31769730
31769731
31769732
31769733
31769734
31769735
31769736
31769737
31769738
31769739
31769740
31769741
31769742
31769743
31769744
31769745
31769746
31769747
31769748
31769749
31769750
31769751
31769752
31769753
31769754
31769755
31769756
31769757
31769758
31769759
31769760
31769761
31769762
31769763
31769764
31769765
31769766
31769767
31769768
31769769
31769770
31769771
31769772
31769773
31769774
31769775
31769776
31769777
31769778
31769779
31769780
31769781
31769782
31769783
31769784
31769785
31769786
31769787
31769788
31769789
31769790
31769791
31769792
31769793
31769794
31769795
31769796
31769797
31769798
31769799
31769800
31769801
31769802
31769803
31769804
31769805
31769806
31769807
31769808
31769809
31769810
31769811
31769812
31769813
31769814
31769815
31769816
31769817
31769818
31769819
31769820
31769821
31769822
31769823
31769824
31769825
31769826
31769827
31769828
31769829
31769830
31769831
31769832
31769833
31769834
31769835
31769836
31769837
31769838
31769839
31769840
31769841
31769842
31769843
31769844
31769845
31769846
31769847
31769848
31769849
31769850
31769851
31769852
31769853
31769854
31769855
31769856
31769857
31769858
31769859
31769860
31769861
31769862
31769863
31769864
31769865
31769866
31769867
31769868
31769869
31769870
31769871
31769872
31769873
31769874
31769875
31769876
31769877
31769878
31769879
31769880
31769881
31769882
31769883
31769884
31769885
31769886
31769887
31769888
31769889
31769890
31769891
31769892
31769893
31769894
31769895
31769896
31769897
31769898
31769899
31769900
31769901
31769902
31769903
31769904
31769905
31769906
31769907
31769908
31769909
31769910
31769911
31769912
31769913
31769914
31769915
31769916
31769917
31769918
31769919
31769920
31769921
31769922
31769923
31769924
31769925
31769926
31769927
31769928
31769929
31769930
31769931
31769932
31769933
31769934
31769935
31769936
31769937
31769938
31769939
31769940
31769941
31769942
31769943
31769944
31769945
31769946
31769947
31769948
31769949
31769950
31769951
31769952
31769953
31769954
31769955
31769956
31769957
31769958
31769959
31769960
31769961
31769962
31769963
31769964
31769965
31769966
31769967
31769968
31769969
31769970
31769971
31769972
31769973
31769974
31769975
31769976
31769977
31769978
31769979
31769980
31769981
31769982
31769983
31769984
31769985
31769986
31769987
31769988
31769989
31769990
31769991
31769992
31769993
31769994
31769995
31769996
31769997
31769998
31769999
31770000
31770001
31770002
31770003
31770004
31770005
31770006
31770007
31770008
31770009
31770010
31770011
31770012
31770013
31770014
31770015
31770016
31770017
31770018
31770019
31770020
31770021
31770022
31770023
31770024
31770025
31770026
31770027
31770028
31770029
31770030
31770031
31770032
31770033
31770034
31770035
31770036
31770037
31770038
31770039
31770040
31770041
31770042
31770043
31770044
31770045
31770046
31770047
31770048
31770049
31770050
31770051
31770052
31770053
31770054
31770055
31770056
31770057
31770058
31770059
31770060
31770061
31770062
31770063
31770064
31770065
31770066
31770067
31770068
31770069
31770070
31770071
31770072
31770073
31770074
31770075
31770076
31770077
31770078
31770079
31770080
31770081
31770082
31770083
31770084
31770085
31770086
31770087
31770088
31770089
31770090
31770091
31770092
31770093
31770094
31770095
31770096
31770097
31770098
31770099
31770100
31770101
31770102
31770103
31770104
31770105
31770106
31770107
31770108
31770109
31770110
31770111
31770112
31770113
31770114
31770115
31770116
31770117
31770118
31770119
31770120
31770121
31770122
31770123
31770124
31770125
31770126
31770127
31770128
31770129
31770130
31770131
31770132
31770133
31770134
31770135
31770136
31770137
31770138
31770139
31770140
31770141
31770142
31770143
31770144
31770145
31770146
31770147
31770148
31770149
31770150
31770151
31770152
31770153
31770154
31770155
31770156
31770157
31770158
31770159
31770160
31770161
31770162
31770163
31770164
31770165
31770166
31770167
31770168
31770169
31770170
31770171
31770172
31770173
31770174
31770175
31770176
31770177
31770178
31770179
31770180
31770181
31770182
31770183
31770184
31770185
31770186
31770187
31770188
31770189
31770190
31770191
31770192
31770193
31770194
31770195
31770196
31770197
31770198
31770199
31770200
31770201
31770202
31770203
31770204
31770205
31770206
31770207
31770208
31770209
31770210
31770211
31770212
31770213
31770214
31770215
31770216
31770217
31770218
31770219
31770220
31770221
31770222
31770223
31770224
31770225
31770226
31770227
31770228
31770229
31770230
31770231
31770232
31770233
31770234
31770235
31770236
31770237
31770238
31770239
31770240
31770241
31770242
31770243
31770244
31770245
31770246
31770247
31770248
31770249
31770250
31770251
31770252
31770253
31770254
31770255
31770256
31770257
31770258
31770259
31770260
31770261
31770262
31770263
31770264
31770265
31770266
31770267
31770268
31770269
31770270
31770271
31770272
31770273
31770274
31770275
31770276
31770277
31770278
31770279
31770280
31770281
31770282
31770283
31770284
31770285
31770286
31770287
31770288
31770289
31770290
31770291
31770292
31770293
31770294
31770295
31770296
31770297
31770298
31770299
31770300
31770301
31770302
31770303
31770304
31770305
31770306
31770307
31770308
31770309
31770310
31770311
31770312
31770313
31770314
31770315
31770316
31770317
31770318
31770319
31770320
31770321
31770322
31770323
31770324
31770325
31770326
31770327
31770328
31770329
31770330
31770331
31770332
31770333
31770334
31770335
31770336
31770337
31770338
31770339
31770340
31770341
31770342
31770343
31770344
31770345
31770346
31770347
31770348
31770349
31770350
31770351
31770352
31770353
31770354
31770355
31770356
31770357
31770358
31770359
31770360
31770361
31770362
31770363
31770364
31770365
31770366
31770367
31770368
31770369
31770370
31770371
31770372
31770373
31770374
31770375
31770376
31770377
31770378
31770379
31770380
31770381
31770382
31770383
31770384
31770385
31770386
31770387
31770388
31770389
31770390
31770391
31770392
31770393
31770394
31770395
31770396
31770397
31770398
31770399
31770400
31770401
31770402
31770403
31770404
31770405
31770406
31770407
31770408
31770409
31770410
31770411
31770412
31770413
31770414
31770415
31770416
31770417
31770418
31770419
31770420
31770421
31770422
31770423
31770424
31770425
31770426
31770427
31770428
31770429
31770430
31770431
31770432
31770433
31770434
31770435
31770436
31770437
31770438
31770439
31770440
31770441
31770442
31770443
31770444
31770445
31770446
31770447
31770448
31770449
31770450
31770451
31770452
31770453
31770454
31770455
31770456
31770457
31770458
31770459
31770460
31770461
31770462
31770463
31770464
31770465
31770466
31770467
31770468
31770469
31770470
31770471
31770472
31770473
31770474
31770475
31770476
31770477
31770478
31770479
31770480
31770481
31770482
31770483
31770484
31770485
31770486
31770487
31770488
31770489
31770490
31770491
31770492
31770493
31770494
31770495
31770496
31770497
31770498
31770499
31770500
31770501
31770502
31770503
31770504
31770505
31770506
31770507
31770508
31770509
31770510
31770511
31770512
31770513
31770514
31770515
31770516
31770517
31770518
31770519
31770520
31770521
31770522
31770523
31770524
31770525
31770526
31770527
31770528
31770529
31770530
31770531
31770532
31770533
31770534
31770535
31770536
31770537
31770538
31770539
31770540
31770541
31770542
31770543
31770544
31770545
31770546
31770547
31770548
31770549
31770550
31770551
31770552
31770553
31770554
31770555
31770556
31770557
31770558
31770559
31770560
31770561
31770562
31770563
31770564
31770565
31770566
31770567
31770568
31770569
31770570
31770571
31770572
31770573
31770574
31770575
31770576
31770577
31770578
31770579
31770580
31770581
31770582
31770583
31770584
31770585
31770586
31770587
31770588
31770589
31770590
31770591
31770592
31770593
31770594
31770595
31770596
31770597
31770598
31770599
31770600
31770601
31770602
31770603
31770604
31770605
31770606
31770607
31770608
31770609
31770610
31770611
31770612
31770613
31770614
31770615
31770616
31770617
31770618
31770619
31770620
31770621
31770622
31770623
31770624
31770625
31770626
31770627
31770628
31770629
31770630
31770631
31770632
31770633
31770634
31770635
31770636
31770637
31770638
31770639
31770640
31770641
31770642
31770643
31770644
31770645
31770646
31770647
31770648
31770649
31770650
31770651
31770652
31770653
31770654
31770655
31770656
31770657
31770658
