53875535
53875536
53875537
53875538
53875539
53875540
53875541
53875542
53875543
53875544
53875545
53875546
53875547
53875548
53875549
53879023
53879024
53879025
53879026
53879027
53879028
53879029
53879030
53879031
53879032
53879033
53879034
53879035
53879036
53879037
53879038
53879039
53879040
53879041
53879042
53879043
53879044
53879045
53879046
53879047
53879048
53879049
53879050
53879051
53879052
53879053
53879054
53879055
53879056
53879057
53879058
53879059
53879060
53879061
53879062
53879063
53879064
53879065
53879066
53879067
53879068
53879069
53879070
53879071
53879072
53879073
53879074
53879075
53879076
53879077
53879078
53879079
53879080
53879081
53879082
53879083
53879084
53879085
53879086
53879087
53879088
53879089
53879090
53879091
53879092
53879093
53879094
53879095
53879096
53879097
53879098
53879099
53879100
53879101
53879102
53879103
53879104
53879105
53879106
53879107
53879108
53879109
53879110
53879111
53879112
53879113
53879114
53879115
53879116
53879117
53879118
53879119
53879120
53879121
53879122
53879123
53879124
53879125
53879126
53879127
53879128
53879129
53879130
53879131
53879132
53879133
53879134
53879135
53879136
53879137
53879138
53879139
53879140
53879141
53879142
53879143
53879144
53879145
53879146
53879147
53879148
53879149
53883975
53883976
53883977
53883978
53883979
53883980
53883981
53883982
53883983
53883984
53883985
53883986
53883987
53883988
53883989
53883990
53883991
53883992
53883993
53883994
53883995
53883996
53883997
53883998
53883999
53884000
53884001
53884002
53884003
53884004
53884005
53884006
53884007
53884008
53884009
53884010
53884011
53884012
53884013
53884014
53884015
53884016
53884017
53884018
53884019
53884020
53884021
53884022
53884023
53884024
53884025
53884026
53884027
53884028
53884029
53884030
53884031
53884032
53884033
53884034
53884035
53884036
53884037
53884038
53884039
53884040
53884041
53884042
53884043
53884044
53884045
53884046
53884047
53884048
53884049
53884050
53884051
53884052
53884053
53884054
53884055
53884056
53884057
53884058
53884059
53884060
53884061
53884062
53884063
53884064
53884065
53884066
53884067
53884068
53884069
53884070
53884071
53884072
53884073
53884074
53884075
53884076
53884077
53884078
53884079
53884080
53884081
53884082
53884083
53884084
53884085
53884086
53884087
53884088
53884089
53884090
53884091
53884092
53884093
53884094
53884095
53884096
53884097
53884098
53884099
53884100
53884101
53884102
53884103
53884104
53884105
53884106
53884107
53884108
53884109
53884110
53884111
53884112
53884113
53884114
53884115
53884116
53884117
53884118
53884119
53884120
53884121
53884122
53884123
53884124
53884125
53884126
53884127
53884128
53884129
53884130
53884131
53884132
53884133
53884134
53884135
53884136
53884137
53884138
53884139
53884140
53884141
53884142
53884143
53884144
53884145
53884146
53884147
53884148
53884149
53884150
53884151
53884152
53884153
53884154
53884155
53884156
53884157
53884158
53884159
53884160
53884161
53884162
53884163
53884164
53884165
53884166
53884167
53884168
53884169
53884170
53884171
53884172
53884173
53884174
53884175
53884176
53884177
53884178
53884179
53884180
53884181
53884182
53884183
53884184
53884185
53884186
53884187
53884188
53884189
53884190
53884191
53884192
53884193
53884194
53884195
53884196
53884197
53884198
53884199
53884200
53884201
53884202
53884203
53884204
53884205
53884206
53884207
53884208
53884209
53884210
53884211
53884212
53884213
53884214
53884215
53884216
53884217
53884218
53884219
53884220
53884221
53884222
53884223
53884224
53884225
53884226
53884227
53884228
53884229
53884230
53884231
53884232
53884233
53884234
53884235
53884236
53884237
53884238
53884239
53884240
53884241
53884242
53884243
53884244
53884245
53884246
53884247
53884248
53884249
53884250
53884251
53884252
53884253
53884254
53884255
53884256
53884257
53884258
53884259
53884260
53884261
53884262
53884263
53884264
53884265
53884266
53884267
53884268
53884269
53884270
53884271
53884272
53884273
53884274
53884275
53884276
53884277
53884278
53884279
53884280
53884281
53884282
53884283
53884284
53884285
53884286
53884287
53884288
53884289
53884290
53884291
53884292
53884293
53884294
53884295
53884296
53884297
53884298
53884299
53884300
53884301
53884302
53884303
53884304
53884305
53884306
53884307
53884308
53884309
53884310
53884311
53884312
53884313
53884314
53884315
53884316
53884317
53884318
53884319
53884320
53884321
53884322
53884323
53884324
53884325
53884326
53884327
53884328
53884329
53884330
53884331
53884332
53884333
53884334
53884335
53884336
53884337
53884338
53884339
53884340
53884341
53884342
53884343
53884344
53884345
53884346
53884347
53884348
53884349
53884350
53884351
53884352
53884353
53884354
53884355
53884356
53884357
53884358
53884359
53884360
53884361
53884362
53884363
53884364
53884365
53884366
53884367
53884368
53884369
53884370
53884371
53884372
53884373
53884374
53884375
53884376
53884377
53884378
53884379
53884380
53884381
53884382
53884383
53884384
53884385
53884386
53884387
53884388
53884389
53884390
53884391
53884392
53884393
53884394
53884395
53884396
53884397
53884398
53884399
53884400
53884401
53884402
53884403
53884404
53884405
53884406
53884407
53884408
53884409
53884410
53884411
53884412
53884413
53884414
53884415
53884416
53884417
53884418
53884419
53884420
53884421
53884422
53884423
53884424
53884425
53884426
53884427
53884428
53884429
53884430
53884431
53884432
53884433
53884434
53884435
53884436
53884437
53884438
53884439
53884440
53884441
53884442
53884443
53884444
53884445
53884446
53884447
53884448
53884449
53884450
53884451
53884452
53884453
53884454
53884455
53884456
53884457
53884458
53884459
53884460
53884461
53884462
53884463
53884464
53884465
53884466
53884467
53884468
53884469
53884470
53884471
53884472
53884473
53884474
53884475
53884476
53884477
53884478
53884479
53884480
53884481
53884482
53884483
53884484
53884485
53884486
53884487
53884488
53884489
53884490
53884491
53884492
53884493
53884494
53884495
53884496
53884497
53884498
53884499
53884500
53884501
53884502
53884503
53884504
53884505
53884506
53884507
53884508
53884509
53884510
53884511
53884512
53884513
53884514
53884515
53884516
53884517
53884518
53884519
53884520
53884521
53884522
53884523
53884524
53884525
53884526
53884527
53884528
53884529
53884530
53884531
53884532
53884533
53884534
53884535
53884536
53884537
53884538
53884539
53884540
53884541
53884542
53884543
53884544
53884545
53884546
53884547
53884548
53884549
53884550
53884551
53884552
53884553
53884554
53884555
53884556
53884557
53884558
53884559
53884560
53884561
53884562
53884563
53884564
53884565
53884566
53884567
53884568
53884569
53884570
53884571
53884572
53884573
53884574
53884575
53884576
53884577
53884578
53884579
53884580
53884581
53884582
53884583
53884584
53884585
53884586
53884587
53884588
53884589
53884590
53884591
53884592
53884593
53884594
53884595
53884596
53884597
53884598
53884599
53884600
53884601
53884602
53884603
53884604
53884605
53884606
53884607
53884608
53884609
53884610
53884611
53884612
53884613
53884614
53884615
53884616
53884617
53884618
53884619
53884620
53884621
53884622
53884623
53884624
53884625
53884626
53884627
53884628
53884629
53884630
53884631
53884632
53884633
53884634
53884635
53884636
53884637
53884638
53884639
53884640
53884641
53884642
53884643
53884644
53884645
53884646
53884647
53884648
53884649
53884650
53884651
53884652
53884653
53884654
53884655
53884656
53884657
53884658
53884659
53884660
53884661
53884662
53884663
53884664
53884665
53884666
53884667
53884668
53884669
53884670
53884671
53884672
53884673
53884674
53884675
53884676
53884677
53884678
53884679
53884680
53884681
53884682
53884683
53884684
53884685
53884686
53884687
53884688
53884689
53884690
53884691
53884692
53884693
53884694
53884695
53884696
53884697
53884698
53884699
53884700
53884701
53884702
53884703
53884704
53884705
53884706
53884707
53884708
53884709
53884710
53884711
53884712
53884713
53884714
53884715
53884716
53884717
53884718
53884719
53884720
53884721
53884722
53884723
53884724
53884725
53884726
53884727
53884728
53884729
53884730
53884731
53884732
53884733
53884734
53884735
53884736
53884737
53884738
53884739
53884740
53884741
53884742
53884743
53884744
53884745
53884746
53884747
53884748
53884749
53884750
53884751
53884752
53884753
53884754
53884755
53884756
53884757
53884758
53884759
53884760
53884761
53884762
53884763
53884764
53884765
53884766
53884767
53884768
53884769
53884770
53884771
53884772
53884773
53884774
53884775
53884776
53884777
53884778
53884779
53884780
53884781
53884782
53884783
53884784
53884785
53884786
53884787
53884788
53884789
53884790
53884791
53884792
53884793
53884794
53884795
53884796
53884797
53884798
53884799
53884800
53884801
53884802
53884803
53884804
53884805
53884806
53884807
53884808
53884809
53884810
53884811
53884812
53884813
53884814
53884815
53884816
53884817
53884818
53884819
53884820
53884821
53884822
53884823
53884824
53884825
53884826
53884827
53884828
53884829
53884830
53884831
53884832
53884833
53884834
53884835
53884836
53884837
53884838
53884839
53884840
53884841
53884842
53884843
53884844
53884845
53884846
53884847
53884848
53884849
53884850
53884851
53884852
53884853
53884854
53884855
53884856
53884857
53884858
53884859
53884860
53884861
53884862
53884863
53884864
53884865
53884866
53884867
53884868
53884869
53884870
53884871
53884872
53884873
53884874
53884875
53884876
53884877
53884878
53884879
53884880
53884881
53884882
53884883
53884884
53884885
53884886
53884887
53884888
53884889
53884890
53884891
53884892
53884893
53884894
53884895
53884896
53884897
53884898
53884899
53884900
53884901
53884902
53884903
53884904
53884905
53884906
53884907
53884908
53884909
53884910
53884911
53884912
53884913
53884914
53884915
53884916
53884917
53884918
53884919
53884920
53884921
53884922
53884923
53884924
53884925
53884926
53884927
53884928
53884929
53884930
53884931
53884932
53884933
53884934
53884935
53884936
53884937
53884938
53884939
53884940
53884941
53884942
53884943
53884944
53884945
53884946
53884947
53884948
53884949
53884950
53884951
53884952
53884953
53884954
53884955
53884956
53884957
53884958
53884959
53884960
53884961
53884962
53884963
53884964
53884965
53884966
53884967
53884968
53884969
53884970
53884971
53884972
53884973
53884974
53884975
53884976
53884977
53884978
53884979
53884980
53884981
53884982
53884983
53884984
53884985
53884986
53884987
53884988
53884989
53884990
53884991
53884992
53884993
53884994
53884995
53884996
53884997
53884998
53884999
53885000
53885001
53885002
53885003
53885004
53885005
53885006
53885007
53885008
53885009
53885010
53885011
53885012
53885013
53885014
53885015
53885016
53885017
53885018
53885019
53885020
53885021
53885022
53885023
53885024
53885025
53885026
53885027
53885028
53885029
53885030
53885031
53885032
53885033
53885034
53885035
53885036
53885037
53885038
53885039
53885040
53885041
53885042
53885043
53885044
53885045
53885046
53885047
53885048
53885049
53885050
53885051
53885052
53885053
53885054
53885055
53885056
53885057
53885058
53885059
53885060
53885061
53885062
53885063
53885064
53885065
53885066
53885067
53885068
53885069
53885070
53885071
53885072
53885073
53885074
53885075
53885076
53885077
53885078
53885079
53885080
53885081
53885082
53885083
53885084
53885085
53885086
53885087
53885088
53885089
53885090
53885091
53885092
53885093
53885094
53885095
53885096
53885097
53885098
53885099
53885100
53885101
53885102
53885103
53885104
53885105
53885106
53885107
53885108
53885109
53885110
53885111
53885112
53885113
53885114
53885115
53885116
53885117
53885118
53885119
53885120
53885121
53885122
53885123
53885124
53885125
53885126
53885127
53885128
53885129
53885130
53885131
53885132
53885133
53885134
53885135
53885136
53885137
53885138
53885139
53885140
53885141
53885142
53885143
53885144
53885145
53885146
53885147
53885148
53885149
53885150
53885151
53885152
53885153
53885154
53885155
53885156
53885157
53885158
53885159
53885160
53885161
53885162
53885163
53885164
53885165
53885166
53885167
53885168
53885169
53885170
53885171
53885172
53885173
53885174
53885175
53885176
53885177
53885178
53885179
53885180
53885181
53885182
53885183
53885184
53885185
53885186
53885187
53885188
53885189
53885190
53885191
53885192
53885193
53885194
53885195
53885196
53885197
53885198
53885199
53885200
53885201
53885202
53885203
53885204
53885205
53885206
53885207
53885208
53885209
53885210
53885211
53885212
53885213
53885214
53885215
53885216
53885217
53885218
53885219
53885220
53885221
53885222
53885223
53885224
53885225
53885226
53885227
53885228
53885229
53885230
53885231
53885232
53885233
53885234
53885235
53885236
53885237
53885238
53885239
53885240
53885241
53885242
53885243
53885244
53885245
53885246
53885247
53885248
53885249
53885250
53885251
53885252
53885253
53885254
53885255
53885256
53885257
53885258
53885259
53885260
53885261
53885262
53885263
53885264
53885265
53885266
53885267
53885268
53885269
53901269
53901270
53901271
53901272
53901273
53901274
53901275
53901276
53901277
53901278
53901279
53901280
53901281
53901282
53901283
53905318
53905319
53905320
53905321
53905322
53905323
53905324
53905325
53905326
53905327
53905328
53905329
53905330
53905331
53905332
53905333
53905334
53905335
53905336
53905337
53905338
53905339
53905340
53905341
53905342
53905343
53905344
53905345
53905346
53905347
53905348
53905349
53905350
53905351
53905352
53905353
53905354
53905355
53905356
53905357
53905358
53905359
53905360
53905361
53905362
53905363
53905364
53905365
53905366
53905367
53905368
53905369
53905370
53905371
53905372
53905373
53905374
53905375
53905376
53905377
53905378
53905379
53905380
53905381
53905382
53905383
53905384
53905385
53905386
53905387
53905388
53905389
53905390
53905391
53905392
53905393
53905394
53905395
53905396
53905397
53905398
53905399
53905400
53905401
53905402
53905403
53905404
53905405
53905406
53905407
53905408
53905409
53905410
53905411
53905412
53905413
53905414
53905415
53905416
53905417
53905418
53905419
53905420
53905421
53905422
53905423
53905424
53905425
53905426
53905427
53905428
53905429
53905430
53905431
53905432
53905433
53905434
53905435
53905436
53905437
53905438
53905439
53905440
53905441
53905442
53905443
53905444
53910951
53910952
53910953
53910954
53910955
53910956
53910957
53910958
53910959
53910960
53910961
53910962
53910963
53910964
53910965
53910966
53910967
53910968
53910969
53910970
53910971
53910972
53910973
53910974
53910975
53910976
53910977
53910978
53910979
53910980
53910981
53910982
53910983
53910984
53910985
53910986
53910987
53910988
53910989
53910990
53910991
53910992
53910993
53910994
53910995
53910996
53910997
53910998
53910999
53911000
53911001
53911002
53911003
53911004
53911005
53911006
53911007
53911008
53911009
53911010
53911011
53911012
53911013
53911014
53911015
53911016
53911017
53911018
53911019
53911020
53911021
53911022
53911023
53911024
53911025
53911026
53911027
53911028
53911029
53911030
53911031
53911032
53911033
53911034
53911035
53911036
53911037
53911038
53911039
53911040
53911041
53911042
53911043
53911044
53911045
53911046
53911047
53911048
53911049
53911050
53911051
53911052
53911053
53911054
53911055
53911056
53911057
53911058
53911059
53911060
53911061
53911062
53911063
53911064
53911065
53911066
53911067
53911068
53911069
53911070
53911071
53911072
53911073
53911074
53911075
53911076
53911077
53911078
53911079
53911080
53911081
53911082
53911083
53911084
53911085
53911086
53911087
53911088
53911089
53911090
53911091
53911092
53911093
53911094
53911095
53911096
53911097
53911098
53911099
53911100
53911101
53911102
53911103
53911104
53911105
53911106
53911107
53911108
53911109
53911110
53911111
53911112
53911113
53911114
53911115
53911116
53911117
53911118
53911119
53911120
53911121
53911122
53911123
53911124
53911125
53911126
53911127
53911128
53911129
53911130
53911131
53911132
53911133
53911134
53911135
53911136
53911137
53911138
53911139
53911140
53911141
53911142
53911143
53911144
53911145
53911146
53911147
53911148
53911149
53911150
53911151
53911152
53911153
53911154
53911155
53911156
53911157
53911158
53911159
53911160
53911161
53911162
53911163
53911164
53911165
53911166
53911167
53911168
53911169
53911170
53911171
53911172
53911173
53911174
53911175
53911176
53911177
53911178
53911179
53911180
53911181
53911182
53911183
53911184
53911185
53911186
53911187
53911188
53911189
53911190
53911191
53911192
53911193
53911194
53911195
53911196
53911197
53911198
53911199
53911200
53911201
53911202
53911203
53911204
53911205
53911206
53911207
53911208
53911209
53911210
53911211
53911212
53911213
53911214
53911215
53911216
53911217
53911218
53911219
53911220
53911221
53911222
53911223
53911224
53911225
53911226
53911227
53911228
53911229
53911230
53911231
53911232
53911233
53911234
53911235
53911236
53911237
53911238
53911239
53911240
53911241
53911242
53911243
53911244
53911245
53911246
53911247
53911248
53911249
53911250
53911251
53911252
53911253
53911254
53911255
53911256
53911257
53911258
53911259
53911260
53911261
53911262
53911263
53911264
53911265
53911266
53911267
53911268
53911269
53911270
53911271
53911272
53911273
53911274
53911275
53911276
53911277
53911278
53911279
53911280
53911281
53911282
53911283
53911284
53911285
53911286
53911287
53911288
53911289
53911290
53911291
53911292
53911293
53911294
53911295
53911296
53911297
53911298
53911299
53911300
53911301
53911302
53911303
53911304
53911305
53911306
53911307
53911308
53911309
53911310
53911311
53911312
53911313
53911314
53911315
53911316
53911317
53911318
53911319
53911320
53911321
53911322
53911323
53911324
53911325
53911326
53911327
53911328
53911329
53911330
53911331
53911332
53911333
53911334
53911335
53911336
53911337
53911338
53911339
53911340
53911341
53911342
53911343
53911344
53911345
53911346
53911347
53911348
53911349
53911350
53911351
53911352
53911353
53911354
53911355
53911356
53911357
53911358
53911359
53911360
53911361
53911362
53911363
53911364
53911365
53911366
53911367
53911368
53911369
53911370
53911371
53911372
53911373
53911374
53911375
53911376
53911377
53911378
53911379
53911380
53911381
53911382
53911383
53911384
53911385
53911386
53911387
53911388
53911389
53911390
53911391
53911392
53911393
53911394
53911395
53911396
53911397
53911398
53911399
53911400
53911401
53911402
53911403
53911404
53911405
53911406
53911407
53911408
53911409
53911410
53911411
53911412
53911413
53911414
53911415
53911416
53911417
53911418
53911419
53911420
53911421
53911422
53911423
53911424
53911425
53911426
53911427
53911428
53911429
53911430
53911431
53911432
53911433
53911434
53911435
53911436
53911437
53911438
53911439
53911440
53911441
53911442
53911443
53911444
53911445
53911446
53911447
53911448
53911449
53911450
53911451
53911452
53911453
53911454
53911455
53911456
53911457
53911458
53911459
53911460
53911461
53911462
53911463
53911464
53911465
53911466
53911467
53911468
53911469
53911470
53911471
53911472
53911473
53911474
53911475
53911476
53911477
53911478
53911479
53911480
53911481
53911482
53911483
53911484
53911485
53911486
53911487
53911488
53911489
53911490
53911491
53911492
53911493
53911494
53911495
53911496
53911497
53911498
53911499
53911500
53911501
53911502
53911503
53911504
53911505
53911506
53911507
53911508
53911509
53911510
53911511
53911512
53911513
53911514
53911515
53911516
53911517
53911518
53911519
53911520
53911521
53911522
53911523
53911524
53911525
53911526
53911527
53911528
53911529
53911530
53911531
53911532
53911533
53911534
53911535
53911536
53911537
53911538
53911539
53911540
53911541
53911542
53911543
53911544
53911545
53911546
53911547
53911548
53911549
53911550
53911551
53911552
53911553
53911554
53911555
53911556
53911557
53911558
53911559
53911560
53911561
53911562
53911563
53911564
53911565
53911566
53911567
53911568
53911569
53911570
53911571
53911572
53911573
53911574
53911575
53911576
53911577
53911578
53911579
53911580
53911581
53911582
53911583
53911584
53911585
53911586
53911587
53911588
53911589
53911590
53911591
53911592
53911593
53911594
53911595
53911596
53911597
53911598
53911599
53911600
53911601
53911602
53911603
53911604
53911605
53911606
53911607
53911608
53911609
53911610
53911611
53911612
53911613
53911614
53911615
53911616
53911617
53911618
53911619
53911620
53911621
53911622
53911623
53911624
53911625
53911626
53911627
53911628
53911629
53911630
53911631
53911632
53911633
53911634
53911635
53911636
53911637
53911638
53911639
53911640
53911641
53911642
53911643
53911644
53911645
53911646
53911647
53911648
53911649
53911650
53911651
53911652
53911653
53911654
53911655
53911656
53911657
53911658
53911659
53911660
53911661
53911662
53911663
53911664
53911665
53911666
53911667
53911668
53911669
53911670
53911671
53911672
53911673
53911674
53911675
53911676
53911677
53911678
53911679
53911680
53911681
53911682
53911683
53911684
53911685
53911686
53911687
53911688
53911689
53911690
53911691
53911692
53911693
53911694
53911695
53911696
53911697
53911698
53911699
53911700
53911701
53911702
53911703
53911704
53911705
53911706
53911707
53911708
53911709
53911710
53911711
53911712
53911713
53911714
53911715
53911716
53911717
53911718
53911719
53911720
53911721
53911722
53911723
53911724
53911725
53911726
53911727
53911728
53911729
53911730
53911731
53911732
53911733
53911734
53911735
53911736
53911737
53911738
53911739
53911740
53911741
53911742
53911743
53911744
53911745
53911746
53911747
53911748
53911749
53911750
53911751
53911752
53911753
53911754
53911755
53911756
53911757
53911758
53911759
53911760
53911761
53911762
53911763
53911764
53911765
53911766
53911767
53911768
53911769
53911770
53911771
53911772
53911773
53911774
53911775
53911776
53911777
53911778
53911779
53911780
53911781
53911782
53911783
53911784
53911785
53911786
53911787
53911788
53911789
53911790
53911791
53911792
53911793
53911794
53911795
53911796
53911797
53911798
53911799
53911800
53911801
53911802
53911803
53911804
53911805
53911806
53911807
53911808
53911809
53911810
53911811
53911812
53911813
53911814
53911815
53911816
53911817
53911818
53911819
53911820
53911821
53911822
53911823
53911824
53911825
53911826
53911827
53911828
53911829
53911830
53911831
53911832
53911833
53911834
53911835
53911836
53911837
53911838
53911839
53911840
53911841
53911842
53911843
53911844
53911845
53911846
53911847
53911848
53911849
53911850
53911851
53911852
53911853
53911854
53911855
53911856
53911857
53911858
53911859
53911860
53911861
53911862
53911863
53911864
53911865
53911866
53911867
53911868
53911869
53911870
53911871
53911872
53911873
53911874
53911875
53911876
53911877
53911878
53911879
53911880
53911881
53911882
53911883
53911884
53911885
53911886
53911887
53911888
53911889
53911890
53911891
53911892
53911893
53911894
53911895
53911896
53911897
53911898
53911899
53911900
53911901
53911902
53911903
53911904
53911905
53911906
53911907
53911908
53911909
53911910
53911911
53911912
53911913
53911914
53911915
53911916
53911917
53911918
53911919
53911920
53911921
53911922
53911923
53911924
53911925
53911926
53911927
53911928
53911929
53911930
53911931
53911932
53911933
53911934
53911935
53911936
53911937
53911938
53911939
53911940
53911941
53911942
53911943
53911944
53911945
53911946
53911947
53911948
53911949
53911950
53911951
53911952
53911953
53911954
53911955
53911956
53911957
53911958
53911959
53911960
53911961
53911962
53911963
53911964
53911965
53911966
53911967
53911968
53911969
53911970
53911971
53911972
53911973
53911974
53911975
53911976
53911977
53911978
53911979
53911980
53911981
53911982
53911983
53911984
53911985
53911986
53911987
53911988
53911989
53911990
53911991
53911992
53911993
53911994
53911995
53911996
53911997
53911998
53911999
53912000
53912001
53912002
53912003
53912004
53912005
53912006
53912007
53912008
53912009
53912010
53912011
53912012
53912013
53912014
53912015
53912016
53912017
53912018
53912019
53912020
53912021
53912022
53912023
53912024
53912025
53912026
53912027
53912028
53912029
53912030
53912031
53912032
53912033
53912034
53912035
53912036
53912037
53912038
53912039
53912040
53912041
53912042
53912043
53912044
53912045
53912046
53912047
53912048
53912049
53912050
53912051
53912052
53912053
53912054
53912055
53912056
53912057
53912058
53912059
53912060
53912061
53912062
53912063
53912064
53912065
53912066
53912067
53912068
53912069
53912070
53912071
53912072
53912073
53912074
53912075
53912076
53912077
53912078
53912079
53912080
53912081
53912082
53912083
53912084
53912085
53912086
53912087
53912088
53912089
53912090
53912091
53912092
53912093
53912094
53912095
53912096
53912097
53912098
53912099
53912100
53912101
53912102
53912103
53912104
53912105
53912106
53912107
53912108
53912109
53912110
53912111
53912112
53912113
53912114
53912115
53912116
53912117
53912118
53912119
53912120
53912121
53912122
53912123
53912124
53912125
53912126
53912127
53912128
53912129
53912130
53912131
53912132
53912133
53912134
53912135
53912136
53912137
53912138
53912139
53912140
53912141
53912142
53912143
53912144
53912145
53912146
53912147
53912148
53912149
53912150
53912151
53912152
53912153
53912154
53912155
53912156
53912157
53912158
53912159
53912160
53912161
53912162
53912163
53912164
53912165
53912166
53912167
53912168
53912169
53912170
53912171
53912172
53912173
53912174
53912175
53912176
53912177
53912178
53912179
53912180
53912181
53912182
53912183
53912184
53912185
53912186
53912187
53912188
53912189
53912190
53912191
53912192
53912193
53912194
53912195
53912196
53912197
53912198
53912199
53912200
53912201
53912202
53912203
53912204
53912205
53912206
53912207
53912208
53912209
53912210
53912211
53912212
53912213
53912214
53912215
53912216
53912217
53912218
53912219
53912220
53912221
53912222
53912223
53912224
53912225
53912226
53912227
53912228
53912229
53912230
53912231
53912232
53912233
53912234
53912235
53912236
53912237
53912238
53912239
53912240
53912241
53912242
53912243
53912244
53912245
53912246
53912247
53912248
53912249
53912250
53912251
53912252
53912253
53912254
53912255
53912256
53912257
53912258
53912259
53912260
53912261
53912262
53912263
53912264
53912265
53912266
53912267
53912268
53912269
53912270
53912271
53912272
53912273
53912274
53912275
53912276
53912277
53912278
53912279
53912280
53912281
53912282
53912283
53912284
53912285
53912286
53912287
53912288
53912289
53912290
53912291
53912292
53912293
53912294
53912295
53912296
53912297
53912298
53912299
53912300
53912301
53912302
53912303
53912304
53912305
53912306
53912307
53912308
53912309
53912310
53912311
53912312
53912313
53912314
53912315
53912316
53912317
53912318
53912319
53912320
53912321
53912322
53912323
53912324
53912325
53912326
53912327
53912328
53912329
53912330
53912331
53912332
53912333
53912334
53912335
53912336
53912337
53912338
53912339
53912340
53912341
53912342
53912343
53912344
53912345
53912346
53912347
53912348
53912349
53912350
53912351
53912352
53912353
53912354
53912355
53912356
53912357
53912358
53912359
53912360
53912361
53912362
53912363
53912364
53912365
53912366
53912367
53912368
53912369
53912370
53912371
53912372
53912373
53912374
53912375
53912376
53912377
53987077
53987078
53987079
53987080
53987081
53987082
53987083
53987084
53987085
53987086
53987087
53987088
53987089
53987090
53987091
53989886
53989887
53989888
53989889
53989890
53989891
53989892
53989893
53989894
53989895
53989896
53989897
53989898
53989899
53989900
53989901
53989902
53989903
53989904
53989905
53989906
53989907
53989908
53989909
53989910
53989911
53989912
53989913
53989914
53989915
53989916
53989917
53989918
53989919
53989920
53989921
53989922
53989923
53989924
53989925
53989926
53989927
53989928
53989929
53989930
53989931
53989932
53989933
53989934
53989935
53989936
53989937
53989938
53989939
53989940
53989941
53989942
53989943
53989944
53989945
53989946
53989947
53989948
53989949
53989950
53989951
53989952
53989953
53989954
53989955
53989956
53989957
53989958
53989959
53989960
53989961
53989962
53989963
53989964
53989965
53989966
53989967
53989968
53989969
53989970
53989971
53989972
53989973
53989974
53989975
53989976
53989977
53989978
53989979
53989980
53989981
53989982
53989983
53989984
53989985
53989986
53989987
53989988
53989989
53989990
53989991
53989992
53989993
53989994
53989995
53989996
53989997
53989998
53989999
53990000
53990001
53990002
53990003
53990004
53990005
53990006
53990007
53990008
53990009
53990010
53990011
53990012
53993629
53993630
53993631
53993632
53993633
53993634
53993635
53993636
53993637
53993638
53993639
53993640
53993641
53993642
53993643
53993644
53993645
53993646
53993647
53993648
53993649
53993650
53993651
53993652
53993653
53993654
53993655
53993656
53993657
53993658
53993659
53993660
53993661
53993662
53993663
53993664
53993665
53993666
53993667
53993668
53993669
53993670
53993671
53993672
53993673
53993674
53993675
53993676
53993677
53993678
53993679
53993680
53993681
53993682
53993683
53993684
53993685
53993686
53993687
53993688
53993689
53993690
53993691
53993692
53993693
53993694
53993695
53993696
53993697
53993698
53993699
53993700
53993701
53993702
53993703
53993704
53993705
53993706
53993707
53993708
53993709
53993710
53993711
53993712
53993713
53993714
53993715
53993716
53993717
53993718
53993719
53993720
53993721
53993722
53993723
53993724
53993725
53993726
53993727
53993728
53993729
53993730
53993731
53993732
53993733
53993734
53993735
53993736
53993737
53993738
53993739
53993740
53993741
53993742
53993743
53993744
53993745
53993746
53993747
53993748
53993749
53993750
53993751
53993752
53993753
53993754
53993755
53993756
53993757
53993758
53993759
53993760
53993761
53993762
53993763
53993764
53993765
53993766
53993767
53993768
53993769
53993770
53993771
53993772
53993773
53993774
53993775
53993776
53993777
53993778
53993779
53993780
53993781
53993782
53993783
53993784
53993785
53993786
53993787
53993788
53993789
53993790
53993791
53993792
53993793
53993794
53993795
53993796
53993797
53993798
53993799
53993800
53993801
53993802
53993803
53993804
53993805
53993806
53993807
53993808
53993809
53993810
53993811
53993812
53993813
53993814
53993815
53993816
53993817
53993818
53993819
53993820
53993821
53993822
53993823
53993824
53993825
53993826
53993827
53993828
53993829
53993830
53993831
53993832
53993833
53993834
53993835
53993836
53993837
53993838
53993839
53993840
53993841
53993842
53993843
53993844
53993845
53993846
53993847
53993848
53993849
53993850
53993851
53993852
53993853
53993854
53993855
53993856
53993857
53993858
53993859
53993860
53993861
53993862
53993863
53993864
53993865
53993866
53993867
53993868
53993869
53993870
53993871
53993872
53993873
53993874
53993875
53993876
53993877
53993878
53993879
53993880
53993881
53993882
53993883
53993884
53993885
53993886
53993887
53993888
53993889
53993890
53993891
53993892
53993893
53993894
53993895
53993896
53993897
53993898
53993899
53993900
53993901
53993902
53993903
53993904
53993905
53993906
53993907
53993908
53993909
53993910
53993911
53993912
53993913
53993914
53993915
53993916
53993917
53993918
53993919
53993920
53993921
53993922
53993923
53993924
53993925
53993926
53993927
53993928
53993929
53993930
53993931
53993932
53993933
53993934
53993935
53993936
53993937
53993938
53993939
53993940
53993941
53993942
53993943
53993944
53993945
53993946
53993947
53993948
53993949
53993950
53993951
53993952
53993953
53993954
53993955
53993956
53993957
53993958
53993959
53993960
53993961
53993962
53993963
53993964
53993965
53993966
53993967
53993968
53993969
53993970
53993971
53993972
53993973
53993974
53993975
53993976
53993977
53993978
53993979
53993980
53993981
53993982
53993983
53993984
53993985
53993986
53993987
53993988
53993989
53993990
53993991
53993992
53993993
53993994
53993995
53993996
53993997
53993998
53993999
53994000
53994001
53994002
53994003
53994004
53994005
53994006
53994007
53994008
53994009
53994010
53994011
53994012
53994013
53994014
53994015
53994016
53994017
53994018
53994019
53994020
53994021
53994022
53994023
53994024
53994025
53994026
53994027
53994028
53994029
53994030
53994031
53994032
53994033
53994034
53994035
53994036
53994037
53994038
53994039
53994040
53994041
53994042
53994043
53994044
53994045
53994046
53994047
53994048
53994049
53994050
53994051
53994052
53994053
53994054
53994055
53994056
53994057
53994058
53994059
53994060
53994061
53994062
53994063
53994064
53994065
53994066
53994067
53994068
53994069
53994070
53994071
53994072
53994073
53994074
53994075
53994076
53994077
53994078
53994079
53994080
53994081
53994082
53994083
53994084
53994085
53994086
53994087
53994088
53994089
53994090
53994091
53994092
53994093
53994094
53994095
53994096
53994097
53994098
53994099
53994100
53994101
53994102
53994103
53994104
53994105
53994106
53994107
53994108
53994109
53994110
53994111
53994112
53994113
53994114
53994115
53994116
53994117
53994118
53994119
53994120
53994121
53994122
53994123
53994124
53994125
53994126
53994127
53994128
53994129
53994130
53994131
53994132
53994133
53994134
53994135
53994136
53994137
53994138
53994139
53994140
53994141
53994142
53994143
53994144
53994145
53994146
53994147
53994148
53994149
53994150
53994151
53994152
53994153
53994154
53994155
53994156
53994157
53994158
53994159
53994160
53994161
53994162
53994163
53994164
53994165
53994166
53994167
53994168
53994169
53994170
53994171
53994172
53994173
53994174
53994175
53994176
53994177
53994178
53994179
53994180
53994181
53994182
53994183
53994184
53994185
53994186
53994187
53994188
53994189
53994190
53994191
53994192
53994193
53994194
53994195
53994196
53994197
53994198
53994199
53994200
53994201
53994202
53994203
53994204
53994205
53994206
53994207
53994208
53994209
53994210
53994211
53994212
53994213
53994214
53994215
53994216
53994217
53994218
53994219
53994220
53994221
53994222
53994223
53994224
53994225
53994226
53994227
53994228
53994229
53994230
53994231
53994232
53994233
53994234
53994235
53994236
53994237
53994238
53994239
53994240
53994241
53994242
53994243
53994244
53994245
53994246
53994247
53994248
53994249
53994250
53994251
53994252
53994253
53994254
53994255
53994256
53994257
53994258
53994259
53994260
53994261
53994262
53994263
53994264
53994265
53994266
53994267
53994268
53994269
53994270
53994271
53994272
53994273
53994274
53994275
53994276
53994277
53994278
53994279
53994280
53994281
53994282
53994283
53994284
53994285
53994286
53994287
53994288
53994289
53994290
53994291
53994292
53994293
53994294
53994295
53994296
53994297
53994298
53994299
53994300
53994301
53994302
53994303
53994304
53994305
53994306
53994307
53994308
53994309
53994310
53994311
53994312
53994313
53994314
53994315
53994316
53994317
53994318
53994319
53994320
53994321
53994322
53994323
53994324
53994325
53994326
53994327
53994328
53994329
53994330
53994331
53994332
53994333
53994334
53994335
53994336
53994337
53994338
53994339
53994340
53994341
53994342
53994343
53994344
53994345
53994346
53994347
53994348
53994349
53994350
53994351
53994352
53994353
53994354
53994355
53994356
53994357
53994358
53994359
53994360
53994361
53994362
53994363
53994364
53994365
53994366
53994367
53994368
53994369
53994370
53994371
53994372
53994373
53994374
53994375
53994376
53994377
53994378
53994379
53994380
53994381
53994382
53994383
53994384
53994385
53994386
53994387
53994388
53994389
53994390
53994391
53994392
53994393
53994394
53994395
53994396
53994397
53994398
53994399
53994400
53994401
53994402
53994403
53994404
53994405
53994406
53994407
53994408
53994409
53994410
53994411
53994412
53994413
53994414
53994415
53994416
53994417
53994418
53994419
53994420
53994421
53994422
53994423
53994424
53994425
53994426
53994427
53994428
53994429
53994430
53994431
53994432
53994433
53994434
53994435
53994436
53994437
53994438
53994439
53994440
53994441
53994442
53994443
53994444
53994445
53994446
53994447
53994448
53994449
53994450
53994451
53994452
53994453
53994454
53994455
53994456
53994457
53994458
53994459
53994460
53994461
53994462
53994463
53994464
53994465
53994466
53994467
53994468
53994469
53994470
53994471
53994472
53994473
53994474
53994475
53994476
53994477
53994478
53994479
53994480
53994481
53994482
53994483
53994484
53994485
53994486
53994487
53994488
53994489
53994490
53994491
53994492
53994493
53994494
53994495
53994496
53994497
53994498
53994499
53994500
53994501
53994502
53994503
53994504
53994505
53994506
53994507
53994508
53994509
53994510
53994511
53994512
53994513
53994514
53994515
53994516
53994517
53994518
53994519
53994520
53994521
53994522
53994523
53994524
53994525
53994526
53994527
53994528
53994529
53994530
53994531
53994532
53994533
53994534
53994535
53994536
53994537
53994538
53994539
53994540
53994541
53994542
53994543
53994544
53994545
53994546
53994547
53994548
53994549
53994550
53994551
53994552
53994553
53994554
53994555
53994556
53994557
53994558
53994559
53994560
53994561
53994562
53994563
53994564
53994565
53994566
53994567
53994568
53994569
53994570
53994571
53994572
53994573
53994574
53994575
53994576
53994577
53994578
53994579
53994580
53994581
53994582
53994583
53994584
53994585
53994586
53994587
53994588
53994589
53994590
53994591
53994592
53994593
53994594
53994595
53994596
53994597
53994598
53994599
53994600
53994601
53994602
53994603
53994604
53994605
53994606
53994607
53994608
53994609
53994610
53994611
53994612
53994613
53994614
53994615
53994616
53994617
53994618
53994619
53994620
53994621
53994622
53994623
53994624
53994625
53994626
53994627
53994628
53994629
53994630
53994631
53994632
53994633
53994634
53994635
53994636
53994637
53994638
53994639
53994640
53994641
53994642
53994643
53994644
53994645
53994646
53994647
53994648
53994649
53994650
53994651
53994652
53994653
53994654
53994655
53994656
53994657
53994658
53994659
53994660
53994661
53994662
53994663
53994664
53994665
53994666
53994667
53994668
53994669
53994670
53994671
53994672
53994673
53994674
53994675
53994676
53994677
53994678
53994679
53994680
53994681
53994682
53994683
53994684
53994685
53994686
53994687
53994688
53994689
53994690
53994691
53994692
53994693
53994694
53994695
53994696
53994697
53994698
53994699
53994700
53994701
53994702
53994703
53994704
53994705
53994706
53994707
53994708
53994709
53994710
53994711
53994712
53994713
53994714
53994715
53994716
53994717
53994718
53994719
53994720
53994721
53994722
53994723
53994724
53994725
53994726
53994727
53994728
53994729
53994730
53994731
53994732
53994733
53994734
53994735
53994736
53994737
53994738
53994739
53994740
53994741
53994742
53994743
53994744
53994745
53994746
53994747
53994748
53994749
53994750
53994751
53994752
53994753
53994754
53994755
53994756
53994757
53994758
53994759
53994760
53994761
53994762
53994763
53994764
53994765
53994766
53994767
53994768
53994769
53994770
53994771
53994772
53994773
53994774
53994775
53994776
53994777
53994778
53994779
53994780
53994781
53994782
53994783
53994784
53994785
53994786
53994787
53994788
53994789
53994790
53994791
53994792
53994793
53994794
53994795
53994796
53994797
53994798
53994799
53994800
53994801
53994802
53994803
53994804
53994805
53994806
53994807
53994808
53994809
53994810
53994811
53994812
53994813
53994814
53994815
53994816
53994817
53994818
53994819
53994820
53994821
53994822
53994823
53994824
53994825
53994826
53994827
53994828
53994829
53994830
53994831
53994832
53994833
53994834
53994835
53994836
53994837
53994838
53994839
53994840
53994841
53994842
53994843
53994844
53994845
53994846
53994847
53994848
53994849
53994850
53994851
53994852
53994853
53994854
53994855
53994856
53994857
53994858
53994859
53994860
53994861
53994862
53994863
53994864
53994865
53994866
53994867
53994868
53994869
53994870
53994871
53994872
53994873
53994874
53994875
53994876
53994877
53994878
53994879
53994880
53994881
53994882
53994883
53994884
53994885
53994886
53994887
53994888
53994889
53994890
53994891
53994892
53994893
53994894
53994895
53994896
53994897
53994898
53994899
53994900
53994901
53994902
53994903
53994904
53994905
53994906
53994907
53994908
53994909
53994910
53994911
53994912
53994913
53994914
53994915
53994916
53994917
53994918
53994919
53994920
53994921
53994922
53994923
53994924
53994925
53994926
53994927
53994928
53994929
53994930
53994931
53994932
53994933
53994934
53994935
53994936
53994937
53994938
53994939
53994940
53994941
53994942
53994943
53994944
53994945
53994946
53994947
53994948
53994949
53994950
53994951
53994952
53994953
53994954
53994955
53994956
53994957
53994958
53994959
53994960
53994961
53994962
53994963
53994964
53994965
53994966
53994967
53994968
53994969
53994970
53994971
53994972
53994973
53994974
53994975
53994976
53994977
53994978
53994979
53994980
53994981
53994982
53994983
53994984
53994985
53994986
53994987
53994988
53994989
53994990
53994991
53994992
53994993
53994994
53994995
53994996
53994997
53994998
53994999
53995000
53995001
53995002
53995003
53995004
53995005
53995006
53995007
53995008
53995009
53995010
53995011
53995012
53995013
53995014
53995015
53995016
53995017
53995018
53995019
53995020
53995021
53995022
53995023
53995024
53995025
53995026
53995027
53995028
53995029
53995030
53995031
53995032
53995033
53995034
53995035
53995036
53995037
53995038
53995039
53995040
53995041
53995042
53995043
53995044
53995045
53995046
53995047
53995048
53995049
53995050
53995051
53995052
53995053
53995054
53995055
53995056
53995057
53995058
53995059
53995060
53995061
53995062
53995063
53995064
53995065
53995066
53995067
53995068
53995069
53995070
53995071
53995072
53995073
53995074
53995075
53995076
53995077
53995078
53995079
53995080
53995081
53995082
53995083
53995084
53995085
53995086
53995087
53995088
53995089
53995090
53995091
53995092
53995093
53995094
53995095
53995096
53995097
53995098
53995099
53995100
53995101
53995102
53995103
53995104
53995105
53995106
53995107
53995108
53995109
53995110
53995111
53995112
53995113
53995114
53995115
53995116
53995117
53995118
53995119
53995120
53995121
53995122
53995123
53995124
53995125
53995126
53995127
53995128
53995129
53995130
53995131
53995132
53995133
53995134
53995135
53995136
53995137
53995138
53995139
53995140
53995141
53995142
53995143
53995144
53995145
53995146
53995147
53995148
53995149
53995150
53995151
53995152
53995153
53995154
53995155
53995156
53995157
53995158
53995159
53995160
53995161
53995162
53995163
53995164
53995165
53995166
53995167
53995168
53995169
53995170
53995171
53995172
53995173
53995174
53995175
53995176
53995177
53995178
53995179
53995180
53995181
53995182
53995183
53995184
53995185
53995186
53995187
53995188
53995189
53995190
53995191
53995192
53995193
53995194
53995195
53995196
53995197
53995198
53995199
53995200
53995201
53995202
53995203
53995204
53995205
53995206
53995207
53995208
53995209
53995210
53995211
53995212
53995213
53995214
53995215
53995216
53995217
53995218
53995219
53995220
53995221
53995222
53995223
53995224
53995225
53995226
53995227
53995228
53995229
53995230
53995231
53995232
53995233
53995234
53995235
53995236
53995237
53995238
53995239
53995240
53995241
53995242
53995243
53995244
53995245
53995246
53995247
53995248
53995249
53995250
53995251
53995252
53995253
53995254
53995255
53995256
53995257
53995258
53995259
53995260
53995261
53995262
53995263
53995264
53995265
53995266
53995267
53995268
53995269
53995270
53995271
53995272
53995273
53995274
53995275
53995276
53995277
53995278
53995279
53995280
53995281
53995282
53995283
53995284
53995285
53995286
53995287
53995288
53995289
53995290
53995291
53995292
53995293
53995294
53995295
53995296
53995297
53995298
53995299
53995300
53995301
53995302
53995303
53995304
53995305
53995306
53995307
53995308
53995309
53995310
53995311
53995312
53995313
53995314
53995315
53995316
53995317
53995318
53995319
53995320
53995321
53995322
53995323
53995324
53995325
53995326
53995327
53995328
53995329
53995330
53995331
53995332
53995333
53995334
53995335
53995336
53995337
54072631
54072632
54072633
54072634
54072635
54072636
54072637
54072638
54072639
54074858
54074859
54074860
54074861
54074862
54074863
54074864
54074865
54074866
54074867
54074868
54074869
54074870
54074871
54074872
54074873
54074874
54074875
54074876
54074877
54074878
54074879
54074880
54074881
54074882
54074883
54074884
54074885
54074886
54074887
54074888
54074889
54074890
54074891
54074892
54074893
54074894
54074895
54074896
54074897
54074898
54074899
54074900
54074901
54074902
54074903
54074904
54074905
54074906
54074907
54074908
54074909
54074910
54074911
54074912
54074913
54074914
54074915
54074916
54074917
54074918
54074919
54074920
54074921
54074922
54074923
54074924
54074925
54074926
54074927
54074928
54074929
54074930
54074931
54074932
54074933
54074934
54074935
54074936
54074937
54074938
54074939
54074940
54074941
54074942
54074943
54074944
54074945
54074946
54074947
54074948
54074949
54074950
54074951
54074952
54074953
54074954
54074955
54074956
54074957
54074958
54074959
54074960
54074961
54074962
54074963
54074964
54074965
54074966
54074967
54074968
54074969
54074970
54074971
54074972
54074973
54074974
54074975
54074976
54074977
54074978
54074979
54074980
54074981
54074982
54074983
54074984
54079951
54079952
54079953
54079954
54079955
54079956
54079957
54079958
54079959
54079960
54079961
54079962
54079963
54079964
54079965
54079966
54079967
54079968
54079969
54079970
54079971
54079972
54079973
54079974
54079975
54079976
54079977
54079978
54079979
54079980
54079981
54079982
54079983
54079984
54079985
54079986
54079987
54079988
54079989
54079990
54079991
54079992
54079993
54079994
54079995
54079996
54079997
54079998
54079999
54080000
54080001
54080002
54080003
54080004
54080005
54080006
54080007
54080008
54080009
54080010
54080011
54080012
54080013
54080014
54080015
54080016
54080017
54080018
54080019
54080020
54080021
54080022
54080023
54080024
54080025
54080026
54080027
54080028
54080029
54080030
54080031
54080032
54080033
54080034
54080035
54080036
54080037
54080038
54080039
54080040
54080041
54080042
54080043
54080044
54080045
54080046
54080047
54080048
54080049
54080050
54080051
54080052
54080053
54080054
54080055
54080056
54080057
54080058
54080059
54080060
54080061
54080062
54080063
54080064
54080065
54080066
54080067
54080068
54080069
54080070
54080071
54080072
54080073
54080074
54080075
54080076
54080077
54080078
54080079
54080080
54080081
54080082
54080083
54080084
54080085
54080086
54080087
54080088
54080089
54080090
54080091
54080092
54080093
54080094
54080095
54080096
54080097
54080098
54080099
54080100
54080101
54080102
54080103
54080104
54080105
54080106
54080107
54080108
54080109
54080110
54080111
54080112
54080113
54080114
54080115
54080116
54080117
54080118
54080119
54080120
54080121
54080122
54080123
54080124
54080125
54080126
54080127
54080128
54080129
54080130
54080131
54080132
54080133
54080134
54080135
54080136
54080137
54080138
54080139
54080140
54080141
54080142
54080143
54080144
54080145
54080146
54080147
54080148
54080149
54080150
54080151
54080152
54080153
54080154
54080155
54080156
54080157
54080158
54080159
54080160
54080161
54080162
54080163
54080164
54080165
54080166
54080167
54080168
54080169
54080170
54080171
54080172
54080173
54080174
54080175
54080176
54080177
54080178
54080179
54080180
54080181
54080182
54080183
54080184
54080185
54080186
54080187
54080188
54080189
54080190
54080191
54080192
54080193
54080194
54080195
54080196
54080197
54080198
54080199
54080200
54080201
54080202
54080203
54080204
54080205
54080206
54080207
54080208
54080209
54080210
54080211
54080212
54080213
54080214
54080215
54080216
54080217
54080218
54080219
54080220
54080221
54080222
54080223
54080224
54080225
54080226
54080227
54080228
54080229
54080230
54080231
54080232
54080233
54080234
54080235
54080236
54080237
54080238
54080239
54080240
54080241
54080242
54080243
54080244
54080245
54080246
54080247
54080248
54080249
54080250
54080251
54080252
54080253
54080254
54080255
54080256
54080257
54080258
54080259
54080260
54080261
54080262
54080263
54080264
54080265
54080266
54080267
54080268
54080269
54080270
54080271
54080272
54080273
54080274
54080275
54080276
54080277
54080278
54080279
54080280
54080281
54080282
54080283
54080284
54080285
54080286
54080287
54080288
54080289
54080290
54080291
54080292
54080293
54080294
54080295
54080296
54080297
54080298
54080299
54080300
54080301
54080302
54080303
54080304
54080305
54080306
54080307
54080308
54080309
54080310
54080311
54080312
54080313
54080314
54080315
54080316
54080317
54080318
54080319
54080320
54080321
54080322
54080323
54080324
54080325
54080326
54080327
54080328
54080329
54080330
54080331
54080332
54080333
54080334
54080335
54080336
54080337
54080338
54080339
54080340
54080341
54080342
54080343
54080344
54080345
54080346
54080347
54080348
54080349
54080350
54080351
54080352
54080353
54080354
54080355
54080356
54080357
54080358
54080359
54080360
54080361
54080362
54080363
54080364
54080365
54080366
54080367
54080368
54080369
54080370
54080371
54080372
54080373
54080374
54080375
54080376
54080377
54080378
54080379
54080380
54080381
54080382
54080383
54080384
54080385
54080386
54080387
54080388
54080389
54080390
54080391
54080392
54080393
54080394
54080395
54080396
54080397
54080398
54080399
54080400
54080401
54080402
54080403
54080404
54080405
54080406
54080407
54080408
54080409
54080410
54080411
54080412
54080413
54080414
54080415
54080416
54080417
54080418
54080419
54080420
54080421
54080422
54080423
54080424
54080425
54080426
54080427
54080428
54080429
54080430
54080431
54080432
54080433
54080434
54080435
54080436
54080437
54080438
54080439
54080440
54080441
54080442
54080443
54080444
54080445
54080446
54080447
54080448
54080449
54080450
54080451
54080452
54080453
54080454
54080455
54080456
54080457
54080458
54080459
54080460
54080461
54080462
54080463
54080464
54080465
54080466
54080467
54080468
54080469
54080470
54080471
54080472
54080473
54080474
54080475
54080476
54080477
54080478
54080479
54080480
54080481
54080482
54080483
54080484
54080485
54080486
54080487
54080488
54080489
54080490
54080491
54080492
54080493
54080494
54080495
54080496
54080497
54080498
54080499
54080500
54080501
54080502
54080503
54080504
54080505
54080506
54080507
54080508
54080509
54080510
54080511
54080512
54080513
54080514
54080515
54080516
54080517
54080518
54080519
54080520
54080521
54080522
54080523
54080524
54080525
54080526
54080527
54080528
54080529
54080530
54080531
54080532
54080533
54080534
54080535
54080536
54080537
54080538
54080539
54080540
54080541
54080542
54080543
54080544
54080545
54080546
54080547
54080548
54080549
54080550
54080551
54080552
54080553
54080554
54080555
54080556
54080557
54080558
54080559
54080560
54080561
54080562
54080563
54080564
54080565
54080566
54080567
54080568
54080569
54080570
54080571
54080572
54080573
54080574
54080575
54080576
54080577
54080578
54080579
54080580
54080581
54080582
54080583
54080584
54080585
54080586
54080587
54080588
54080589
54080590
54080591
54080592
54080593
54080594
54080595
54080596
54080597
54080598
54080599
54080600
54080601
54080602
54080603
54080604
54080605
54080606
54080607
54080608
54080609
54080610
54080611
54080612
54080613
54080614
54080615
54080616
54080617
54080618
54080619
54080620
54080621
54080622
54080623
54080624
54080625
54080626
54080627
54080628
54080629
54080630
54080631
54080632
54080633
54080634
54080635
54080636
54080637
54080638
54080639
54080640
54080641
54080642
54080643
54080644
54080645
54080646
54080647
54080648
54080649
54080650
54080651
54080652
54080653
54080654
54080655
54080656
54080657
54080658
54080659
54080660
54080661
54080662
54080663
54080664
54080665
54080666
54080667
54080668
54080669
54080670
54080671
54080672
54080673
54080674
54080675
54080676
54080677
54080678
54080679
54080680
54080681
54080682
54080683
54080684
54080685
54080686
54080687
54080688
54080689
54080690
54080691
54080692
54080693
54080694
54080695
54080696
54080697
54080698
54080699
54080700
54080701
54080702
54080703
54080704
54080705
54080706
54080707
54080708
54080709
54080710
54080711
54080712
54080713
54080714
54080715
54080716
54080717
54080718
54080719
54080720
54080721
54080722
54080723
54080724
54080725
54080726
54080727
54080728
54080729
54080730
54080731
54080732
54080733
54080734
54080735
54080736
54080737
54080738
54080739
54080740
54080741
54080742
54080743
54080744
54080745
54080746
54080747
54080748
54080749
54080750
54080751
54080752
54080753
54080754
54080755
54080756
54080757
54080758
54080759
54080760
54080761
54080762
54080763
54080764
54080765
54080766
54080767
54080768
54080769
54080770
54080771
54080772
54080773
54080774
54080775
54080776
54080777
54080778
54080779
54080780
54080781
54080782
54080783
54080784
54080785
54080786
54080787
54080788
54080789
54080790
54080791
54080792
54080793
54080794
54080795
54080796
54080797
54080798
54080799
54080800
54080801
54080802
54080803
54080804
54080805
54080806
54080807
54080808
54080809
54080810
54080811
54080812
54080813
54080814
54080815
54080816
54080817
54080818
54080819
54080820
54080821
54080822
54080823
54080824
54080825
54080826
54080827
54080828
54080829
54080830
54080831
54080832
54080833
54080834
54080835
54080836
54080837
54080838
54080839
54080840
54080841
54080842
54080843
54080844
54080845
54080846
54080847
54080848
54080849
54080850
54080851
54080852
54080853
54080854
54080855
54080856
54080857
54080858
54080859
54080860
54080861
54080862
54080863
54080864
54080865
54080866
54080867
54080868
54080869
54080870
54080871
54080872
54080873
54080874
54080875
54080876
54080877
54080878
54080879
54080880
54080881
54080882
54080883
54080884
54080885
54080886
54080887
54080888
54080889
54080890
54080891
54080892
54080893
54080894
54080895
54080896
54080897
54080898
54080899
54080900
54080901
54080902
54080903
54080904
54080905
54080906
54080907
54080908
54080909
54080910
54080911
54080912
54080913
54080914
54080915
54080916
54080917
54080918
54080919
54080920
54080921
54080922
54080923
54080924
54080925
54080926
54080927
54080928
54080929
54080930
54080931
54080932
54080933
54080934
54080935
54080936
54080937
54080938
54080939
54080940
54080941
54080942
54080943
54080944
54080945
54080946
54080947
54080948
54080949
54080950
54080951
54080952
54080953
54080954
54080955
54080956
54080957
54080958
54080959
54080960
54080961
54080962
54080963
54080964
54080965
54080966
54080967
54080968
54080969
54080970
54080971
54080972
54080973
54080974
54080975
54080976
54080977
54080978
54080979
54080980
54080981
54080982
54080983
54080984
54080985
54080986
54080987
54080988
54080989
54080990
54080991
54080992
54080993
54080994
54080995
54080996
54080997
54080998
54080999
54081000
54081001
54081002
54081003
54081004
54081005
54081006
54081007
54081008
54081009
54081010
54081011
54081012
54081013
54081014
54081015
54081016
54081017
54081018
54081019
54081020
54081021
54081022
54081023
54081024
54081025
54081026
54081027
54081028
54081029
54081030
54081031
54081032
54081033
54081034
54081035
54081036
54081037
54081038
54081039
54081040
54081041
54081042
54081043
54081044
54081045
54081046
54081047
54081048
54081049
54081050
54081051
54081052
54081053
54081054
54081055
54081056
54081057
54081058
54081059
54081060
54081061
54081062
54081063
54081064
54081065
54081066
54081067
54081068
54081069
54081070
54081071
54081072
54081073
54081074
54081075
54081076
54081077
54081078
54081079
54081080
54081081
54081082
54081083
54081084
54081085
54081086
54081087
54081088
54081089
54081090
54081091
54081092
54081093
54081094
54081095
54081096
54081097
54081098
54081099
54081100
54081101
54081102
54081103
54081104
54081105
54081106
54081107
54081108
54081109
54081110
54081111
54081112
54081113
54081114
54081115
54081116
54081117
54081118
54081119
54081120
54081121
54081122
54081123
54081124
54081125
54081126
54081127
54081128
54081129
54081130
54081131
54081132
54081133
54081134
54081135
54081136
54081137
54081138
54081139
54081140
54081141
54081142
54081143
54081144
54081145
54081146
54081147
54081148
54081149
54081150
54081151
54081152
54081153
54081154
54081155
54081156
54081157
54081158
54081159
54081160
54081161
54081162
54081163
54081164
54081165
54081166
54081167
54081168
54081169
54081170
54081171
54081172
54081173
54081174
54081175
54081176
54081177
54081178
54081179
54081180
54081181
54081182
54081183
54081184
54081185
54081186
54081187
54081188
54081189
54081190
54081191
54081192
54081193
54081194
54081195
54081196
54081197
54081198
54081199
54081200
54081201
54081202
54081203
