44901364
44901365
44901366
44901367
44901368
44901369
44901370
44901371
44901372
44901373
44901374
44901375
44901376
44901377
44901378
44896504
44896505
44896506
44896507
44896508
44896509
44896510
44896511
44896512
44896513
44896514
44896515
44896516
44896517
44896518
44896519
44896520
44896521
44896522
44896523
44896524
44896525
44896526
44896527
44896528
44896529
44896530
44896531
44896532
44896533
44896534
44896535
44896536
44896537
44896538
44896539
44896540
44896541
44896542
44896543
44896544
44896545
44896546
44896547
44896548
44896549
44896550
44896551
44896552
44896553
44896554
44896555
44896556
44896557
44896558
44896559
44896560
44896561
44896562
44896563
44896564
44896565
44896566
44896567
44896568
44896569
44896570
44896571
44896572
44896573
44896574
44896575
44896576
44896577
44896578
44896579
44896580
44896581
44896582
44896583
44896584
44896585
44896586
44896587
44896588
44896589
44896590
44896591
44896592
44896593
44896594
44896595
44896596
44896597
44896598
44896599
44896600
44896601
44896602
44896603
44896604
44896605
44896606
44896607
44896608
44896609
44896610
44896611
44896612
44896613
44896614
44896615
44896616
44896617
44896618
44896619
44896620
44896621
44896622
44896623
44896624
44896625
44896626
44896627
44896628
44896629
44896630
44890637
44890638
44890639
44890640
44890641
44890642
44890643
44890644
44890645
44890646
44890647
44890648
44890649
44890650
44890651
44890652
44890653
44890654
44890655
44890656
44890657
44890658
44890659
44890660
44890661
44890662
44890663
44890664
44890665
44890666
44890667
44890668
44890669
44890670
44890671
44890672
44890673
44890674
44890675
44890676
44890677
44890678
44890679
44890680
44890681
44890682
44890683
44890684
44890685
44890686
44890687
44890688
44890689
44890690
44890691
44890692
44890693
44890694
44890695
44890696
44890697
44890698
44890699
44890700
44890701
44890702
44890703
44890704
44890705
44890706
44890707
44890708
44890709
44890710
44890711
44890712
44890713
44890714
44890715
44890716
44890717
44890718
44890719
44890720
44890721
44890722
44890723
44890724
44890725
44890726
44890727
44890728
44890729
44890730
44890731
44890732
44890733
44890734
44890735
44890736
44890737
44890738
44890739
44890740
44890741
44890742
44890743
44890744
44890745
44890746
44890747
44890748
44890749
44890750
44890751
44890752
44890753
44890754
44890755
44890756
44890757
44890758
44890759
44890760
44890761
44890762
44890763
44890764
44890765
44890766
44890767
44890768
44890769
44890770
44890771
44890772
44890773
44890774
44890775
44890776
44890777
44890778
44890779
44890780
44890781
44890782
44890783
44890784
44890785
44890786
44890787
44890788
44890789
44890790
44890791
44890792
44890793
44890794
44890795
44890796
44890797
44890798
44890799
44890800
44890801
44890802
44890803
44890804
44890805
44890806
44890807
44890808
44890809
44890810
44890811
44890812
44890813
44890814
44890815
44890816
44890817
44890818
44890819
44890820
44890821
44890822
44890823
44890824
44890825
44890826
44890827
44890828
44890829
44890830
44890831
44890832
44890833
44890834
44890835
44890836
44890837
44890838
44890839
44890840
44890841
44890842
44890843
44890844
44890845
44890846
44890847
44890848
44890849
44890850
44890851
44890852
44890853
44890854
44890855
44890856
44890857
44890858
44890859
44890860
44890861
44890862
44890863
44890864
44890865
44890866
44890867
44890868
44890869
44890870
44890871
44890872
44890873
44890874
44890875
44890876
44890877
44890878
44890879
44890880
44890881
44890882
44890883
44890884
44890885
44890886
44890887
44890888
44890889
44890890
44890891
44890892
44890893
44890894
44890895
44890896
44890897
44890898
44890899
44890900
44890901
44890902
44890903
44890904
44890905
44890906
44890907
44890908
44890909
44890910
44890911
44890912
44890913
44890914
44890915
44890916
44890917
44890918
44890919
44890920
44890921
44890922
44890923
44890924
44890925
44890926
44890927
44890928
44890929
44890930
44890931
44890932
44890933
44890934
44890935
44890936
44890937
44890938
44890939
44890940
44890941
44890942
44890943
44890944
44890945
44890946
44890947
44890948
44890949
44890950
44890951
44890952
44890953
44890954
44890955
44890956
44890957
44890958
44890959
44890960
44890961
44890962
44890963
44890964
44890965
44890966
44890967
44890968
44890969
44890970
44890971
44890972
44890973
44890974
44890975
44890976
44890977
44890978
44890979
44890980
44890981
44890982
44890983
44890984
44890985
44890986
44890987
44890988
44890989
44890990
44890991
44890992
44890993
44890994
44890995
44890996
44890997
44890998
44890999
44891000
44891001
44891002
44891003
44891004
44891005
44891006
44891007
44891008
44891009
44891010
44891011
44891012
44891013
44891014
44891015
44891016
44891017
44891018
44891019
44891020
44891021
44891022
44891023
44891024
44891025
44891026
44891027
44891028
44891029
44891030
44891031
44891032
44891033
44891034
44891035
44891036
44891037
44891038
44891039
44891040
44891041
44891042
44891043
44891044
44891045
44891046
44891047
44891048
44891049
44891050
44891051
44891052
44891053
44891054
44891055
44891056
44891057
44891058
44891059
44891060
44891061
44891062
44891063
44891064
44891065
44891066
44891067
44891068
44891069
44891070
44891071
44891072
44891073
44891074
44891075
44891076
44891077
44891078
44891079
44891080
44891081
44891082
44891083
44891084
44891085
44891086
44891087
44891088
44891089
44891090
44891091
44891092
44891093
44891094
44891095
44891096
44891097
44891098
44891099
44891100
44891101
44891102
44891103
44891104
44891105
44891106
44891107
44891108
44891109
44891110
44891111
44891112
44891113
44891114
44891115
44891116
44891117
44891118
44891119
44891120
44891121
44891122
44891123
44891124
44891125
44891126
44891127
44891128
44891129
44891130
44891131
44891132
44891133
44891134
44891135
44891136
44891137
44891138
44891139
44891140
44891141
44891142
44891143
44891144
44891145
44891146
44891147
44891148
44891149
44891150
44891151
44891152
44891153
44891154
44891155
44891156
44891157
44891158
44891159
44891160
44891161
44891162
44891163
44891164
44891165
44891166
44891167
44891168
44891169
44891170
44891171
44891172
44891173
44891174
44891175
44891176
44891177
44891178
44891179
44891180
44891181
44891182
44891183
44891184
44891185
44891186
44891187
44891188
44891189
44891190
44891191
44891192
44891193
44891194
44891195
44891196
44891197
44891198
44891199
44891200
44891201
44891202
44891203
44891204
44891205
44891206
44891207
44891208
44891209
44891210
44891211
44891212
44891213
44891214
44891215
44891216
44891217
44891218
44891219
44891220
44891221
44891222
44891223
44891224
44891225
44891226
44891227
44891228
44891229
44891230
44891231
44891232
44891233
44891234
44891235
44891236
44891237
44891238
44891239
44891240
44891241
44891242
44891243
44891244
44891245
44891246
44891247
44891248
44891249
44891250
44891251
44891252
44891253
44891254
44891255
44891256
44891257
44891258
44891259
44891260
44891261
44891262
44891263
44891264
44891265
44891266
44891267
44891268
44891269
44891270
44891271
44891272
44891273
44891274
44891275
44891276
44891277
44891278
44891279
44891280
44891281
44891282
44891283
44891284
44891285
44891286
44891287
44891288
44891289
44891290
44891291
44891292
44891293
44891294
44891295
44891296
44891297
44891298
44891299
44891300
44891301
44891302
44891303
44891304
44891305
44891306
44891307
44891308
44891309
44891310
44891311
44891312
44891313
44891314
44891315
44891316
44891317
44891318
44891319
44891320
44891321
44891322
44891323
44891324
44891325
44891326
44891327
44891328
44891329
44891330
44891331
44891332
44891333
44891334
44891335
44891336
44891337
44891338
44891339
44891340
44891341
44891342
44891343
44891344
44891345
44891346
44891347
44891348
44891349
44891350
44891351
44891352
44891353
44891354
44891355
44891356
44891357
44891358
44891359
44891360
44891361
44891362
44891363
44891364
44891365
44891366
44891367
44891368
44891369
44891370
44891371
44891372
44891373
44891374
44891375
44891376
44891377
44891378
44891379
44891380
44891381
44891382
44891383
44891384
44891385
44891386
44891387
44891388
44891389
44891390
44891391
44891392
44891393
44891394
44891395
44891396
44891397
44891398
44891399
44891400
44891401
44891402
44891403
44891404
44891405
44891406
44891407
44891408
44891409
44891410
44891411
44891412
44891413
44891414
44891415
44891416
44891417
44891418
44891419
44891420
44891421
44891422
44891423
44891424
44891425
44891426
44891427
44891428
44891429
44891430
44891431
44891432
44891433
44891434
44891435
44891436
44891437
44891438
44891439
44891440
44891441
44891442
44891443
44891444
44891445
44891446
44891447
44891448
44891449
44891450
44891451
44891452
44891453
44891454
44891455
44891456
44891457
44891458
44891459
44891460
44891461
44891462
44891463
44891464
44891465
44891466
44891467
44891468
44891469
44891470
44891471
44891472
44891473
44891474
44891475
44891476
44891477
44891478
44891479
44891480
44891481
44891482
44891483
44891484
44891485
44891486
44891487
44891488
44891489
44891490
44891491
44891492
44891493
44891494
44891495
44891496
44891497
44891498
44891499
44891500
44891501
44891502
44891503
44891504
44891505
44891506
44891507
44891508
44891509
44891510
44891511
44891512
44891513
44891514
44891515
44891516
44891517
44891518
44891519
44891520
44891521
44891522
44891523
44891524
44891525
44891526
44891527
44891528
44891529
44891530
44891531
44891532
44891533
44891534
44891535
44891536
44891537
44891538
44891539
44891540
44891541
44891542
44891543
44891544
44891545
44891546
44891547
44891548
44891549
44891550
44891551
44891552
44891553
44891554
44891555
44891556
44891557
44891558
44891559
44891560
44891561
44891562
44891563
44891564
44891565
44891566
44891567
44891568
44891569
44891570
44891571
44891572
44891573
44891574
44891575
44891576
44891577
44891578
44891579
44891580
44891581
44891582
44891583
44891584
44891585
44891586
44891587
44891588
44891589
44891590
44891591
44891592
44891593
44891594
44891595
44891596
44891597
44891598
44891599
44891600
44891601
44891602
44891603
44891604
44891605
44891606
44891607
44891608
44891609
44891610
44891611
44891612
44891613
44891614
44891615
44891616
44891617
44891618
44891619
44891620
44891621
44891622
44891623
44891624
44891625
44891626
44891627
44891628
44891629
44891630
44891631
44891632
44891633
44891634
44891635
44891636
44891637
44891638
44891639
44891640
44891641
44891642
44891643
44891644
44891645
44891646
44891647
44891648
44891649
44891650
44891651
44891652
44891653
44891654
44891655
44891656
44891657
44891658
44891659
44891660
44891661
44891662
44891663
44891664
44891665
44891666
44891667
44891668
44891669
44891670
44891671
44891672
44891673
44891674
44891675
44891676
44891677
44891678
44891679
44891680
44891681
44891682
44891683
44891684
44891685
44891686
44891687
44891688
44891689
44891690
44891691
44891692
44891693
44891694
44891695
44891696
44891697
44891698
44891699
44891700
44891701
44891702
44891703
44891704
44891705
44891706
44891707
44891708
44891709
44891710
44891711
44891712
44891713
44891714
44891715
44891716
44891717
44891718
44891719
44891720
44891721
44891722
44891723
44891724
44891725
44891726
44891727
44891728
44891729
44891730
44891731
44891732
44891733
44891734
44891735
44891736
44891737
44891738
44891739
44891740
44891741
44891742
44891743
44891744
44891745
44891746
44891747
44891748
44891749
44891750
44891751
44891752
44891753
44891754
44891755
44891756
44891757
44891758
44891759
44891760
44891761
44891762
44891763
44891764
44891765
44891766
44891767
44891768
44891769
44891770
44891771
44891772
44891773
44891774
44891775
44891776
44891777
44891778
44891779
44891780
44891781
44891782
44891783
44891784
44891785
44891786
44891787
44891788
44891789
44891790
44891791
44891792
44891793
44891794
44891795
44891796
44891797
44891798
44891799
44891800
44891801
44891802
44891803
44891804
44891805
44891806
44891807
44891808
44891809
44891810
44891811
44891812
44891813
44891814
44891815
44891816
44891817
44891818
44891819
44891820
44891821
44891822
44891823
44891824
44891825
44891826
44891827
44891828
44891829
44891830
44891831
44891832
44891833
44891834
44891835
44891836
44891837
44891838
44891839
44891840
44891841
44891842
44891843
44891844
44891845
44891846
44891847
44891848
44891849
44891850
44891851
44891852
44891853
44891854
44891855
44891856
44891857
44891858
44891859
44891860
44891861
44891862
44891863
44891864
44891865
44891866
44891867
44891868
44891869
44891870
44891871
44891872
44891873
44891874
44891875
44891876
44891877
44891878
44891879
44891880
44891881
44891882
44891883
44891884
44891885
44891886
44891887
44891888
44891889
44891890
44891891
44891892
44891893
44891894
44891895
44891896
44891897
44891898
44891899
44891900
44891901
44891902
44891903
44891904
44891905
44891906
44891907
44891908
44891909
44891910
44891911
44891912
44891913
44891914
44891915
44891916
44891917
44891918
44891919
44891920
44891921
44891922
44891923
44891924
44891925
44891926
44891927
44891928
44891929
44891930
44891931
44891932
44891933
44891934
44891935
44891936
44891937
44891938
44891939
44891940
44891941
44891942
44891943
44891944
44891945
44891946
44891947
44891948
44891949
44891950
44891951
44891952
44891953
44891954
44891955
44891956
44891957
44891958
44891959
44891960
44891961
44891962
44891963
44891964
44891965
44891966
44891967
44891968
44891969
44891970
44891971
44891972
44891973
44891974
44891975
44891976
44891977
44891978
44891979
44891980
44891981
44891982
44891983
44891984
44891985
44891986
44891987
44891988
44891989
44891990
44891991
44891992
44891993
44891994
44891995
44891996
44891997
44891998
44891999
44892000
44892001
44892002
44892003
44892004
44892005
44892006
44892007
44892008
44892009
44892010
44892011
44892012
44892013
44892014
44892015
44892016
44892017
44892018
44892019
44892020
44892021
44892022
44892023
44892024
44892025
44892026
44892027
44892028
44892029
44892030
44892031
44892032
44892033
44892034
44892035
44892036
44892037
44892038
44892039
44892040
44892041
44892042
44892043
44892044
44892045
44892046
44892047
44892048
44892049
44892050
44892051
44892052
44892053
44892054
44892055
44892056
44892057
44892058
44892059
44892060
44892061
44892062
44892063
44892064
44892065
44892066
44892067
44892068
44892069
44892070
44892071
44892072
44892073
44892074
44892075
44892076
44892077
44892078
44892079
44892080
44892081
44892082
44892083
44892084
44892085
44892086
44892087
44892088
44892089
44892090
44892091
44892092
44892093
44892094
44892095
44892096
44892097
44892098
44892099
44892100
44892101
44892102
44892103
44892104
44892105
44892106
44892107
44892108
44892109
44892110
44892111
44892112
44892113
44892114
44892115
44892116
44892117
44892118
44892119
44892120
44892121
44892122
44892123
44892124
44892125
44892126
44892127
44892128
44892129
44892130
44892131
44892132
44892133
44892134
44892135
44892136
44892137
44892138
44892139
44892140
44892141
44892142
44892143
44892144
44892145
44892146
44892147
44892148
44892149
44892150
44892151
44892152
44892153
44892154
44892155
44892156
44892157
44892158
44892159
44892160
44892161
44892162
44892163
44892164
44892165
44892166
44892167
44892168
44892169
44892170
44892171
44892172
44892173
44892174
44892175
44892176
44892177
44892178
44892179
44892180
44892181
44892182
44892183
44892184
44892185
44892186
44892187
44892188
44892189
44892190
44892191
44892192
44892193
44892194
44892195
44892196
44892197
44892198
44892199
44892200
44892201
44892202
44892203
44892204
44892205
44892206
44892207
44892208
44892209
44892210
44892211
44892212
44892213
44892214
44892215
44892216
44892217
44892218
44892219
44892220
44892221
44892222
44892223
44892224
44892225
44892226
44892227
44892228
44892229
44892230
44892231
44892232
44892233
44892234
44892235
44892236
44892237
44892238
44892239
44892240
44892241
44892242
44892243
44892244
44892245
44892246
44892247
44892248
44892249
44892250
44892251
44892252
44892253
44892254
44892255
44892256
44892257
44892258
44892259
44892260
44892261
44892262
44892263
44892264
44946998
44946999
44947000
44947001
44947002
44947003
44947004
44947005
44947006
44947007
44947008
44947009
44947010
44947011
44947012
44947013
44947014
44947015
44947016
44947017
44947018
44947019
44947020
44947021
44947022
44947023
44947024
44947025
44947026
44947027
44947028
44947029
44947030
44947031
44946747
44946748
44946749
44946750
44946751
44946752
44946753
44946754
44946755
44946756
44946757
44946758
44946759
44946760
44946761
44946762
44946763
44946764
44946765
44946766
44946767
44946768
44946769
44946770
44946771
44946772
44946773
44946774
44946775
44946776
44946777
44946778
44946779
44946780
44946781
44946782
44946783
44946784
44946785
44946786
44946787
44946788
44946789
44946790
44946791
44946792
44946793
44946794
44946795
44946796
44946797
44946798
44946799
44946800
44946801
44946802
44946803
44946804
44946805
44936397
44936398
44936399
44936400
44936401
44936402
44936403
44936404
44936405
44936406
44936407
44936408
44936409
44936410
44936411
44936412
44936413
44936414
44936415
44936416
44936417
44936418
44936419
44936420
44936421
44936422
44936423
44936424
44936425
44936426
44936427
44936428
44936429
44936430
44936431
44936432
44936433
44936434
44936435
44936436
44936437
44936438
44936439
44936440
44936441
44936442
44936443
44936444
44936445
44936446
44936447
44936448
44936449
44936450
44936451
44936452
44936453
44936454
44936455
44936456
44936457
44936458
44936459
44936460
44936461
44936462
44936463
44936464
44936465
44936466
44936467
44936468
44936469
44936470
44936471
44936472
44936473
44936474
44936475
44936476
44936477
44936478
44936479
44936480
44936481
44936482
44936483
44936484
44936485
44936486
44936487
44936488
44936489
44936490
44936491
44936492
44936493
44936494
44936495
44936496
44936497
44936498
44936499
44936500
44936501
44936502
44936503
44936504
44936505
44936506
44936507
44936508
44936509
44936510
44936511
44936512
44936513
44936514
44936515
44936516
44936517
44936518
44936519
44936520
44936521
44936522
44936523
44936524
44936525
44936526
44936527
44936528
44936529
44936530
44936531
44936532
44936533
44936534
44936535
44936536
44936537
44936538
44936539
44936540
44936541
44932481
44932482
44932483
44932484
44932485
44932486
44932487
44932488
44932489
44932490
44932491
44932492
44932493
44932494
44932495
44932496
44932497
44932498
44932499
44932500
44932501
44932502
44932503
44932504
44932505
44932506
44932507
44932508
44932509
44932510
44932511
44932512
44932513
44932514
44932515
44932516
44932517
44932518
44932519
44932520
44932521
44932522
44932523
44932524
44932525
44932526
44932527
44932528
44932529
44932530
44932531
44932532
44932533
44932534
44932535
44932536
44932537
44932538
44932539
44932540
44932541
44932542
44932543
44932544
44932545
44932546
44932547
44932548
44932549
44932550
44932551
44932552
44932553
44932554
44932555
44932556
44932557
44932558
44932559
44932560
44932561
44932562
44932563
44932564
44932565
44932566
44932567
44932568
44932569
44932570
44932571
44932572
44932573
44932574
44932575
44932576
44932577
44932578
44932579
44932580
44932581
44932582
44932583
44932584
44932585
44932586
44932587
44932588
44932589
44932590
44932591
44932592
44932593
44932594
44932595
44932596
44932597
44932598
44932599
44932600
44932601
44932602
44932603
44932604
44932605
44932606
44932607
44932608
44932609
44932610
44932611
44932612
44932613
44932614
44932615
44932616
44932617
44932618
44932619
44932620
44932621
44932622
44932623
44932624
44932625
44932626
44932627
44932628
44932629
44932630
44932631
44932632
44932633
44932634
44932635
44932636
44932637
44932638
44932639
44932640
44932641
44932642
44932643
44932644
44932645
44932646
44932647
44932648
44932649
44932650
44932651
44932652
44932653
44932654
44932655
44932656
44932657
44932658
44932659
44932660
44932661
44932662
44932663
44932664
44932665
44932666
44932667
44932668
44932669
44932670
44932671
44932672
44932673
44932674
44932675
44932676
44932677
44932678
44932679
44932680
44932681
44932682
44932683
44932684
44932685
44932686
44932687
44932688
44932689
44932690
44932691
44932692
44932693
44932694
44932695
44932696
44932697
44932698
44932699
44932700
44932701
44932702
44932703
44932704
44932705
44932706
44932707
44932708
44932709
44932710
44932711
44932712
44932713
44932714
44932715
44932716
44932717
44932718
44932719
44932720
44932721
44932722
44932723
44932724
44932725
44932726
44932727
44932728
44932729
44932730
44932731
44932732
44932733
44932734
44932735
44932736
44932737
44932738
44932739
44932740
44932741
44932742
44932743
44932744
44932745
44932746
44932747
44932748
44932749
44932750
44932751
44932752
44932753
44932754
44932755
44932756
44932757
44932758
44932759
44932760
44932761
44932762
44932763
44932764
44932765
44932766
44932767
44932768
44932769
44932770
44932771
44932772
44932773
44932774
44932775
44932776
44932777
44932778
44932779
44932780
44932781
44932782
44932783
44932784
44932785
44932786
44932787
44932788
44932789
44932790
44932791
44932792
44932793
44932794
44932795
44932796
44932797
44932798
44932799
44932800
44932801
44932802
44932803
44932804
44932805
44932806
44932807
44932808
44932809
44932810
44932811
44932812
44932813
44932814
44932815
44932816
44932817
44932818
44932819
44932820
44932821
44932822
44932823
44932824
44932825
44932826
44932827
44932828
44932829
44932830
44932831
44932832
44932833
44932834
44932835
44932836
44932837
44932838
44932839
44932840
44932841
44932842
44932843
44932844
44932845
44932846
44932847
44932848
44932849
44932850
44932851
44932852
44932853
44932854
44932855
44932856
44932857
44932858
44932859
44932860
44932861
44932862
44932863
44932864
44932865
44932866
44932867
44932868
44932869
44932870
44932871
44932872
44932873
44932874
44932875
44932876
44932877
44932878
44932879
44932880
44932881
44932882
44932883
44932884
44932885
44932886
44932887
44932888
44932889
44932890
44932891
44932892
44932893
44932894
44932895
44932896
44932897
44932898
44932899
44932900
44932901
44932902
44932903
44932904
44932905
44932906
44932907
44932908
44932909
44932910
44932911
44932912
44932913
44932914
44932915
44932916
44932917
44932918
44932919
44932920
44932921
44932922
44932923
44932924
44932925
44932926
44932927
44932928
44932929
44932930
44932931
44932932
44932933
44932934
44932935
44932936
44932937
44932938
44932939
44932940
44932941
44932942
44932943
44932944
44932945
44932946
44932947
44932948
44932949
44932950
44932951
44932952
44932953
44932954
44932955
44932956
44932957
44932958
44932959
44932960
44932961
44932962
44932963
44932964
44932965
44932966
44932967
44932968
44932969
44932970
44932971
44932972
44932973
44932974
44932975
44932976
44932977
44932978
44932979
44932980
44932981
44932982
44932983
44932984
44932985
44932986
44932987
44932988
44932989
44932990
44932991
44932992
44932993
44932994
44932995
44932996
44932997
44932998
44932999
44933000
44933001
44933002
44933003
44933004
44933005
44933006
44933007
44933008
44933009
44933010
44933011
44933012
44933013
44933014
44933015
44933016
44933017
44933018
44933019
44933020
44933021
44933022
44933023
44933024
44933025
44933026
44933027
44933028
44933029
44933030
44933031
44933032
44933033
44933034
44933035
44933036
44933037
44933038
44933039
44933040
44933041
44933042
44933043
44933044
44933045
44933046
44933047
44933048
44933049
44933050
44933051
44933052
44933053
44933054
44933055
44933056
44933057
44933058
44933059
44933060
44933061
44933062
44933063
44933064
44933065
44933066
44933067
44933068
44933069
44933070
44933071
44933072
44933073
44933074
44933075
44933076
44933077
44933078
44933079
44933080
44933081
44933082
44933083
44933084
44933085
44933086
44933087
44933088
44933089
44933090
44933091
44933092
44933093
44933094
44933095
44933096
44933097
44933098
44933099
44933100
44933101
44933102
44933103
44933104
44933105
44933106
44933107
44933108
44933109
44933110
44933111
44933112
44933113
44933114
44933115
44933116
44933117
44933118
44933119
44933120
44933121
44933122
44933123
44933124
44933125
44933126
44933127
44933128
44933129
44933130
44933131
44933132
44933133
44933134
44933135
44933136
44933137
44933138
44933139
44933140
44933141
44933142
44933143
44933144
44933145
44933146
44933147
44933148
44933149
44933150
44933151
44933152
44933153
44933154
44933155
44933156
44933157
44933158
44933159
44933160
44933161
44933162
44933163
44933164
44933165
44933166
44933167
44933168
44933169
44933170
44933171
44933172
44933173
44933174
44933175
44933176
44933177
44933178
44933179
44933180
44933181
44933182
44933183
44933184
44933185
44933186
44933187
44933188
44933189
44933190
44933191
44933192
44933193
44933194
44933195
44933196
44933197
44933198
44933199
44933200
44933201
44933202
44933203
44933204
44933205
44933206
44933207
44933208
44933209
44933210
44933211
44933212
44933213
44933214
44933215
44933216
44933217
44933218
44933219
44933220
44933221
44933222
44933223
44933224
44933225
44933226
44933227
44933228
44933229
44933230
44933231
44933232
44933233
44933234
44933235
44933236
44933237
44933238
44933239
44933240
44933241
44933242
44933243
44933244
44933245
44933246
44933247
44933248
44933249
44933250
44933251
44933252
44933253
44933254
44933255
44933256
44933257
44933258
44933259
44933260
44933261
44933262
44933263
44933264
44933265
44933266
44933267
44933268
44933269
44933270
44933271
44933272
44933273
44933274
44933275
44933276
44933277
44933278
44933279
44933280
44933281
44933282
44933283
44933284
44933285
44933286
44933287
44933288
44933289
44933290
44933291
44933292
44933293
44933294
44933295
44933296
44933297
44933298
44933299
44933300
44933301
44933302
44933303
44933304
44933305
44933306
44933307
44933308
44933309
44933310
44933311
44933312
44933313
44933314
44933315
44933316
44933317
44933318
44933319
44933320
44933321
44933322
44933323
44933324
44933325
44933326
44933327
44933328
44933329
44933330
44933331
44933332
44933333
44933334
44933335
44933336
44933337
44933338
44933339
44933340
44933341
44933342
44933343
44933344
44933345
44933346
44933347
44933348
44933349
44933350
44933351
44933352
44933353
44933354
44933355
44933356
44933357
44933358
44933359
44933360
44933361
44933362
44933363
44933364
44933365
44933366
44933367
44933368
44933369
44933370
44933371
44933372
44933373
44933374
44933375
44933376
44933377
44933378
44933379
44933380
44933381
44933382
44933383
44933384
44933385
44933386
44933387
44933388
44933389
44933390
44933391
44933392
44933393
44933394
44933395
44933396
44933397
44933398
44933399
44933400
44933401
44933402
44933403
44933404
44933405
44933406
44933407
44933408
44933409
44933410
44933411
44933412
44933413
44933414
44933415
44933416
44933417
44933418
44933419
44933420
44933421
44933422
44933423
44933424
44933425
44933426
44933427
44933428
44933429
44933430
44933431
44933432
44933433
44933434
44933435
44933436
44933437
44933438
44933439
44933440
44933441
44933442
44933443
44933444
44933445
44933446
44933447
44933448
44933449
44933450
44933451
44933452
44933453
44933454
44933455
44933456
44933457
44933458
44933459
44933460
44933461
44933462
44933463
44933464
44933465
44933466
44933467
44933468
44933469
44933470
44933471
44933472
44933473
44933474
44933475
44933476
44933477
44933478
44933479
44933480
44933481
44933482
44933483
44933484
44933485
44933486
44933487
44933488
44933489
44933490
44933491
44933492
44933493
44933494
44933495
44933496
44933497
44933498
44933499
44933500
44933501
44933502
44933503
44933504
44933505
44933506
44933507
44933508
44933509
44933510
44933511
44933512
44933513
44933514
44933515
44933516
44933517
44933518
44933519
44933520
44933521
44933522
44933523
44933524
44933525
44933526
44933527
44933528
44933529
44933530
44933531
44933532
44933533
44933534
44933535
44933536
44933537
44933538
44933539
44933540
44933541
44933542
44933543
44933544
44933545
44933546
44933547
44933548
44933549
44933550
44933551
44933552
44933553
44933554
44933555
44933556
44933557
44933558
44933559
44933560
44933561
44933562
44933563
44933564
44933565
44933566
44933567
44933568
44933569
44933570
44933571
44933572
44933573
44933574
44933575
44933576
44933577
44933578
44933579
44933580
44933581
44933582
44933583
44933584
44933585
44933586
44933587
44933588
44933589
44933590
44933591
44933592
44933593
44933594
44933595
44933596
44933597
44933598
44933599
44933600
44933601
44933602
44933603
44933604
44933605
44933606
44933607
44933608
44933609
44933610
44933611
44933612
44933613
44933614
44933615
44933616
44933617
44933618
44933619
44933620
44933621
44933622
44933623
44933624
44933625
44933626
44933627
44933628
44933629
44933630
44933631
44933632
44933633
44933634
44933635
44933636
44933637
44933638
44933639
44933640
44933641
44933642
44933643
44933644
44933645
44933646
44933647
44933648
44933649
44933650
44933651
44933652
44933653
44933654
44933655
44933656
44933657
44933658
44933659
44933660
44933661
44933662
44933663
44933664
44933665
44933666
44933667
44933668
44933669
44933670
44933671
44933672
44933673
44933674
44933675
44933676
44933677
44933678
44933679
44933680
44933681
44933682
44933683
44933684
44933685
44933686
44933687
44933688
44933689
44933690
44933691
44933692
44933693
44933694
44933695
44933696
44933697
44933698
44933699
44933700
44933701
44933702
44933703
44933704
44933705
44933706
44933707
44933708
44933709
44933710
44933711
44933712
44933713
44933714
44933715
44933716
44933717
44933718
44933719
44933720
44933721
44933722
44933723
44933724
44933725
44933726
44933727
44933728
44933729
44933730
44933731
44933732
44933733
44933734
44933735
44933736
44933737
44933738
44933739
44933740
44933741
44933742
44933743
44933744
44933745
44933746
44933747
44933748
44933749
44933750
44933751
44933752
44933753
44933754
44933755
44933756
44933757
44933758
44933759
44933760
44933761
44933762
44933763
44933764
44933765
44933766
44933767
44933768
44933769
44933770
44933771
44933772
44933773
44933774
44933775
44933776
44933777
44933778
44933779
44933780
44933781
44933782
44933783
44933784
44933785
44933786
44933787
44933788
44933789
44933790
44933791
44933792
44933793
44933794
44933795
44933796
44933797
44933798
44933799
44933800
44933801
44933802
44933803
44933804
44933805
44933806
44933807
44933808
44933809
44933810
44933811
44933812
44933813
44933814
44933815
44933816
44933817
44933818
44933819
44933820
44933821
44933822
44933823
44933824
44933825
44933826
44933827
44933828
44933829
44933830
44933831
44933832
44933833
44933834
44933835
44933836
44933837
44933838
44933839
44933840
44933841
44933842
44933843
44933844
44933845
44933846
44933847
44933848
44933849
44933850
44933851
44933852
44933853
44933854
44933855
44933856
44933857
44933858
44933859
44933860
44933861
44933862
44933863
44933864
44933865
44933866
44933867
44933868
44933869
44933870
44933871
44933872
44933873
44933874
44933875
44933876
44933877
44933878
44933879
44933880
44933881
44933882
44933883
44933884
44933885
44933886
44933887
44933888
44933889
44933890
44933891
44933892
44933893
44933894
44933895
44933896
44933897
44933898
44933899
44933900
44933901
44933902
44933903
44933904
44933905
44933906
44933907
44933908
44933909
44933910
44933911
44933912
44933913
44933914
44933915
44933916
44933917
44933918
44933919
44933920
44933921
44933922
44933923
44933924
44933925
44933926
44933927
44933928
44933929
44933930
44933931
44933932
44933933
44933934
44933935
44933936
44933937
44933938
44933939
44933940
44933941
44933942
44933943
44933944
44933945
44933946
44933947
44933948
44933949
44933950
44933951
44933952
44933953
44933954
44933955
44933956
44933957
44933958
44933959
44933960
44933961
44933962
44933963
44933964
44933965
44933966
44933967
44933968
44933969
44933970
44933971
44933972
44933973
44933974
44933975
44933976
44933977
44933978
44933979
44933980
44933981
44933982
44933983
44933984
44933985
44933986
44933987
44933988
44933989
44933990
44933991
44933992
44933993
44933994
44933995
44933996
44933997
44933998
44933999
44934000
44934001
44934002
44934003
44934004
44934005
44934006
44934007
44934008
44934009
44934010
44934011
44934012
44934013
44934014
44934015
44934016
44934017
44934018
44934019
44934020
44934021
44934022
44934023
44934024
44934025
44934026
44934027
44934028
44934029
44934030
44934031
44934032
44934033
44934034
44934035
44934036
44934037
44934038
44934039
44934040
44934041
44934042
44934043
44934044
44934045
44934046
44934047
44934048
44934049
44934050
44934051
44934052
44934053
44934054
44934055
44934056
44934057
44934058
44934059
44934060
44934061
44934062
44934063
44934064
44934065
44934066
44934067
44934068
44934069
44934070
44934071
44934072
44934073
44934074
44934075
44934076
44934077
44934078
44934079
44934080
44934081
44934082
44934083
44934084
44934085
44934086
44934087
44934088
44934089
44934090
44934091
44934092
44934093
44934094
44934095
44934096
44934097
44934098
44934099
44934100
44934101
44934102
44934103
44934104
44934105
44934106
44934107
44934108
44934109
44934110
44934111
44934112
44934113
44934114
44934115
44934116
44934117
44934118
44934119
44934120
44934121
44934122
44934123
44934124
44934125
44934126
44934127
44934128
44934129
44934130
44934131
44934132
44934133
44934134
44934135
44934136
44934137
44934138
44934139
44934140
44934141
44934142
44934143
44934144
44934145
44934146
44934147
44934148
44934149
44934150
44934151
44934152
44934153
44934154
44934155
44934156
44934157
44934158
44934159
44934160
44934161
44934162
44934163
44934164
44934165
44934166
44934167
44934168
44934169
44934170
44934171
44934172
44934173
44934174
44934175
44934176
44934177
44934178
44934179
44934180
44934181
44934182
44934183
44934184
44934185
44934186
44934187
44934188
44934189
44934190
44934191
44934192
44934193
44934194
44934195
44934196
44934197
44934198
44934199
44934200
44934201
44934202
44934203
44934204
44934205
44934206
44934207
44934208
44934209
44934210
44934211
44934212
44934213
44934214
44934215
44934216
44934217
44934218
44934219
44934220
44934221
44934222
44934223
44934224
44934225
44934226
44934227
44934228
44934229
44934230
44934231
44934232
44934233
44934234
44934235
44934236
44934237
44934238
44934239
44934240
44934241
44934242
44934243
44934244
44934245
44934246
44934247
44934248
44934249
44934250
44934251
44934252
44934253
44934254
44934255
44934256
44934257
44934258
44934259
44934260
44934261
44934262
44934263
44934264
44934265
44934266
44934267
44934268
44934269
44934270
44934271
44934272
44934273
44934274
44934275
44934276
44934277
44934278
44934279
44934280
44934281
44934282
44934283
44934284
44934285
44934286
44934287
44934288
44934289
44934290
44934291
44934292
44934293
44934294
44934295
44934296
44934297
44934298
44934299
44934300
44934301
44934302
44934303
44934304
44934305
44934306
44934307
44934308
44934309
44934310
44934311
44934312
44934313
44934314
44934315
44934316
44934317
44934318
44934319
44934320
44934321
44934322
44934323
44934324
44934325
44934326
44934327
44934328
44934329
44934330
44934331
44934332
44934333
44934334
44934335
44934336
44934337
44934338
44934339
44934340
44934341
44934342
44934343
44934344
44934345
44934346
44934347
44934348
44934349
44934350
44934351
44934352
44934353
44934354
44934355
44934356
44934357
44934358
44934359
44934360
44934361
44934362
44934363
44934364
44934365
44934366
44934367
44934368
44934369
44934370
44934371
44934372
44934373
44934374
44934375
44934376
44934377
44934378
44934379
44934380
44934381
44934382
44934383
44934384
44934385
44934386
44934387
44934388
44934389
44934390
44934391
44934392
44934393
44934394
44934395
44934396
44934397
44934398
44934399
44934400
44934401
44934402
44934403
44934404
44934405
44934406
44934407
44934408
44934409
44934410
44934411
44934412
44934413
44934414
44934415
44934416
44934417
44934418
44934419
44934420
44934421
44934422
44934423
44934424
44934425
44934426
44934427
44934428
44934429
44934430
44934431
44934432
44934433
44934434
44934435
44934436
44934437
44934438
44934439
44934440
44934441
44934442
44934443
44934444
44934445
44934446
44934447
44934448
44934449
44934450
44934451
44934452
44934453
44934454
44934455
44934456
44934457
44934458
44934459
44934460
44934461
44934462
44934463
44934464
44934465
44934466
44934467
44934468
44934469
44934470
44934471
44934472
44934473
44934474
44934475
44934476
44934477
44934478
44934479
44934480
44934481
44934482
44934483
44934484
44934485
44934486
44934487
44934488
44934489
44934490
44934491
44934492
44934493
44934494
44934495
44934496
44934497
44934498
44934499
44934500
44934501
44934502
44934503
44934504
44934505
44934506
44934507
44934508
44934509
44934510
44934511
44934512
44934513
44934514
44934515
44934516
44934517
44934518
44934519
44934520
44934521
44934522
44934523
44934524
44934525
44934526
44934527
44934528
44934529
44934530
44934531
44934532
44934533
44934534
44934535
44934536
44934537
44934538
44934539
44934540
44934541
44934542
44934543
44934544
44934545
44934546
44934547
44934548
44934549
44934550
44934551
44934552
44934553
44934554
44934555
44934556
44934557
44934558
44934559
44934560
44934561
44934562
44934563
44934564
44934565
44934566
44934567
44934568
44934569
44934570
44934571
44934572
44934573
44934574
44934575
44934576
44934577
44934578
44934579
44934580
44934581
44934582
44934583
44934584
44934585
44934586
44934587
44934588
44934589
44934590
44934591
44934592
44934593
44934594
44934595
44934596
44934597
44934598
44934599
44934600
44934601
44934602
44934603
44934604
44934605
44934606
44934607
44934608
44934609
44934610
44934611
44934612
44934613
44934614
44934615
44934616
44934617
44934618
44934619
44934620
44934621
44934622
44934623
44934624
44934625
44934626
44934627
44934628
44934629
44934630
44934631
44934632
44934633
44934634
44934635
44934636
44934637
44934638
44934639
44934640
44934641
44934642
44934643
44934644
44934645
44934646
44934647
44934648
44934649
44934650
44934651
44934652
44934653
44934654
44934655
44934656
44934657
44934658
44934659
44934660
44934661
44934662
44934663
44934664
44934665
44934666
44934667
44934668
44934669
44934670
44934671
44934672
44934673
44934674
44934675
44934676
44934677
44934678
44934679
44934680
44934681
44934682
44934683
44934684
44934685
44934686
44934687
44934688
44934689
44934690
44934691
44934692
44934693
44934694
44934695
44934696
44934697
44934698
44934699
44934700
44934701
44934702
44934703
44934704
44934705
44934706
44934707
44934708
44934709
44934710
44934711
44934712
44934713
44934714
44934715
44934716
44934717
45004250
45004251
45004252
45004253
45004254
45004255
45004256
45004257
45004258
45004259
45004260
45004261
45004262
45004263
45004264
45004265
45004266
45004267
45004268
45004269
45004270
45004271
45004272
45004273
45004274
45004275
45004276
45004277
45004278
45004279
45004280
45004281
45004282
45004283
45004284
45004285
45004286
45004287
45004288
45004289
45004290
45004291
45004292
45001336
45001337
45001338
45001339
45001340
45001341
45001342
45001343
45001344
45001345
45001346
45001347
45001348
45001349
45001350
45001351
45001352
45001353
45001354
45001355
45001356
45001357
45001358
45001359
45001360
45001361
45001362
45001363
45001364
45001365
45001366
45001367
45001368
45001369
45001370
45001371
45001372
45001373
45001374
45001375
45001376
45001377
45001378
45001379
45001380
45001381
45001382
45001383
45001384
45001385
45001386
45001387
45001388
45001389
45001390
45001391
45001392
45001393
45001394
45001395
45001396
45001397
45001398
45001399
45001400
45001401
45001402
45001403
45001404
45001405
45001406
45001407
45001408
45001409
45001410
45001411
45001412
45001413
45001414
45001415
45001416
45001417
45001418
45001419
45001420
45001421
45001422
45001423
45001424
44988572
44988573
44988574
44988575
44988576
44988577
44988578
44988579
44988580
44988581
44988582
44988583
44988584
44988585
44988586
44988587
44988588
44988589
44988590
44988591
44988592
44988593
44988594
44988595
44988596
44988597
44988598
44988599
44988600
44988601
44988602
44988603
44988604
44988605
44988606
44988607
44988608
44988609
44988610
44988611
44988612
44988613
44988614
44988615
44988616
44988617
44988618
44988619
44988620
44988621
44988622
44988623
44988624
44988625
44988626
44988627
44988628
44988629
44988630
44988631
44988632
44988633
44988634
44988635
44988636
44988637
44988638
44988639
44988640
44988641
44988642
44988643
44988644
44988645
44988646
44983500
44983501
44983502
44983503
44983504
44983505
44983506
44983507
44983508
44983509
44983510
44983511
44983512
44983513
44983514
44983515
44983516
44983517
44983518
44983519
44983520
44983521
44983522
44983523
44983524
44983525
44983526
44983527
44983528
44983529
44983530
44983531
44983532
44983533
44983534
44983535
44983536
44983537
44983538
44983539
44983540
44983541
44983542
44983543
44983544
44983545
44983546
44983547
44983548
44983549
44983550
44983551
44983552
44983553
44983554
44983555
44983556
44983557
44983558
44983559
44983560
44983561
44983562
44983563
44983564
44983565
44983566
44983567
44983568
44983569
44983570
44983571
44983572
44983573
44983574
44983575
44983576
44983577
44983578
44983579
44983580
44983581
44983582
44983583
44983584
44983585
44983586
44983587
44983588
44983589
44983590
44983591
44983592
44983593
44983594
44983595
44983596
44983597
44983598
44983599
44983600
44983601
44983602
44983603
44983604
44983605
44983606
44983607
44983608
44983609
44983610
44983611
44983612
44983613
44983614
44983615
44983616
44983617
44983618
44983619
44983620
44983621
44983622
44983623
44983624
44983625
44983626
44980622
44980623
44980624
44980625
44980626
44980627
44980628
44980629
44980630
44980631
44980632
44980633
44980634
44980635
44980636
44980637
44980638
44980639
44980640
44980641
44980642
44980643
44980644
44980645
44980646
44980647
44980648
44980649
44980650
44980651
44980652
44980653
44980654
44980655
44980656
44980657
44980658
44980659
44980660
44980661
44980662
44980663
44980664
44980665
44980666
44980667
44980668
44980669
44980670
44980671
44980672
44980673
44980674
44980675
44980676
44980677
44980678
44980679
44980680
44980681
44980682
44980683
44980684
44980685
44980686
44980687
44980688
44980689
44980690
44980691
44980692
44980693
44980694
44980695
44980696
44980697
44980698
44980699
44980700
44980701
44980702
44980703
44980704
44980705
44980706
44980707
44980708
44980709
44980710
44980711
44980712
44980713
44980714
44980715
44980716
44980717
44980718
44980719
44980720
44980721
44980722
44980723
44980724
44980725
44980726
44980727
44980728
44980729
44980730
44980731
44980732
44980733
44980734
44980735
44980736
44980737
44980738
44980739
44980740
44980741
44980742
44980743
44980744
44980745
44980746
44980747
44980748
44980749
44980750
44980751
44980752
44980753
44980754
44980755
44980756
44980757
44980758
44980759
44980760
44980761
44980762
44980763
44980764
44980765
44980766
44980767
44980768
44980769
44980770
44980771
44980772
44980773
44980774
44980775
44980776
44980777
44980778
44980779
44980780
44980781
44980782
44980783
44980784
44980785
44980786
44980787
44980788
44980789
44980790
44980791
44980792
44980793
44980794
44980795
44980796
44980797
44980798
44980799
44980800
44980801
44980802
44980803
44980804
44980805
44980806
44980807
44980808
44980809
44980810
44980811
44980812
44980813
44980814
44980815
44980816
44980817
44980818
44980819
44980820
44980821
44980822
44980823
44980824
44980825
44980826
44980827
44980828
44980829
44980830
44980831
44980832
44980833
44980834
44980835
44980836
44980837
44980838
44980839
44980840
44980841
44980842
44980843
44980844
44980845
44980846
44980847
44980848
44980849
44980850
44980851
44980852
44980853
44980854
44980855
44980856
44980857
44980858
44980859
44980860
44980861
44980862
44980863
44980864
44980865
44980866
44980867
44980868
44980869
44980870
44980871
44980872
44980873
44980874
44980875
44980876
44980877
44980878
44980879
44980880
44980881
44980882
44980883
44980884
44980885
44980886
44980887
44980888
44980889
44980890
44980891
44980892
44980893
44980894
44980895
44980896
44980897
44980898
44980899
44980900
44980901
44980902
44980903
44980904
44980905
44980906
44980907
44980908
44980909
44980910
44980911
44980912
44980913
44980914
44980915
44980916
44980917
44980918
44980919
44980920
44980921
44980922
44980923
44980924
44980925
44980926
44980927
44980928
44980929
44980930
44980931
44980932
44980933
44980934
44980935
44980936
44980937
44980938
44980939
44980940
44980941
44980942
44980943
44980944
44980945
44980946
44980947
44980948
44980949
44980950
44980951
44980952
44980953
44980954
44980955
44980956
44980957
44980958
44980959
44980960
44980961
44980962
44980963
44980964
44980965
44980966
44980967
44980968
44980969
44980970
44980971
44980972
44980973
44980974
44980975
44980976
44980977
44980978
44980979
44980980
44980981
44980982
44980983
44980984
44980985
44980986
44980987
44980988
44980989
44980990
44980991
44980992
44980993
44980994
44980995
44980996
44980997
44980998
44980999
44981000
44981001
44981002
44981003
44981004
44981005
44981006
44981007
44981008
44981009
44981010
44981011
44981012
44981013
44981014
44981015
44981016
44981017
44981018
44981019
44981020
44981021
44981022
44981023
44981024
44981025
44981026
44981027
44981028
44981029
44981030
44981031
44981032
44981033
44981034
44981035
44981036
44981037
44981038
44981039
44981040
44981041
44981042
44981043
44981044
44981045
44981046
44981047
44981048
44981049
44981050
44981051
44981052
44981053
44981054
44981055
44981056
44981057
44981058
44981059
44981060
44981061
44981062
44981063
44981064
44981065
44981066
44981067
44981068
44981069
44981070
44981071
44981072
44981073
44981074
44981075
44981076
44981077
44981078
44981079
44981080
44981081
44981082
44981083
44981084
44981085
44981086
44981087
44981088
44981089
44981090
44981091
44981092
44981093
44981094
44981095
44981096
44981097
44981098
44981099
44981100
44981101
44981102
44981103
44981104
44981105
44981106
44981107
44981108
44981109
44981110
44981111
44981112
44981113
44981114
44981115
44981116
44981117
44981118
44981119
44981120
44981121
44981122
44981123
44981124
44981125
44981126
44981127
44981128
44981129
44981130
44981131
44981132
44981133
44981134
44981135
44981136
44981137
44981138
44981139
44981140
44981141
44981142
44981143
44981144
44981145
44981146
44981147
44981148
44981149
44981150
44981151
44981152
44981153
44981154
44981155
44981156
44981157
44981158
44981159
44981160
44981161
44981162
44981163
44981164
44981165
44981166
44981167
44981168
44981169
44981170
44981171
44981172
44981173
44981174
44981175
44981176
44981177
44981178
44981179
44981180
44981181
44981182
44981183
44981184
44981185
44981186
44981187
44981188
44981189
44981190
44981191
44981192
44981193
44981194
44981195
44981196
44981197
44981198
44981199
44981200
44981201
44981202
44981203
44981204
44981205
44981206
44981207
44981208
44981209
44981210
44981211
44981212
44981213
44981214
44981215
44981216
44981217
44981218
44981219
44981220
44981221
44981222
44981223
44981224
44981225
44981226
44981227
44981228
44981229
44981230
44981231
44981232
44981233
44981234
44981235
44981236
44981237
44981238
44981239
44981240
44981241
44981242
44981243
44981244
44981245
44981246
44981247
44981248
44981249
44981250
44981251
44981252
44981253
44981254
44981255
44981256
44981257
44981258
44981259
44981260
44981261
44981262
44981263
44981264
44981265
44981266
44981267
44981268
44981269
44981270
44981271
44981272
44981273
44981274
44981275
44981276
44981277
44981278
44981279
44981280
44981281
44981282
44981283
44981284
44981285
44981286
44981287
44981288
44981289
44981290
44981291
44981292
44981293
44981294
44981295
44981296
44981297
44981298
44981299
44981300
44981301
44981302
44981303
44981304
44981305
44981306
44981307
44981308
44981309
44981310
44981311
44981312
44981313
44981314
44981315
44981316
44981317
44981318
44981319
44981320
44981321
44981322
44981323
44981324
44981325
44981326
44981327
44981328
44981329
44981330
44981331
44981332
44981333
44981334
44981335
44981336
44981337
44981338
44981339
44981340
44981341
44981342
44981343
44981344
44981345
44981346
44981347
44981348
44981349
44981350
44981351
44981352
44981353
44981354
44981355
44981356
44981357
44981358
44981359
44981360
44981361
44981362
44981363
44981364
44981365
44981366
44981367
44981368
44981369
44981370
44981371
44981372
44981373
44981374
44981375
44981376
44981377
44981378
44981379
44981380
44981381
44981382
44981383
44981384
44981385
44981386
44981387
44981388
44981389
44981390
44981391
44981392
44981393
44981394
44981395
44981396
44981397
44981398
44981399
44981400
44981401
44981402
44981403
44981404
44981405
44981406
44981407
44981408
44981409
44981410
44981411
44981412
44981413
44981414
44981415
44981416
44981417
44981418
44981419
44981420
44981421
44981422
44981423
44981424
44981425
44981426
44981427
44981428
44981429
44981430
44981431
44981432
44981433
44981434
44981435
44981436
44981437
44981438
44981439
44981440
44981441
44981442
44981443
44981444
44981445
44981446
44981447
44981448
44981449
44981450
44981451
44981452
44981453
44981454
44981455
44981456
44981457
44981458
44981459
44981460
44981461
44981462
44981463
44981464
44981465
44981466
44981467
44981468
44981469
44981470
44981471
44981472
44981473
44981474
44981475
44981476
44981477
44981478
44981479
44981480
44981481
44981482
44981483
44981484
44981485
44981486
44981487
44981488
44981489
44981490
44981491
44981492
44981493
44981494
44981495
44981496
44981497
44981498
44981499
44981500
44981501
44981502
44981503
44981504
44981505
44981506
44981507
44981508
44981509
44981510
44981511
44981512
44981513
44981514
44981515
44981516
44981517
44981518
44981519
44981520
44981521
44981522
44981523
44981524
44981525
44981526
44981527
44981528
44981529
44981530
44981531
44981532
44981533
44981534
44981535
44981536
44981537
44981538
44981539
44981540
44981541
44981542
44981543
44981544
44981545
44981546
44981547
44981548
44981549
44981550
44981551
44981552
44981553
44981554
44981555
44981556
44981557
44981558
44981559
44981560
44981561
44981562
44981563
44981564
44981565
44981566
44981567
44981568
44981569
44981570
44981571
44981572
44981573
44981574
44981575
44981576
44981577
44981578
44981579
44981580
44981581
44981582
44981583
44981584
44981585
44981586
44981587
44981588
44981589
44981590
44981591
44981592
44981593
44981594
44981595
44981596
44981597
44981598
44981599
44981600
44981601
44981602
44981603
44981604
44981605
44981606
44981607
44981608
44981609
44981610
44981611
44981612
44981613
44981614
44981615
44981616
44981617
44981618
44981619
44981620
44981621
44981622
44981623
44981624
44981625
44981626
44981627
44981628
44981629
44981630
44981631
44981632
44981633
44981634
44981635
44981636
44981637
44981638
44981639
44981640
44981641
44981642
44981643
44981644
44981645
44981646
44981647
44981648
44981649
44981650
44981651
44981652
44981653
44981654
44981655
44981656
44981657
44981658
44981659
44981660
44981661
44981662
44981663
44981664
44981665
44981666
44981667
44981668
44981669
44981670
44981671
44981672
44981673
44981674
44981675
44981676
44981677
44981678
44981679
44981680
44981681
44981682
44981683
44981684
44981685
44981686
44981687
44981688
44981689
44981690
44981691
44981692
44981693
44981694
44981695
44981696
44981697
44981698
44981699
44981700
44981701
44981702
44981703
44981704
44981705
44981706
44981707
44981708
44981709
44981710
44981711
44981712
44981713
44981714
44981715
44981716
44981717
44981718
44981719
44981720
44981721
44981722
44981723
44981724
44981725
44981726
44981727
44981728
44981729
44981730
44981731
44981732
44981733
44981734
44981735
44981736
44981737
44981738
44981739
44981740
44981741
44981742
44981743
44981744
44981745
44981746
44981747
44981748
44981749
44981750
44981751
44981752
44981753
44981754
44981755
44981756
44981757
44981758
44981759
44981760
44981761
44981762
44981763
44981764
44981765
44981766
44981767
44981768
44981769
44981770
44981771
44981772
44981773
44981774
44981775
44981776
44981777
44981778
44981779
44981780
44981781
44981782
44981783
44981784
44981785
44981786
44981787
44981788
44981789
44981790
44981791
44981792
44981793
44981794
44981795
44981796
44981797
44981798
44981799
44981800
44981801
44981802
44981803
44981804
44981805
44981806
44981807
44981808
44981809
44981810
44981811
44981812
44981813
44981814
44981815
44981816
44981817
44981818
44981819
44981820
44981821
44981822
44981823
44981824
44981825
44981826
44981827
44981828
44981829
44981830
44981831
44981832
44981833
44981834
44981835
44981836
44981837
44981838
44981839
44981840
44981841
44981842
44981843
44981844
44981845
44981846
44981847
44981848
44981849
44981850
44981851
44981852
44981853
44981854
44981855
44981856
44981857
44981858
44981859
44981860
44981861
44981862
44981863
44981864
44981865
44981866
44981867
44981868
44981869
44981870
44981871
44981872
44981873
44981874
44981875
44981876
44981877
44981878
44981879
44981880
44981881
44981882
44981883
44981884
44981885
44981886
44981887
44981888
44981889
44981890
44981891
44981892
44981893
44981894
44981895
44981896
44981897
44981898
44981899
44981900
44981901
44981902
44981903
44981904
44981905
44981906
44981907
44981908
44981909
44981910
44981911
44981912
44981913
44981914
44981915
44981916
44981917
44981918
44981919
44981920
44981921
44981922
44981923
44981924
44981925
44981926
44981927
44981928
44981929
44981930
44981931
44981932
44981933
44981934
44981935
44981936
44981937
44981938
44981939
44981940
44981941
44981942
44981943
44981944
44981945
44981946
44981947
44981948
44981949
44981950
44981951
44981952
44981953
44981954
44981955
44981956
44981957
44981958
44981959
44981960
44981961
44981962
44981963
44981964
44981965
44981966
44981967
44981968
44981969
44981970
44981971
44981972
44981973
44981974
44981975
44981976
44981977
44981978
44981979
44981980
44981981
44981982
44981983
44981984
44981985
44981986
44981987
44981988
44981989
44981990
44981991
44981992
44981993
44981994
44981995
44981996
44981997
44981998
44981999
44982000
44982001
44982002
44982003
44982004
44982005
44982006
44982007
44982008
44982009
44982010
44982011
44982012
44982013
44982014
44982015
44982016
44982017
44982018
44982019
44982020
44982021
44982022
44982023
44982024
44982025
44982026
44982027
44982028
44982029
44982030
44982031
44982032
44982033
44982034
44982035
44982036
44982037
44982038
44982039
44982040
44982041
44982042
44982043
44982044
44982045
44982046
44982047
44982048
44982049
44982050
44982051
44982052
44982053
44982054
44982055
44982056
44982057
44982058
44982059
44982060
44982061
44982062
44982063
44982064
44982065
44982066
44982067
44982068
44982069
44982070
44982071
44982072
44982073
44982074
44982075
44982076
44982077
44982078
44982079
44982080
44982081
44982082
44982083
44982084
44982085
44982086
44982087
44982088
44982089
44982090
44982091
44982092
44982093
44982094
44982095
44982096
44982097
44982098
44982099
44982100
44982101
44982102
44982103
44982104
44982105
44982106
44982107
44982108
44982109
44982110
44982111
44982112
44982113
44982114
44982115
44982116
44982117
44982118
44982119
44982120
44982121
44982122
44982123
44982124
44982125
44982126
44982127
44982128
44982129
44982130
44982131
44982132
44982133
44982134
44982135
44982136
44982137
44982138
44982139
44982140
44982141
44982142
44982143
44982144
44982145
44982146
44982147
44982148
44982149
44982150
44982151
44982152
44982153
44982154
44982155
44982156
44982157
44982158
44982159
44982160
44982161
44982162
44982163
44982164
44982165
44982166
44982167
44982168
44982169
44982170
44982171
44982172
44982173
44982174
44982175
44982176
44982177
44982178
44982179
44982180
44982181
44982182
44982183
44982184
44982185
44982186
44982187
44982188
44982189
44982190
44982191
44982192
44982193
44982194
44982195
44982196
44982197
44982198
44982199
44982200
44982201
44982202
44982203
44982204
44982205
44982206
44982207
44982208
44982209
44982210
44982211
44982212
44982213
44982214
44982215
44982216
44982217
44982218
44982219
44982220
44982221
44982222
44982223
44982224
44982225
44982226
44982227
44982228
44982229
44982230
44982231
44982232
44982233
44982234
44982235
44982236
44982237
44982238
44982239
44982240
44982241
44982242
44982243
44982244
44982245
44982246
44982247
44982248
44982249
44982250
44982251
44982252
44982253
44982254
44982255
44982256
44982257
44982258
44982259
44982260
44982261
44982262
44982263
44982264
44982265
44982266
44982267
44982268
44982269
44982270
44982271
44982272
44982273
44982274
44982275
44982276
44982277
44982278
44982279
44982280
44982281
44982282
44982283
44982284
44982285
44982286
44982287
44982288
44982289
44982290
44982291
44982292
44982293
44982294
44982295
44982296
44982297
44982298
44982299
44982300
44982301
44982302
44982303
44982304
44982305
44982306
44982307
44982308
44982309
44982310
44982311
44982312
44982313
44982314
44982315
44982316
44982317
44982318
44982319
44982320
44982321
44982322
44982323
44982324
44982325
44982326
44982327
44982328
44982329
44982330
44982331
44982332
44982333
44982334
44982335
44982336
44982337
44982338
44982339
44982340
44982341
44982342
44982343
44982344
44982345
44982346
44982347
44982348
44982349
44982350
44982351
44982352
44982353
44982354
44982355
44982356
44982357
44982358
44982359
44982360
44982361
44982362
44982363
45116956
45116957
45116958
45116959
45116960
45116961
45116962
45116963
45116964
45116965
45116966
45116967
45116968
45116969
45116970
45116971
45116972
45116973
45116974
45116975
45116976
45116977
45116978
45116979
45116980
45116981
45116982
45116983
45116984
45116985
45116986
45116987
45116988
45116989
45116990
45116991
45116992
45116993
45116994
45116995
45116996
45116997
45116998
45116999
45117000
45117001
45117002
45117003
45117004
45117005
45117006
45117007
45117008
45117009
45117010
45117011
45117012
45117013
45117014
45117015
45117016
45117017
45117018
45117019
45117020
45117021
45117022
45117023
45117024
45117025
45117026
45117027
45117028
45117029
45117030
45117031
45117032
45117033
45117034
45117035
45117036
45117037
45117038
45117039
45117040
45117041
45117042
45117043
45117044
45117045
45117046
45117047
45117048
45117049
45117050
45117051
45117052
45117053
45117054
45117055
45117056
45117057
45117058
45117059
45117060
45117061
45117062
45117063
45117064
45117065
45117066
45117067
45117068
45117069
45117070
45117071
45117072
45117073
45117074
45117075
45117076
45117077
45117078
45117079
45117080
45127004
45127005
45127006
45127007
45127008
45127009
45127010
45127011
45127012
45127013
45127014
45127015
45127016
45127017
45127018
45127019
45127020
45127021
45127022
45127023
45127024
45127025
45127026
45127027
45127028
45127029
45127030
45127031
45127032
45127033
45127034
45127035
45127036
45127037
45127038
45127039
45127040
45127041
45127042
45127043
45127044
45127045
45127046
45127047
45127048
45127049
45127050
45127051
45127052
45127053
45127054
45127055
45127056
45127057
45127058
45127059
45127060
45127061
45127062
45127063
45127064
45127065
45127066
45127067
45127068
45127069
45127070
45127071
45127072
45127073
45127074
45127075
45127076
45127077
45127078
45127079
45127080
45127081
45127082
45127083
45127084
45127085
45127086
45127087
45127088
45127089
45127090
45127091
45127092
45127093
45127094
45127095
45127096
45127097
45127098
45127099
45127100
45127101
45127102
45127103
45127104
45127105
45127106
45127107
45127108
45127109
45127110
45127111
45127112
45127113
45127114
45127115
45127116
45127117
45127118
45127119
45127120
45127121
45127122
45127123
45127124
45127125
45127126
45127127
45127128
45127129
45127130
45127131
45127132
45127133
45127134
45127135
45127136
45127137
45127138
45127139
45127140
45127141
45127142
45127143
45127144
45127145
45127146
45127147
45127148
45127149
45127150
45127151
45127152
45127153
45127154
45127155
45127156
45127157
45127158
45127159
45127160
45127161
45127162
45127163
45127164
45127165
45127166
45127167
45127168
45127169
45127170
45127171
45127172
45127173
45127174
45127175
45127176
45127177
45127178
45127179
45127180
45127181
45127182
45127183
45127184
45127185
45127186
45127187
45127188
45127189
45127190
45127191
45127192
45127193
45127194
45127195
45127196
45127197
45127198
45127199
45127200
45127201
45127202
45127203
45127204
45127205
45127206
45127207
45127208
45127209
45127210
45127211
45127212
45127213
45127214
45127215
45127216
45127217
45127218
45127219
45127220
45127221
45127222
45127223
45127224
45127225
45127226
45127227
45127228
45127229
45127230
45127231
45127232
45127233
45127234
45127235
45127236
45127237
45127238
45127239
45127240
45127241
45127242
45127243
45127244
45127245
45127246
45127247
45127248
45127249
45127250
45127251
45127252
45127253
45127254
45127255
45127256
45127257
45127258
45127259
45127260
45127261
45127262
45127263
45127264
45127265
45127266
45127267
45127268
45127269
45130717
45130718
45130719
45130720
45130721
45130722
45130723
45130724
45130725
45130726
45130727
45130728
45130729
45130730
45130731
45130732
45130733
45130734
45130735
45130736
45130737
45130738
45130739
45130740
45130741
45130742
45130743
45130744
45130745
45130746
45130747
45130748
45130749
45130750
45130751
45130752
45130753
45130754
45130755
45130756
45130757
45130758
45130759
45130760
45130761
45130762
45130763
45130764
45130765
45130766
45130767
45130768
45130769
45130770
45130771
45130772
45130773
45130774
45130775
45130776
45130777
45130778
45130779
45130780
45130781
45130782
45130783
45130784
45130785
45130786
45130787
45130788
45130789
45130790
45130791
45130792
45130793
45130794
45130795
45130796
45130797
45130798
45130799
45130800
45130801
45130802
45130803
45130804
45130805
45130806
45130807
45130808
45130809
45130810
45130811
45130812
45130813
45130814
45130815
45130816
45130817
45130818
45130819
45130820
45130821
45130822
45130823
45130824
45130825
45130826
45130827
45130828
45130829
45130830
45130831
45130832
45130833
45130834
45130835
45130836
45130837
45130838
45130839
45130840
45130841
45130842
45130843
45130844
45130845
45130846
45130847
45130848
45130849
45130850
45130851
45130852
45130853
45130854
45130855
45130856
45130857
45130858
45130859
45130860
45130861
45130862
45130863
45130864
45130865
45130866
45130867
45130868
45130869
45130870
45138701
45138702
45138703
45138704
45138705
45138706
45138707
45138708
45138709
45138710
45138711
45138712
45138713
45138714
45138715
45138716
45138717
45138718
45138719
45138720
45138721
45138722
45138723
45138724
45138725
45138726
45138727
45138728
45138729
45138730
45138731
45147397
45147398
45147399
45147400
45147401
45147402
45147403
45147404
45147405
45147406
45147407
45147408
45147409
45147410
45147411
45147412
45147413
45147414
45147415
45147416
45147417
45147418
45147419
45147420
45147421
45147422
45147423
45147424
45147425
45147426
45147427
45147428
45147429
45147430
45147431
45147432
45147433
45147434
45147435
45147436
45147437
45147438
45147439
45147440
45147441
45147442
45147443
45147444
45147445
45147446
45147447
45147448
45147449
45147450
45147451
45147452
45147453
45147454
45147455
45147456
45147457
45147458
45147459
45147460
45147461
45147462
45147463
45147464
45147465
45147466
45147467
45147468
45147469
45147470
45147471
45147472
45147473
45147474
45147475
45150495
45150496
45150497
45150498
45150499
45150500
45150501
45150502
45150503
45150504
45150505
45150506
45150507
45150508
45150509
45150510
45150511
45150512
45150513
45150514
45150515
45150516
45150517
45150518
45150519
45150520
45150521
45150522
45150523
45150524
45150525
45150526
45150527
45150528
45150529
45150530
45150531
45150532
45150533
45150534
45150535
45150536
45150537
45150538
45150539
45150540
45150541
45150542
45150543
45150544
45150545
45150546
45150547
45150548
45150549
45150550
45150551
45150552
45150553
45150554
45150555
45150556
45150557
45150558
45150559
45150560
45150561
45150562
45150563
45150564
45150565
45150566
45150567
45150568
45150569
45150570
45150571
45150572
45150573
45150574
45150575
45150576
45150577
45150578
45150579
45150580
45150581
45150582
45150583
45150584
45150585
45150586
45150587
45150588
45150589
45150590
45150591
45150592
45150593
45150594
45150595
45150596
45150597
45150598
45150599
45150600
45150601
45150602
45150603
45150604
45150605
45150606
45150607
45150608
45150609
45150610
45150611
45150612
45150613
45150614
45150615
45150616
45150617
45150618
45150619
45150620
45150621
45150622
45150623
45150624
45150625
45150626
45150627
45150628
45150629
45150630
45150631
45150632
45150633
45150634
45150635
45150636
45150637
45150638
45150639
45150640
45150641
45150642
45150643
45150644
45150645
45150646
45150647
45150648
45150649
45150650
45150651
45150652
45150653
45150654
45150655
45150656
45150657
45150658
45150659
45150660
45150661
45150662
45150663
45150664
45150665
45150666
45150667
45150668
45150669
45150670
45150671
45150672
45150673
45150674
45150675
45150676
45150677
45150678
45150679
45150680
45150681
45150682
45150683
45150684
45150685
45150686
45150687
45150688
45150689
45150690
45150691
45150692
45150693
45150694
45150695
45150696
45150697
45150698
45150699
45150700
45150701
45150702
45150703
45150704
45150705
45150706
45150707
45150708
45150709
45150710
45150711
45150712
45150713
45150714
45150715
45150716
45150717
45150718
45150719
45150720
45150721
45150722
45150723
45150724
45150725
45150726
45150727
45150728
45150729
45150730
45150731
45150732
45150733
45150734
45150735
45150736
45150737
45150738
45150739
45150740
45150741
45150742
45150743
45150744
45150745
45150746
45150747
45150748
45150749
45150750
45150751
45150752
45150753
45150754
45150755
45150756
45150757
45150758
45150759
45150760
45150761
45150762
45150763
45150764
45150765
45150766
45150767
45150768
45150769
45150770
45150771
45150772
45150773
45150774
45150775
45150776
45150777
45150778
45150779
45150780
45150781
45150782
45150783
45150784
45150785
45150786
45150787
45150788
45150789
45150790
45150791
45150792
45150793
45150794
45150795
45150796
45150797
45150798
45150799
45150800
45150801
45150802
45150803
45150804
45150805
45150806
45150807
45150808
45150809
45150810
45150811
45150812
45150813
45150814
45150815
45150816
45150817
45150818
45150819
45150820
45150821
45150822
45150823
45150824
45150825
45150826
45150827
45150828
45150829
45150830
45150831
45150832
45150833
45150834
45150835
45150836
45150837
45150838
45150839
45150840
45150841
45150842
45153081
45153082
45153083
45153084
45153085
45153086
45153087
45153088
45153089
45153090
45153091
45153092
45153093
45153094
45153095
45153096
45153097
45153098
45153099
45153100
45153101
45153102
45153103
45153104
45153105
45153106
45153107
45153108
45153109
45153110
45153111
45153112
45153113
45153114
45153115
45153116
45153117
45153118
45153119
45153120
45153121
45153122
45153123
45153124
45153125
45153126
45153127
45153128
45153129
45153130
45153131
45153132
45153133
45153134
45153135
45153136
45153137
45153138
45153139
45153140
45153141
45153142
45153143
45153144
45153145
45153146
45153147
45153148
45153149
45153150
45153151
45153152
45153153
45153154
45153155
45153156
45153157
45153158
45153159
45153160
45153161
45153162
45153163
45153164
45153165
45153166
45153167
45153168
45153169
45153170
45153171
45153172
45153173
45153174
45153175
45153176
45153177
45153178
45153179
45153180
45153181
45153182
45153183
45153184
45153185
45153186
45153187
45153188
45153189
45153190
45153191
45153192
45153193
45153194
45153195
45153196
45153197
45153198
45153199
45153200
45153201
45153202
45153203
45153204
45153205
45153206
45153207
45153208
45153209
45153210
45153211
45153212
45153213
45153214
45153215
45153216
45153217
45153218
45153219
45153220
45153221
45153222
45153223
45153224
45153225
45153226
45153227
45153228
45153229
45153230
45153231
45153232
45153233
45153234
45153235
45153236
45153237
45153238
45153239
45153240
45153241
45153242
45153243
45153244
45153245
45153246
45153247
45153248
45153249
45153250
45153251
45153252
45153253
45153254
45153255
45153256
45153257
45153258
45153259
45153260
45153261
45153262
45153263
45153264
45153265
45153266
45153267
45153268
45153269
45153270
45153271
45153272
45153273
45153274
45153275
45153276
45153277
45153278
45153279
45153280
45153281
45153282
45153283
45153284
45153285
45153286
45153287
45153288
45153289
45153290
45153291
45153292
45153293
45153294
45153295
45153296
45153297
45153298
45153299
45153300
45153301
45153302
45153303
45153304
45153305
45153306
45153307
45153308
45153309
45153310
45153311
45153312
45153313
45153314
45153315
45153316
45153317
45153318
45153319
45153320
45153321
45153322
45153323
45153324
45153325
45153326
45153327
45153328
45153329
45153330
45153331
45153332
45153333
45153334
45153335
45153336
45153337
45153338
45153339
45153340
45153341
45153342
45153343
45153344
45153345
45153346
45153347
45153348
45153349
45153350
45153351
45153352
45153353
45153354
45153355
45153356
45153357
45153358
45153359
45153360
45153361
45153362
45153363
45153364
45153365
45153366
45153367
45153368
45153369
45153370
45153371
45153372
45153373
45153374
45153375
45153376
45153377
45157169
45157170
45157171
45157172
45157173
45157174
45157175
45157176
45157177
45157178
45157179
45157180
45157181
45157182
45157183
45157184
45157185
45157186
45157187
45157188
45157189
45157190
45157191
45157192
45157193
45157194
45157195
45157196
45157197
45157198
45157199
45157200
45157201
45157202
45157203
45157204
45157205
45157206
45157207
45157208
45157209
45157210
45157211
45157212
45157213
45157214
45157215
45157216
45157217
45157218
45157219
45157220
45157221
45157222
45157223
45157224
45157225
45157226
45157227
45157228
45157229
45157230
45157231
45157232
45157233
45157234
45157235
45157236
45157237
45157238
45157239
45157240
45157241
45157242
45157243
45157244
45157245
45157246
45157247
45157248
45157249
45157250
45157251
45157252
45157253
45157254
45157255
45157256
45157257
45157258
45157259
45157260
45157261
45157262
45157263
45157264
45157265
45157266
45157267
45157268
45157269
45157270
45157271
45157272
45157273
45157274
45157275
45157276
45157277
45157278
45157279
45157280
45157281
45157282
45157283
45157284
45157285
45157286
45161030
45161031
45161032
45161033
45161034
45161035
45161036
45161037
45161038
45161039
45161040
45161041
45161042
45161043
45161044
45161045
45161046
45161047
45161048
45161049
45161050
45161051
45161052
45161053
45161054
45161055
45161056
45161057
45161058
45161059
45161060
45161061
45161062
45161063
45161064
45161065
45161066
45161067
45161068
45161069
45161070
45161071
45161072
45161073
45161074
45161075
45161076
45161077
45161078
45161079
45161080
45161081
45161082
45161083
45161084
45161085
45161086
45161087
45161088
45161089
45161090
45161091
45161092
45161093
45161094
45161095
45161096
45161097
45161098
45161099
45161100
45161101
45161102
45161103
45161104
45161105
45161106
45161107
45161108
45161109
45161110
45161111
45161112
45161113
45161114
45161115
45161116
45161117
45161118
45161119
45161120
45161121
45161122
45161123
45161124
45161125
45161126
45161127
45161128
45161129
45161130
45161131
45161132
45161133
45161134
45161135
45161136
45161137
45161138
45161139
45161140
45161141
45161142
45161143
45161144
45161145
45161146
45161147
45161148
45161149
45161150
45161151
45161152
45161153
45161154
45161155
45161156
45161157
45161158
45161159
45161160
45161161
45161162
45161163
45161164
45161165
45161166
45161167
45161168
45161169
45161170
45161171
45161172
45161173
45161174
45161175
45161176
45161177
45161178
45162010
45162011
45162012
45162013
45162014
45162015
45162016
45162017
45162018
45162019
45162020
45162021
45162022
45162023
45162024
45162025
45162026
45162027
45162028
45162029
45162030
45162031
45162032
45162033
45162034
45162035
45162036
45162037
45162038
45162039
45162040
45162041
45162042
45162043
45162044
45162045
45162046
45162047
45162048
45162049
45162050
45162051
45162052
45162053
45162054
45162055
45162056
45162057
45162058
45162059
45162060
45162061
45162062
45162063
45162064
45162065
45162066
45162067
45162068
45162069
45162070
45162071
45162072
45162073
45162074
45162075
45162076
45162077
45162078
45162079
45162080
45162081
45162082
45162083
45162084
45162085
45162086
45162087
45162088
45162089
45162090
45162091
45162092
45162093
45162094
45162095
45162096
45162097
45162098
45162099
45162100
45162101
45162102
45162103
45162104
45162105
45162106
45162107
45162108
45162109
45162110
45162111
45162112
45162113
45162114
45162115
45162116
45162117
45162118
45162119
45162120
45162121
45162122
45162123
45162124
45162125
45162126
45162127
45162128
45162129
45162130
45162131
45162132
45162133
45162134
45162135
45162136
45162137
45162138
45162139
45162140
45162141
45162142
45162143
45162144
45162145
45162146
45162147
45162148
45162149
45162150
45162151
45162152
45162153
45162154
45162155
45162156
45162157
45162158
45162159
45162160
45162161
45162162
45162163
45162164
45162165
45162166
45162167
45162168
45164559
45164560
45164561
45164562
45164563
45164564
45164565
45164566
45164567
45164568
45164569
45164570
45164571
45164572
45164573
45164574
45164575
45164576
45164577
45164578
45164579
45164580
45164581
45164582
45164583
45164584
45164585
45164586
45164587
45164588
45164589
45164590
45165007
45165008
45165009
45165010
45165011
45165012
45165013
45165014
45165015
45165016
45165017
45165018
45165019
45165020
45165021
45165022
45165023
45165024
45165025
45165026
45165027
45165028
45165029
45165030
45165031
45165032
45165033
45165034
45165035
45165036
45165037
45165038
45165039
45165040
45165041
45165042
45165043
45165044
45165045
45165046
45165047
45165048
45165049
45165050
45165051
45165052
45165053
45165054
45165055
45165056
45165057
45165058
45165059
45165060
45165061
45165062
45165063
45165064
45165065
45165066
45165067
45165068
45165069
45165070
45165071
45165072
45165073
45165074
45165075
45175204
45175205
45175206
45175207
45175208
45175209
45175210
45175211
45175212
45175213
45175214
45175215
45175216
45175217
45175218
45175219
45175220
45175221
45175222
45175223
45175224
45175225
45175226
45175227
45175228
45175229
45175230
45175231
45175232
45175233
45175234
45175235
45175236
45175237
45175238
45175239
45175240
45175241
45175242
45175243
45175244
45175245
45175246
45175247
45175248
45175249
45175250
45175251
45175252
45175253
45175254
45175255
45175256
45175257
45175258
45175868
45175869
45175870
45175871
45175872
45175873
45175874
45175875
45175876
45175877
45175878
45175879
45175880
45175881
45175882
45175883
45175884
45175885
45175886
45175887
45175888
45175889
45175890
45175891
45175892
45175893
45175894
45175895
45175896
45175897
45175898
45175899
45175900
45175901
45175902
45175903
45175904
45175905
45175906
45175907
45175908
45175909
45175910
45175911
45175912
45175913
45175914
45175915
45175916
45175917
45175918
45175919
45175920
45175921
45175922
45175923
45175924
45175925
45175926
45175927
45175928
45175929
45175930
45175931
45175932
45175933
45175934
45175935
45175936
45175937
45175938
45175939
45175940
45175941
45175942
45175943
45175944
45175945
45175946
45175947
45175948
45175949
45175950
45175951
45175952
45175953
45175954
45175955
45175956
45175957
45175958
45175959
45175960
45175961
45175962
45175963
45175964
45175965
45175966
45175967
45175968
45175969
45175970
45175971
45175972
45175973
45175974
45175975
45175976
45175977
45175978
45175979
45175980
45175981
45175982
45175983
45175984
45175985
45175986
45175987
45175988
45175989
45175990
45175991
45175992
45175993
45175994
45175995
45175996
45175997
45175998
45175999
45176000
45176001
45176002
45176003
45176004
45176005
45176006
45176007
45176008
45176009
45176010
45176011
45176012
45176013
45176014
45176015
45176016
45176017
45176018
45176019
45176020
45176021
45176022
45176023
45176024
45176025
45176026
45176027
45176028
45176029
45176030
45176031
45176032
45176033
45176034
45176035
45176036
45176037
45176038
45176039
45176040
45176041
45176042
45176043
45176044
45176045
45176046
45176047
45176048
45176049
45176050
45176051
45176052
45176053
45176054
45176055
45176056
45176057
45176058
45176059
45176060
45176061
45176062
45176063
45176064
45176065
45176066
45176067
45176068
45176069
45176070
45176071
45176072
45176073
45176074
45176075
45176076
45176077
45176078
45176079
45176080
45176081
45176082
45176083
45176084
45176085
45176086
45176087
45176088
45176089
45176090
45176091
45176092
45176093
45176094
45176095
45176096
45176097
45176098
45176099
45176100
45176101
45176102
45176103
45176104
45176105
45176106
45176107
45176108
45176109
45176110
45176111
45176112
45176113
45176114
45176115
45176116
45176117
45176118
45176119
45176120
45176121
45176122
45176123
45176124
45176125
45176126
45176127
45176128
45176129
45176130
45176131
45176132
45176133
45176134
45176135
45176136
45176137
45176138
45176139
45176140
45176141
45176142
45176143
45176144
45176145
45176146
45176147
45176148
45176149
45176150
45176151
45176152
45176153
45176154
45176155
45176156
45176157
45176158
45176159
45176160
45176161
45176162
45176163
45176164
45176165
45176166
45176167
45176168
45176169
45176170
45176171
45176172
45176173
45176174
45176175
45176176
45176177
45176178
45176179
45176180
45176181
45176182
45176183
45176184
45176185
45176186
45176187
45176188
45176189
45176190
45176191
45176192
45176193
45176194
45176195
45176196
45176197
45176198
45176199
45176200
45176201
45176202
45176203
45176204
45176205
45176206
45176207
45176208
45176209
45176210
45176211
45176212
45176213
45176214
45176215
45176216
45176217
45176218
45176219
45176220
45176221
45176222
45176223
45176224
45176225
45176226
45176227
45176228
45176229
45176230
45176231
45176232
45176233
45176234
45176235
45176236
45179543
45179544
45179545
45179546
45179547
45179548
45179549
45179550
45179551
45179552
45179553
45179554
45179555
45179556
45179557
45179558
45179559
45179560
45179561
45179562
45179563
45179564
45179565
45179566
45179567
45179568
45179569
45179570
45179571
45179572
45179573
45179574
45179575
45179576
45179577
45179578
45179579
45179580
45179581
45179582
45179583
45179584
45179585
45179586
45179587
45179588
45179589
45179590
45179591
45179592
45179593
45179594
45179595
45179596
45179597
45179598
45179599
45179600
45179601
45179602
45179603
45179604
45179605
45179606
45179607
45179608
45179609
45179610
45179611
45179612
45179613
45179614
45179615
45179616
45179617
45179618
45179619
45179620
45179621
45179622
45179623
45179624
45179625
45179626
45179627
45179628
45179629
45179630
45179631
45179632
45179633
45179634
45179635
45179636
45179637
45179638
45179639
45179640
45179641
45179642
45179643
45179644
45179645
45179646
45179647
45179648
45179649
45179650
45179651
45179652
45179653
45179654
45179655
45179656
45179657
45179658
45179659
45179660
45179661
45179662
45179663
45179664
45179665
45179666
45179667
45179668
45179669
45179670
45179671
45179672
45179673
45179674
45179675
45179676
45179677
45179678
45179679
45179680
45179681
45179682
45179683
45179684
45179685
45179686
45179687
45179688
45179689
45179690
45179691
45179692
45179693
45182125
45182126
45182127
45182128
45182129
45182130
45182131
45182132
45182133
45182134
45182135
45182136
45182137
45182138
45182139
45182140
45182141
45182142
45182143
45182144
45182145
45182146
45182147
45182148
45182149
45182150
45182151
45182152
45182153
45182154
45182155
45182156
45182157
45182158
45182159
45182160
45182161
45182162
45182163
45182164
45182165
45182166
45182167
45182168
45182169
45182170
45182171
45182172
45182173
45182174
45182175
45182176
45182177
45182178
45182179
45182180
45182181
45182182
45182183
45182184
45182185
45182186
45182187
45182188
45182189
45182190
45182191
45182192
45182193
45182194
45182195
45182196
45182197
45182198
45182199
45182200
45182201
45182202
45182203
45182204
45182205
45182206
45182207
45182208
45183560
45183561
45183562
45183563
45183564
45183565
45183566
45183567
45183568
45183569
45183570
45183571
45183572
45183573
45183574
45183575
45183576
45183577
45183578
45183579
45183580
45183581
45183582
45183583
45183584
45183585
45183586
45183587
45183588
45183589
45183590
45183591
45183592
45183593
45183594
45183595
45183596
45183597
45183598
45183599
45183600
45183601
45183602
45183603
45183604
45183605
45183606
45184499
45184500
45184501
45184502
45184503
45184504
45184505
45184506
45184507
45184508
45184509
45184510
45184511
45184512
45184513
45184514
45184515
45184516
45184517
45184518
45184519
45184520
45184521
45184522
45184523
45184524
45184525
45184526
45184527
45184528
45184529
45184530
45184531
45184532
45184533
45184534
45184535
45184536
45184537
45184538
45184539
45184540
45184541
45184542
45184543
45184544
45184545
45184546
45184547
45184548
45184549
45184550
45184551
45184552
45184553
45184554
45184555
45184556
45184557
45184558
45184559
45184560
45184561
45184562
45184563
45184564
45184565
45184566
45184567
45184568
45184569
45184570
45184571
45184572
45184573
45184574
45184575
45184576
45184577
45184578
45184579
45184580
45184581
45184582
45184583
45184584
45185839
45185840
45185841
45185842
45185843
45185844
45185845
45185846
45185847
45185848
45185849
45185850
45185851
45185852
45185853
45185854
45185855
45185856
45185857
45185858
45185859
45185860
45185861
45185862
45185863
45185864
45185865
45185866
45185867
45185868
45185869
45185870
45185871
45185872
45185873
45185874
45185875
45185876
45185877
45185878
45185879
45185880
45185881
45185882
45185883
45185884
45185885
45185886
45185887
45185888
45185889
45185890
45185891
45185892
45186706
45186707
45186708
45186709
45186710
45186711
45186712
45186713
45186714
45186715
45186716
45186717
45186718
45186719
45186720
45186721
45186722
45186723
45186724
45186725
45186726
45186727
45186728
45186729
45186730
45186731
45186732
45186733
45186734
45186735
45186736
45186737
45186738
45186739
45186740
45186741
45186742
45186743
45186744
45186745
45186746
45186747
45186748
45186749
45186750
45186751
45186752
45186753
45186754
45186755
45186756
45186757
45186758
45186759
45204727
45204728
45204729
45204730
45204731
45204732
45204733
45204734
45204735
45204736
45204737
45204738
45204739
45204740
45204741
45204742
45204743
45204744
45204745
45204746
45204747
45204748
45204749
45204750
45204751
45204752
45204753
45204754
45204755
45204756
45204757
45204758
45204759
45204760
45204761
45204762
45204763
45206619
45206620
45206621
45206622
45206623
45206624
45206625
45206626
45206627
45206628
45206629
45206630
45206631
45206632
45206633
45206634
45206635
45206636
45206637
45206638
45206639
45206640
45206641
45206642
45206643
45206644
45206645
45206646
45206647
45206648
45206649
45206650
45206651
45206652
45206653
45206654
45206655
45206656
45206657
45206658
45206659
45206660
45206661
45206662
45206663
45206664
45206665
45206666
45206667
45206668
45206669
45206670
45206671
45206672
45206673
45206674
45206675
45206676
45206677
45206678
45206679
45206680
45206681
45206682
45206683
45206684
45206685
45206686
45206687
45206688
45206689
45206690
45206691
45206692
45206693
45206694
45206695
45206696
45206697
45206698
45206699
45206700
45206701
45206702
45206703
45206704
45206705
45206706
45206707
45206708
45206709
45206710
45206711
45206712
45206713
45206714
45206715
45206716
45206717
45206718
45206719
45206720
45206721
45206722
45206723
45206724
45206725
45206726
45206727
45206728
45206729
45206730
45206731
45206732
45206733
45206734
45206735
45206736
45206737
45206738
45206739
45206740
45206741
45206742
45206743
45206744
45206745
45206746
45206747
45206748
45206749
45206750
45206751
45206752
45206753
45206754
45206755
45206756
45206757
45206758
45206759
45206760
45206761
45206762
45206763
45206764
45206765
45206766
45206767
45206768
45206769
45206770
45206771
45206772
45206773
45206774
45206775
45206776
45206777
45206778
45206779
45206780
45206781
45206782
45206783
45206784
45206785
45206786
45206787
45206788
45206789
45206790
45206791
45206792
45206793
45206794
45206795
45206796
45206797
45206798
45206799
45206800
45206801
45206802
45206803
45206804
45206805
45206806
45206807
45206808
45206809
45206810
45206811
45206812
45206813
45206814
45206815
45206816
45206817
45206818
45206819
45206820
45206821
45206822
45206823
45206824
45206825
45206826
45206827
45206828
45206829
45206830
45206831
45206832
45206833
45206834
45206835
45206836
45206837
45206838
45206839
45206840
45206841
45206842
45206843
45206844
45206845
45206846
45206847
45206848
45206849
45206850
45206851
45206852
45206853
45206854
45206855
45206856
45206857
45206858
45206859
45206860
45206861
45206862
45206863
45206864
45206865
45206866
45206867
45206868
45206869
45206870
45206871
45206872
45206873
45206874
45206875
45206876
45206877
45206878
45206879
45206880
45206881
45206882
45206883
45206884
45206885
45206886
45206887
45206888
45206889
45206890
45206891
45206892
45206893
45206894
45206895
45206896
45206897
45206898
45206899
45206900
45206901
45206902
45206903
45206904
45206905
45206906
45206907
45206908
45206909
45206910
45206911
45206912
45206913
45206914
45206915
45206916
45206917
45206918
45206919
45206920
45206921
45206922
45206923
45206924
45206925
45206926
45206927
45206928
45206929
45206930
45206931
45206932
45206933
45206934
45206935
45206936
45206937
45206938
45206939
45206940
45206941
45206942
45206943
45206944
45206945
45206946
45206947
45206948
45206949
45206950
45206951
45206952
45206953
45206954
45206955
45206956
45206957
45206958
45206959
45206960
45206961
45206962
45206963
45207288
45207289
45207290
45207291
45207292
45207293
45207294
45207295
45207296
45207297
45207298
45207299
45207300
45207301
45207302
45207303
45207304
45207305
45207306
45207307
45207308
45207309
45207310
45207311
45207312
45207313
45207314
45207315
45207316
45207317
45207318
45207319
45207320
45207321
45207322
45207323
45207324
45207325
45207326
45207327
45207328
45207329
45207330
45207331
45207332
45207333
45207334
45207335
45207336
45207337
45207338
45207339
45207340
45207341
45207342
45207343
45207344
45207345
45207346
45207347
45207348
45207349
45207350
45207351
45207352
45207353
45207354
45207355
45207356
45207357
45207358
45207359
45207360
45207361
45207362
45207363
45207364
45207365
45207366
45207367
45207368
45207369
45207370
45207371
45207372
45207373
45207374
45207375
45207376
45207377
45207378
45207379
45207380
45207381
45207382
45207383
45207384
45207385
45207386
45207387
45207388
45207389
45207390
45207391
45207392
45207393
45207394
45207395
45207396
45207397
45207398
45207399
45207400
45207401
45207402
45207403
45207404
45207405
45207406
45207407
45207408
45207409
45207410
45207411
45207412
45207413
45207414
45207415
45207416
45207417
45207418
45207419
45207420
45207421
45207422
45207423
45207424
45207425
45207426
45207427
45207428
45207429
45207430
45207431
45207432
45207433
45207434
45207435
45207436
45207437
45207438
45207439
45207440
45207441
45207442
45207443
45207444
45207445
45207446
45207447
45207448
45207449
45207450
45207451
45207452
45207453
45207454
45207455
45207456
45207457
45207458
45207459
45207460
45207461
45207462
45207463
45207464
45207465
45207466
45207467
45207468
45207469
45207470
45207471
45207472
45207473
45207474
45207475
45207476
45207477
45207478
45207479
45207480
45207481
45207482
45207483
45207484
45207485
45207486
45207487
45207488
45207489
45207490
45207491
45207492
45207493
45207494
45207495
45207496
45207497
45207498
45207499
45207500
45207501
45207502
45207503
45207504
45207505
45207506
45207507
45207508
45207509
45207510
45207511
45207512
45207513
45207514
45207515
45207516
45207517
45207518
45207519
45207520
45207521
45207522
45207523
45207524
45207525
45207526
45207527
45207528
45207529
45207530
45207531
45207532
45207533
45207534
45207535
45207536
45207537
45207538
45207539
45207540
45207541
45207542
45207543
45207544
45207545
45207546
45207547
45207548
45207549
45207550
45207551
45207552
45207553
45207554
45207555
45207556
45207557
45207558
45207559
45207560
45207561
45207562
45207563
45207564
45207565
45207566
45208860
45208861
45208862
45208863
45208864
45208865
45208866
45208867
45208868
45208869
45208870
45208871
45208872
45208873
45208874
45208875
45208876
45208877
45208878
45208879
45208880
45208881
45208882
45208883
45208884
45208885
45208886
45208887
45208888
45208889
45208890
45208891
45208892
45208893
45208894
45208895
45208896
45208897
45208898
45208899
45208900
45208901
45208902
45208903
45208904
45208905
45208906
45208907
45208908
45208909
45208910
45208911
45208912
45208913
45208914
45208915
45208916
45208917
45208918
45208919
45208920
45208921
45208922
45208923
45208924
45208925
45208926
45208927
45208928
45208929
45208930
45208931
45208932
45208933
45208934
45208935
45208936
45208937
45208938
45208939
45208940
45208941
45208942
45208943
45208944
45208945
45208946
45208947
45208948
45208949
45208950
45208951
45208952
45208953
45208954
45208955
45208956
45208957
45208958
45208959
45208960
45208961
45208962
45208963
45208964
45208965
45208966
45208967
45208968
45208969
45208970
45208971
45208972
45208973
45208974
45208975
45208976
45208977
45208978
45208979
45208980
45208981
45208982
45208983
45208984
45208985
45208986
45208987
45208988
45208989
45208990
45208991
45208992
45208993
45208994
45208995
45208996
45208997
45208998
45208999
45209000
45209001
45209002
45209003
45209004
45209005
45209006
45209007
45209008
45209009
45209010
45209011
45209012
45209013
45209014
45209015
45209016
45209017
45209018
45209019
45209020
45209021
45209022
45209023
45209024
45209025
45209026
45209027
45209028
45209029
45209030
45209031
45209032
45209033
45209034
45209035
45209036
45209037
45209038
45209039
45209040
45209041
45209042
45209043
45209044
45209045
45209046
45209047
45209048
45209049
45209050
45209051
45209052
45209053
45209054
45209055
45209056
45209057
45209058
45209059
45209060
45209061
45209062
45209063
45209064
45209065
45209066
45209067
45209068
45209069
45209070
45209071
45209072
45209073
45209074
45209075
45209076
45209077
45209078
45209079
45209080
45209081
45209082
45209083
45209084
45209085
45209086
45209087
45209088
45209089
45209090
45209091
45209092
45209093
45209094
45209095
45209096
45209097
45209098
45209099
45209100
45209101
45209102
45209103
45209104
45209105
45209106
45209107
45209108
45209109
45209110
45209111
45209112
45209113
45209114
45209115
45209116
45209117
45209118
45209119
45209120
45209121
45209122
45209123
45209124
45209125
45209126
45209127
45209128
45209129
45209130
45209131
45209132
45209133
45209134
45209135
45209136
45209137
45209138
45211133
45211134
45211135
45211136
45211137
45211138
45211139
45211140
45211141
45211142
45211143
45211144
45211145
45211146
45211147
45211148
45211149
45211150
45211151
45211152
45211153
45211154
45211155
45211156
45211157
45211158
45211159
45211160
45211161
45211162
45211163
45211164
45211165
45211166
45211167
45211168
45211169
45211170
45211171
45211172
45211173
45211174
45211175
45211176
45211177
45211178
45211179
45211180
45211181
45211182
45211183
45211184
45211185
45211186
45211187
45211188
45211189
45211190
45211191
45211192
45211193
45211194
45211195
45211196
45211197
45211198
45211199
45211200
45211201
45211202
45211203
45211204
45211205
45211206
45211207
45211208
45211209
45211210
45211211
45211212
45211213
45211214
45211215
45211216
45211217
45211218
45211219
45211220
45211221
45211222
45211223
45211224
45211225
45211226
45211227
45211228
45211229
45211230
45211231
45211232
45211233
45211234
45211235
45211236
45211237
45211238
45211239
45211240
45211241
45211242
45211243
45211244
45211245
45211246
45211247
45211248
45211249
45211250
45211251
45211252
45211253
45211254
45211255
45211256
45211257
45211258
45211259
45211260
45211261
45211262
45211263
45211264
45211265
45211266
45211267
45211268
45211269
45211270
45211271
45211272
45211273
45211274
45211275
45211276
45211277
45211278
45211279
45211280
45211281
45211282
45211283
45211284
45211285
45211286
45211287
45211288
45211289
45211290
45211291
45211292
45211293
45211294
45211295
45211296
45211297
45211298
45211299
45211300
45211301
45211302
45211303
45211304
45211305
45211306
45211307
45211308
45211309
45211310
45211311
45211312
45211313
45211314
45211315
45211316
45211317
45211318
45211319
45211320
45211321
45211322
45211323
45211324
45211325
45211326
45211327
45211328
45211329
45211330
45211331
45211332
45211333
45211334
45211335
45211336
45211337
45211338
45211339
45211340
45211341
45211342
45211343
45211344
45211345
45211346
45211347
45211348
45211349
45211350
45211351
45211352
45211353
45211354
45211355
45211356
45211357
45211358
45211359
45211360
45211361
45211362
45211363
45211364
45211365
45211366
45211367
45211368
45211369
45211370
45211371
45211372
45211373
45211374
45211375
45211376
45211377
45211378
45211379
45211380
45211381
45211382
45211383
45211384
45211385
45211386
45211387
45211388
45211389
45211390
45211391
45211392
45211393
45211394
45211395
45211396
45211397
45211398
45211399
45211400
45211401
45211402
45211403
45211404
45211405
45211406
45211407
45211408
45211409
45211410
45211411
45211412
45211413
45211414
45211415
45211416
45211417
45211418
45211419
45211420
45211421
45211422
45211423
45211424
45211425
45211426
45211427
45211428
45211429
45211430
45211431
45211432
45211433
45211434
45211435
45211436
45211437
45211438
45211439
45211440
45211441
45211442
45211443
45211444
45211445
45211446
45211447
45211448
45211449
45211450
45211451
45211452
45211453
45211454
45211455
45211456
45211457
45211458
45211459
45213768
45213769
45213770
45213771
45213772
45213773
45213774
45213775
