7445850
7445851
7445852
7445853
7445854
7445855
7445856
7445857
7445858
7445859
7445860
7445861
7445862
7445863
7445864
7445865
7445866
7445867
7445868
7445869
7445870
7445871
7445872
7445873
7445874
7445875
7445876
7445877
7445878
7445879
7445880
7447678
7447679
7447680
7447681
7447682
7447683
7447684
7447685
7447686
7447687
7447688
7447689
7447690
7447691
7447692
7447693
7447694
7447695
7447696
7447697
7447698
7447699
7447700
7447701
7447702
7447703
7447704
7447705
7447706
7447707
7447708
7447709
7447710
7447711
7447712
7447713
7447714
7447715
7447716
7447717
7447718
7447719
7447720
7447721
7447722
7447723
7447724
7447725
7447726
7447727
7447728
7447729
7447730
7447731
7447732
7447733
7447734
7447735
7447736
7447737
7447738
7447739
7447740
7447741
7447742
7447743
7447744
7447745
7447746
7447747
7447748
7447749
7447750
7447751
7447752
7447753
7447754
7447755
7447756
7447757
7447758
7447759
7447760
7447761
7447762
7447763
7447764
7447765
7447766
7447767
7447768
7447769
7447770
7447771
7447772
7447773
7447774
7447775
7447776
7447777
7447778
7447779
7447780
7447948
7447949
7447950
7447951
7447952
7447953
7447954
7447955
7447956
7447957
7447958
7447959
7447960
7447961
7447962
7447963
7447964
7447965
7447966
7447967
7447968
7447969
7447970
7447971
7447972
7447973
7447974
7447975
7447976
7447977
7447978
7447979
7447980
7447981
7447982
7447983
7447984
7447985
7447986
7447987
7447988
7447989
7447990
7447991
7447992
7447993
7447994
7447995
7447996
7447997
7447998
7447999
7448000
7448001
7448002
7448003
7448004
7448005
7448006
7448007
7448008
7448009
7448010
7448011
7448012
7448013
7448014
7448015
7448016
7448017
7448018
7448019
7448020
7448021
7448022
7448023
7448024
7448025
7448026
7448027
7448028
7448029
7448030
7448031
7448032
7448033
7448034
7448035
7448036
7448037
7448038
7448039
7448040
7448041
7448042
7448043
7448044
7448045
7448046
7448047
7448048
7448049
7448050
7448051
7448052
7448053
7448054
7448055
7448056
7448057
7448058
7448059
7448060
7448061
7448062
7448063
7448064
7448065
7448066
7448067
7448068
7448069
7448070
7448071
7448072
7448073
7448074
7448075
7448076
7448077
7448078
7448079
7448080
7448081
7448082
7448083
7448084
7448085
7448086
7448087
7448088
7448089
7505230
7505231
7505232
7505233
7505234
7505235
7505236
7505237
7505238
7505239
7505240
7505241
7505242
7505243
7505244
7505245
7505246
7505247
7505248
7505249
7505250
7505251
7505252
7505253
7505254
7505255
7505256
7505257
7505258
7505259
7505260
7505261
7505262
7505263
7505264
7505265
7505266
7505267
7505268
7505269
7505270
7505271
7505272
7505273
7505274
7505275
7505276
7505277
7505278
7505279
7505280
7505281
7505282
7505283
7505284
7505285
7505286
7505287
7505288
7505289
7505290
7505291
7505292
7505293
7505294
7505295
7505296
7505297
7505298
7505299
7505300
7505301
7505302
7505303
7505304
7505305
7505306
7505307
7505308
7505309
7505310
7505311
7505312
7505313
7505314
7505315
7505316
7505317
7505318
7505319
7505320
7505321
7505322
7505323
7505324
7505325
7505326
7505327
7505328
7505329
7505330
7505331
7505332
7505333
7505334
7505335
7505336
7505337
7505338
7505339
7505340
7505341
7505342
7505343
7505344
7505345
7505346
7505347
7505348
7505349
7505350
7505351
7505352
7505353
7505354
7505355
7505356
7505357
7505358
7505359
7505360
7505361
7505362
7505363
7505364
7505365
7505366
7505367
7505368
7506539
7506540
7506541
7506542
7506543
7506544
7506545
7506546
7506547
7506548
7506549
7506550
7506551
7506552
7506553
7506554
7506555
7506556
7506557
7506558
7506559
7506560
7506561
7506562
7506563
7506564
7506565
7506566
7506567
7506568
7506569
7506570
7506571
7506572
7506573
7506574
7506575
7506576
7506577
7506578
7506579
7506580
7506581
7506582
7506583
7506584
7506585
7506586
7506587
7506588
7506589
7506590
7506591
7506592
7506593
7506594
7506595
7506596
7506597
7506598
7506599
7506600
7506601
7506602
7506603
7506604
7506605
7506606
7506607
7506608
7506609
7506610
7506611
7506612
7506613
7506614
7506615
7506616
7506617
7506618
7506619
7506620
7506621
7506622
7506623
7506624
7506625
7506626
7506627
7506628
7506629
7506630
7506631
7506632
7506633
7506634
7506635
7506636
7506637
7506638
7506639
7506640
7506641
7506642
7506643
7506644
7506645
7506646
7506647
7506648
7506649
7506650
7506651
7506798
7506799
7506800
7506801
7506802
7506803
7506804
7506805
7506806
7506807
7506808
7506809
7506810
7506811
7506812
7506813
7506814
7506815
7506816
7506817
7506818
7506819
7506820
7506821
7506822
7506823
7506824
7506825
7506826
7506827
7506828
7506829
7506830
7506831
7506832
7506833
7506834
7506835
7506836
7506837
7506838
7506839
7506840
7506841
7506842
7506843
7506844
7506845
7506846
7506847
7506848
7506849
7506850
7506851
7506852
7506853
7506854
7506855
7506856
7506857
7506858
7506859
7506860
7506861
7506862
7506863
7506864
7506865
7506866
7506867
7506868
7506869
7506870
7506871
7506872
7506873
7506874
7506875
7506876
7506877
7506878
7506879
7506880
7506881
7506882
7506883
7506884
7506885
7506886
7506887
7506888
7506889
7506890
7506891
7506892
7506893
7506894
7506895
7506896
7506897
7506898
7506899
7506900
7506901
7506902
7506903
7506904
7506905
7506906
7506907
7506908
7506909
7506910
7506911
7506912
7506913
7506914
7506915
7506916
7506917
7506918
7506919
7506920
7506921
7506922
7506923
7506924
7506925
7506926
7506927
7506928
7506929
7506930
7506931
7506932
7506933
7506934
7506935
7506936
7506937
7506938
7509090
7509091
7509092
7509093
7509094
7509095
7509096
7509097
7509098
7509099
7509100
7509101
7509102
7509103
7509104
7509105
7509106
7509107
7509108
7509109
7509110
7509111
7509112
7509113
7509114
7509115
7509116
7509117
7509118
7509119
7509120
7509121
7509122
7509123
7509124
7509125
7509126
7509127
7509128
7509129
7509130
7509131
7509132
7509133
7509134
7509135
7509136
7509137
7509138
7509139
7509140
7509141
7509142
7509143
7509144
7509145
7509146
7509147
7509148
7509149
7509150
7509151
7509152
7509153
7509154
7509155
7509156
7509157
7509158
7509159
7509160
7509161
7509162
7509163
7509164
7509165
7509166
7509167
7509168
7509169
7509170
7509171
7509172
7509173
7509174
7509175
7509176
7509177
7509178
7509179
7509180
7509181
7509182
7509183
7509184
7509185
7509186
7509187
7509188
7509189
7509190
7509191
7509192
7509193
7509194
7509195
7509196
7509197
7509198
7509199
7509200
7509201
7509202
7509203
7509204
7509205
7509206
7509207
7509208
7509209
7509210
7509211
7509212
7509213
7509214
7509215
7509216
7509217
7509218
7509219
7509220
7509221
7509222
7509223
7509224
7509225
7509226
7509227
7509228
7509229
7509230
7509231
7509232
7509233
7509234
7509235
7509236
7509237
7509238
7509239
7509240
7509241
7509242
7509243
7509244
7509245
7509246
7509247
7509248
7509249
7509250
7509251
7509252
7509253
7509254
7509255
7509256
7509257
7509258
7509259
7509260
7509261
7509262
7509263
7509264
7509265
7509266
7509267
7509268
7509269
7509270
7509271
7509272
7509273
7509274
7509275
7509276
7509277
7509278
7509279
7509280
7509281
7509282
7509283
7509284
7509285
7509286
7509287
7509288
7509289
7509290
7509291
7509292
7509293
7509294
7509295
7509296
7509297
7509298
7509299
7509300
7509301
7509302
7509303
7509304
7509305
7509306
7509307
7509308
7509309
7509310
7509311
7509312
7509313
7509314
7509315
7509316
7509317
7509318
7509319
7509320
7509321
7509322
7509323
7509324
7509325
7509326
7509327
7509328
7509329
7509330
7509331
7509332
7509333
7509334
7509335
7509336
7509337
7509338
7509339
7509340
7511929
7511930
7511931
7511932
7511933
7511934
7511935
7511936
7511937
7511938
7511939
7511940
7511941
7511942
7511943
7511944
7511945
7511946
7511947
7511948
7511949
7511950
7511951
7511952
7511953
7511954
7511955
7511956
7511957
7511958
7511959
7511960
7511961
7511962
7511963
7511964
7511965
7511966
7511967
7511968
7511969
7511970
7511971
7511972
7511973
7511974
7511975
7511976
7511977
7511978
7511979
7511980
7511981
7511982
7511983
7511984
7511985
7511986
7511987
7511988
7511989
7511990
7511991
7511992
7511993
7511994
7511995
7511996
7511997
7511998
7511999
7512000
7512001
7512002
7512003
7512004
7512005
7512006
7512007
7512008
7512009
7512010
7512011
7512012
7512013
7512014
7512015
7512016
7512017
7512018
7512019
7512020
7512021
7512022
7512023
7512024
7512025
7512026
7512027
7512028
7512029
7512030
7512031
7512032
7512033
7512034
7512035
7512036
7512037
7512038
7512039
7512040
7512041
7512042
7512043
7512044
7512045
7512046
7512047
7512048
7512049
7512050
7512051
7512052
7512053
7512054
7516035
7516036
7516037
7516038
7516039
7516040
7516041
7516042
7516043
7516044
7516045
7516046
7516047
7516048
7516049
7516050
7516051
7516052
7516053
7516054
7516055
7516056
7516057
7516058
7516059
7516060
7516061
7516062
7516063
7516064
7516065
7516066
7516067
7516068
7516069
7516070
7516071
7516072
7516073
7516074
7516075
7516076
7516077
7516078
7516079
7516080
7516081
7516082
7516083
7516084
7516085
7516086
7516087
7516088
7516089
7516090
7516091
7516092
7516093
7516094
7516095
7516096
7516097
7516098
7516099
7516100
7516101
7516102
7516103
7516104
7516105
7516106
7516107
7516108
7516109
7516110
7516111
7516112
7516113
7516114
7516115
7516116
7516117
7516118
7516119
7516120
7516121
7516122
7516123
7516124
7516125
7516126
7516127
7516128
7516129
7516130
7516131
7516132
7516133
7516134
7516135
7516136
7516137
7516138
7516139
7516140
7516141
7516142
7516143
7516144
7516145
7516146
7516147
7516148
7516149
7516150
7516151
7516152
7518353
7518354
7518355
7518356
7518357
7518358
7518359
7518360
7518361
7518362
7518363
7518364
7518365
7518366
7518367
7518368
7518369
7518370
7518371
7518372
7518373
7518374
7518375
7518376
7518377
7518378
7518379
7518380
7518381
7518382
7518383
7518384
7518385
7518386
7518387
7518388
7518389
7518390
7518391
7518392
7518393
7518394
7518395
7518396
7518397
7518398
7518399
7518400
7518401
7518402
7518403
7518404
7518405
7518406
7518407
7518408
7518409
7518410
7518411
7518412
7518413
7518414
7518415
7518416
7518417
7518418
7518419
7518420
7518421
7518422
7518423
7518424
7518425
7518426
7518427
7518428
7518429
7518430
7518431
7518432
7518433
7518434
7518435
7518436
7518437
7518438
7518439
7518440
7518441
7518442
7518443
7518444
7518445
7518446
7518447
7518448
7518449
7518450
7518451
7518452
7518453
7518454
7518455
7518456
7518457
7518458
7518459
7518460
7518461
7518462
7518463
7518464
7518465
7518466
7518467
7518468
7518469
7518470
7518471
7518472
7518473
7518474
7518475
7518476
7518477
7518478
7518479
7518480
7518481
7518482
7518483
7518484
7518485
7518486
7518487
7518488
7518489
7518490
7518491
7518492
7518493
7518494
7518495
7518496
7518497
7518498
7518499
7518500
7518501
7518502
7518503
7518504
7518505
7518506
7518507
7518508
7518509
7518510
7518511
7518512
7518513
7518514
7518515
7518516
7518517
7518518
7518519
7518520
7518521
7518522
7518523
7518524
7518525
7518526
7518527
7518528
7518529
7518530
7518531
7518532
7518533
7518534
7518535
7518536
7518537
7518538
7518539
7518540
7518541
7518542
7518543
7518544
7518545
7518546
7518547
7518548
7518549
7518550
7518551
7518552
7518553
7518554
7518555
7518556
7518557
7518558
7518559
7518560
7518561
7518562
7518563
7518564
7518565
7518566
7518567
7518568
7518569
7518570
7518571
7518572
7518573
7518574
7518575
7518576
7518577
7518578
7518579
7518580
7518581
7518582
7518583
7518584
7518585
7518586
7518587
7518588
7518589
7518590
7518591
7518592
7518593
7518594
7518595
7518596
7518597
7518598
7518599
7518600
7518601
7521213
7521214
7521215
7521216
7521217
7521218
7521219
7521220
7521221
7521222
7521223
7521224
7521225
7521226
7521227
7521228
7521229
7521230
7521231
7521232
7521233
7521234
7521235
7521236
7521237
7521238
7521239
7521240
7521241
7521242
7521243
7521244
7521245
7521246
7521247
7521248
7521249
7521250
7521251
7521252
7521253
7521254
7521255
7521256
7521257
7521258
7521259
7521260
7521261
7521262
7521263
7521264
7521265
7521266
7521267
7521268
7521269
7521270
7521271
7521272
7521273
7521274
7521275
7521276
7521277
7521278
7521279
7521280
7521281
7521282
7521283
7521284
7521285
7521286
7521287
7521288
7521289
7523398
7523399
7523400
7523401
7523402
7523403
7523404
7523405
7523406
7523407
7523408
7523409
7523410
7523411
7523412
7523413
7523414
7523415
7523416
7523417
7523418
7523419
7523420
7523421
7523422
7523423
7523424
7523425
7523426
7523427
7523428
7523429
7523430
7523431
7523432
7523433
7523434
7523435
7523436
7523437
7523438
7523439
7523440
7523441
7523442
7523443
7523444
7523445
7523446
7523447
7523448
7523449
7523450
7523451
7523452
7523453
7523454
7523455
7523456
7523457
7523458
7523459
7523460
7523461
7523462
7523463
7523464
7523465
7523466
7523467
7523468
7523469
7523470
7523471
7523472
7523473
7523474
7523475
7523476
7523477
7523478
7523479
7523480
7523481
7523482
7523483
7523484
7523485
7523486
7523487
7523488
7523489
7523490
7523491
7523492
7523493
7523494
7523495
7523496
7523497
7523498
7523499
7523500
7523501
7523502
7523503
7523504
7523505
7523506
7523507
7523508
7523509
7523510
7523511
7523512
7523513
7523514
7523515
7523516
7523517
7523518
7523519
7523520
7523521
7523522
7523523
7523524
7523525
7523526
7523527
7523528
7523529
7523530
7523531
7523532
7523533
7523534
7523535
7523536
7523537
7523538
7523539
7523540
7523541
7523542
7523543
7523544
7523545
7523546
7523547
7523548
7523549
7523550
7523551
7523552
7523553
7523554
7523555
7523556
7523557
7523558
7523559
7523560
7523561
7523562
7523563
7523564
7523565
7523566
7523567
7523568
7523569
7523570
7523571
7523572
7523573
7523574
7523575
7523576
7524789
7524790
7524791
7524792
7524793
7524794
7524795
7524796
7524797
7524798
7524799
7524800
7524801
7524802
7524803
7524804
7524805
7524806
7524807
7524808
7524809
7524810
7524811
7524812
7524813
7524814
7524815
7524816
7524817
7524818
7524819
7524820
7524821
7524822
7524823
7524824
7524825
7524826
7524827
7524828
7524829
7524830
7524831
7524832
7524833
7524834
7524835
7524836
7524837
7524838
7524839
7524840
7524841
7524842
7524843
7524844
7524845
7524846
7524847
7524848
7524849
7524850
7524851
7524852
7524853
7524854
7524855
7524856
7524857
7524858
7524859
7524860
7524861
7524862
7524863
7524864
7524865
7524866
7524867
7524868
7524869
7524870
7524871
7524872
7524873
7524874
7524875
7524876
7524877
7524878
7524879
7524880
7527038
7527039
7527040
7527041
7527042
7527043
7527044
7527045
7527046
7527047
7527048
7527049
7527050
7527051
7527052
7527053
7527054
7527055
7527056
7527057
7527058
7527059
7527060
7527061
7527062
7527063
7527064
7527065
7527066
7527067
7527068
7527069
7527070
7527071
7527072
7527073
7527074
7527075
7527076
7527077
7527078
7527079
7527080
7527081
7527082
7527083
7527084
7527085
7527086
7527087
7527088
7527089
7527090
7527091
7527092
7527093
7527094
7527095
7527096
7527097
7527098
7527099
7527100
7527101
7527102
7527103
7527104
7527105
7527106
7527107
7527108
7527109
7527110
7527111
7527112
7527113
7527114
7527115
7527116
7527117
7527118
7527119
7527120
7527121
7527122
7527123
7527124
7527125
7527126
7527127
7527128
7527129
7527130
7527131
7527132
7527133
7527134
7527135
7527136
7527137
7527138
7527139
7527140
7527141
7527142
7527143
7527144
7527145
7527146
7527147
7527148
7527149
7527150
7527151
7527152
7527153
7527154
7527155
7527156
7527157
7527158
7527159
7527160
7527161
7527162
7527163
7527164
7527165
7527166
7527167
7527168
7527169
7527170
7527171
7527172
7527173
7527174
7527175
7527176
7527177
7527178
7527179
7527180
7527181
7527182
7527183
7527184
7527185
7527186
7527187
7527188
7527189
7527190
7527191
7527192
7527193
7527194
7527195
7527196
7527197
7527198
7527199
7527200
7527201
7527202
7527203
7527204
7527205
7527206
7527207
7527208
7527209
7527210
7527211
7527212
7527213
7527214
7527215
7527216
7527217
7527218
7527219
7527220
7528704
7528705
7528706
7528707
7528708
7528709
7528710
7528711
7528712
7528713
7528714
7528715
7528716
7528717
7528718
7528719
7528720
7528721
7528722
7528723
7528724
7528725
7528726
7528727
7528728
7528729
7528730
7528731
7528732
7528733
7528734
7528735
7528736
7528737
7528738
7528739
7528740
7528741
7528742
7528743
7528744
7528745
7528746
7528747
7528748
7528749
7528750
7528751
7528752
7528753
7528754
7528755
7528756
7528757
7528758
7528759
7528760
7528761
7528762
7528763
7528764
7528765
7528766
7528767
7528768
7528769
7528770
7528771
7528772
7528773
7528774
7528775
7528776
7528777
7528778
7528779
7528780
7528781
7528782
7528783
7528784
7528785
7528786
7528787
7528788
7528789
7528790
7528791
7528792
7528793
7528794
7528795
7528796
7528797
7528798
7528799
7528800
7528801
7528802
7528803
7528804
7528805
7528806
7528807
7528808
7528809
7528810
7528811
7528812
7528813
7528814
7528815
7528816
7528817
7528818
7528819
7528820
7528821
7528822
7528823
7528824
7528825
7528826
7528827
7528828
7528829
7528830
7528831
7528832
7528833
7528834
7528835
7528836
7528837
7528838
7528839
7528840
7528841
7529446
7529447
7529448
7529449
7529450
7529451
7529452
7529453
7529454
7529455
7529456
7529457
7529458
7529459
7529460
7529461
7529462
7529463
7529464
7529465
7529466
7529467
7529468
7529469
7529470
7529471
7529472
7529473
7529474
7529475
7529476
7529477
7529478
7529479
7529480
7529481
7529482
7529483
7529484
7529485
7529486
7529487
7529488
7529489
7529490
7529491
7529492
7529493
7529494
7529495
7529496
7529497
7529498
7529499
7529500
7529501
7529502
7529503
7529504
7529505
7529506
7529507
7529508
7529509
7529510
7529511
7529512
7529513
7529514
7529515
7529516
7529517
7529518
7529519
7529520
7529521
7529522
7529523
7529524
7529525
7529526
7529527
7529528
7529529
7529530
7529531
7529532
7529533
7529534
7529535
7529536
7529537
7529538
7529539
7529540
7529541
7529542
7529543
7529544
7529545
7529546
7529547
7529548
7529549
7529550
7529551
7529552
7529553
7529554
7529555
7529556
7529557
7529558
7529559
7529560
7529561
7529562
7529563
7529564
7529565
7529566
7529567
7529568
7529569
7529570
7529571
7529572
7529573
7529574
7529575
7529576
7531804
7531805
7531806
7531807
7531808
7531809
7531810
7531811
7531812
7531813
7531814
7531815
7531816
7531817
7531818
7531819
7531820
7531821
7531822
7531823
7531824
7531825
7531826
7531827
7531828
7531829
7531830
7531831
7531832
7531833
7531834
7531835
7531836
7531837
7531838
7531839
7531840
7531841
7531842
7531843
7531844
7531845
7531846
7531847
7531848
7531849
7531850
7531851
7531852
7531853
7531854
7531855
7531856
7531857
7531858
7531859
7531860
7531957
7531958
7531959
7531960
7531961
7531962
7531963
7531964
7531965
7531966
7531967
7531968
7531969
7531970
7531971
7531972
7531973
7531974
7531975
7531976
7531977
7531978
7531979
7531980
7531981
7531982
7531983
7531984
7531985
7531986
7531987
7531988
7531989
7531990
7531991
7531992
7531993
7531994
7531995
7531996
7531997
7531998
7531999
7532000
7532001
7532002
7532003
7532004
7532100
7532101
7532102
7532103
7532104
7532105
7532106
7532107
7532108
7532109
7532110
7532111
7532112
7532113
7532114
7532115
7532116
7532117
7532118
7532119
7532120
7532121
7532122
7532123
7532124
7532125
7532126
7532127
7532128
7532129
7532130
7532131
7532132
7532133
7532134
7532135
7532136
7532137
7532138
7532139
7532140
7532141
7532142
7532143
7532144
7532145
7532146
7532147
7532148
7532149
7532150
7532151
7532152
7532153
7532154
7532155
7532156
7532157
7532158
7532159
7532160
7532161
7532162
7532163
7532164
7532165
7532166
7532167
7532168
7532169
7532170
7532171
7532172
7532173
7532174
7532175
7532176
7532177
7532178
7532179
7532180
7532181
7532182
7532183
7532184
7532185
7532186
7532187
7532188
7532189
7532190
7532191
7532192
7532193
7532194
7532195
7532196
7532197
7532198
7532199
7532200
7532201
7532202
7532203
7532204
7532205
7532206
7532207
7532208
7532209
7532210
7532211
7532212
7532213
7532214
7532215
7532216
7532217
7532218
7532219
7532220
7532221
7532222
7532223
7532224
7532225
7532226
7532227
7532228
7532229
7532230
7532231
7532232
7532233
7532234
7532235
7532236
7532237
7532238
7532239
7532240
7532241
7532242
7532243
7532244
7532245
7532246
7532247
7532248
7532249
7532250
7532251
7532252
7532253
7532254
7532255
7532256
7532257
7532258
7532259
7532260
7532261
7532262
7532263
7532264
7532265
7532266
7532267
7532268
7532269
7532270
7532271
7532272
7532273
7532274
7532275
7532276
7532277
7532278
7532279
7532280
7532281
7532282
7532283
7532284
7532285
7532286
7532287
7532288
7532289
7532290
7532291
7532292
7532293
7532294
7532295
7532296
7532297
7532298
7532299
7532300
7532301
7532302
7532303
7532304
7532305
7532306
7532307
7532308
7532309
7532310
7532311
7532312
7532313
7532314
7532315
7532316
7532317
7532318
7532319
7532320
7532321
7532322
7532323
7532324
7532325
7532326
7532327
7532328
7532329
7532330
7532331
7532332
7532333
7532334
7532335
7532336
7532337
7532338
7532339
7532340
7532341
7532342
7532343
7532344
7532345
7532346
7532347
7532348
7532349
7532350
7532351
7532352
7532353
7532354
7532355
7532356
7532357
7532358
7532359
7532360
7532361
7532362
7532363
7532364
7532365
7532366
7532367
7532368
7532369
7532370
7532371
7532372
7532373
7532374
7532375
7532376
7532377
7532378
7532379
7532380
7532381
7532382
7532383
7532384
7532385
7532386
7532387
7532388
7532389
7532390
7532391
7532392
7532393
7532394
7532395
7532396
7532397
7532398
7532399
7532400
7532401
7532402
7532403
7532404
7532405
7532406
7532407
7532408
7532409
7532410
7532411
7532412
7532413
7532414
7532415
7532416
7532417
7532418
7532419
7532420
7532421
7532422
7532423
7532424
7532425
7532426
7532427
7532428
7532429
7532430
7532431
7532432
7532433
7532434
7532435
7532436
7532437
7532438
7532439
7532440
7532441
7532442
7532443
7532444
7532445
7532446
7532447
7532448
7532449
7532450
7532451
7532452
7532453
7532454
7532455
7532456
7532457
7532458
7532459
7532460
7532461
7532462
7532463
7532464
7532465
7532466
7532467
7532468
7532469
7532470
7532471
7532472
7532473
7532474
7532475
7532476
7532477
7532478
7532479
7532480
7532481
7532482
7532483
7532484
7532485
7532486
7532487
7532488
7532489
7532490
7532491
7532492
7532493
7532494
7532495
7532496
7532497
7532498
7532499
7532500
7532501
7532502
7532503
7532504
7532505
7532506
7532507
7532508
7532509
7532510
7532511
7532512
7532513
7532514
7532515
7532516
7532517
7532518
7532519
7532520
7532521
7532522
7532523
7532524
7532525
7532526
7532527
7532528
7532529
7532530
7532531
7532532
7532533
7532534
7532535
7532536
7532537
7532538
7532539
7532540
7532541
7532542
7532543
7532544
7532545
7532546
7532547
7532548
7532549
7532550
7532551
7532552
7532553
7532554
7532555
7532556
7532557
7532558
7532559
7532560
7532561
7532562
7532563
7532564
7532565
7532566
7532567
7532568
7532569
7532570
7533711
7533712
7533713
7533714
7533715
7533716
7533717
7533718
7533719
7533720
7533721
7533722
7533723
7533724
7533725
7533726
7533727
7533728
7533729
7533730
7533731
7533732
7533733
7533734
7533735
7533736
7533737
7533738
7533739
7533740
7533741
7533742
7533743
7533744
7533745
7533746
7533747
7533748
7533749
7533750
7533751
7533752
7533753
7533754
7533755
7533756
7533757
7533758
7533759
7533760
7533761
7533762
7533763
7533764
7533765
7533766
7533767
7533768
7533769
7533770
7533771
7533772
7533773
7533774
7533775
7533776
7533777
7533778
7533779
7533780
7533781
7533782
7533783
7533784
7533785
7533786
7533787
7533788
7533789
7533790
7533791
7533792
7533793
7533794
7533795
7533796
7533797
7533798
7533799
7533800
7533801
7533802
7533803
7533804
7533805
7533806
7533807
7533808
7533809
7533810
7533811
7533812
7533813
7533814
7533815
7533816
7533817
7533818
7533819
7533820
7533821
7533822
7533823
7533824
7533825
7533826
7533827
7533828
7533829
7533830
7533831
7533832
7533833
7533834
7533835
7533836
7533837
7533838
7533839
7533840
7533841
7533842
7533843
7533844
7533845
7533846
7533847
7533848
7533849
7533850
7533851
7533852
7533853
7533854
7533855
7533856
7533857
7533858
7533859
7533860
7533861
7533862
7533863
7533864
7533865
7533866
7533867
7533868
7533869
7533870
7533871
7533872
7533873
7533874
7533875
7533876
7533877
7533878
7533879
7533880
7533881
7533882
7533883
7533884
7533885
7533886
7533887
7533888
7533889
7533890
7533891
7533892
7533893
7533894
7533895
7533896
7533897
7533898
7533899
7533900
7533901
7533902
7533903
7533904
7533905
7533906
7533907
7533908
7533909
7533910
7533911
7533912
7533913
7533914
7533915
7533916
7533917
7533918
7533919
7533920
7533921
7533922
7533923
7533924
7533925
7533926
7533927
7533928
7533929
7533930
7533931
7533932
7533933
7533934
7533935
7533936
7533937
7533938
7533939
7533940
7533941
7533942
7533943
7533944
7533945
7533946
7533947
7533948
7533949
7533950
7533951
7533952
7533953
7533954
7533955
7533956
7533957
7533958
7533959
7533960
7533961
7533962
7533963
7533964
7533965
7533966
7533967
7533968
7533969
7533970
7533971
7533972
7533973
7533974
7533975
7533976
7533977
7533978
7533979
7533980
7533981
7533982
7533983
7533984
7533985
7533986
7533987
7533988
7533989
7533990
7533991
7533992
7533993
7533994
7533995
7533996
7533997
7533998
7533999
7534000
7534001
7534002
7534003
7534004
7534005
7534006
7534007
7534008
7534009
7534010
7534011
7534012
7534013
7534014
7534015
7534016
7534017
7534790
7534791
7534792
7534793
7534794
7534795
7534796
7534797
7534798
7534799
7534800
7534801
7534802
7534803
7534804
7534805
7534806
7534807
7534808
7534809
7534810
7534811
7534812
7534813
7534814
7534815
7534816
7534817
7534818
7534819
7534820
7534821
7534822
7534823
7534824
7534825
7534826
7534827
7534828
7534829
7534830
7534831
7534832
7534833
7534834
7534835
7534836
7534837
7534838
7534839
7534840
7534841
7534842
7534843
7534844
7534845
7534846
7534847
7534848
7534849
7534850
7534851
7534852
7534853
7534854
7534855
7534856
7534857
7534858
7534859
7534860
7534861
7534862
7534863
7534864
7534865
7534866
7534867
7534868
7534869
7534870
7534871
7534872
7534873
7534874
7534875
7534876
7534877
7534878
7534879
7534880
7534881
7534882
7534883
7534884
7534885
7534886
7534887
7534888
7534889
7534890
7534891
7534892
7534893
7534894
7534895
7534896
7534897
7534898
7534899
7534900
7534901
7534902
7534903
7534904
7534905
7534906
7534907
7534908
7534909
7534910
7534911
7534912
7534913
7534914
7534915
7535012
7535013
7535014
7535015
7535016
7535017
7535018
7535019
7535020
7535021
7535022
7535023
7535024
7535025
7535026
7535027
7535028
7535029
7535030
7535031
7535032
7535033
7535034
7535035
7535036
7535037
7535038
7535039
7535040
7535041
7535042
7535043
7535044
7535045
7535046
7535047
7535048
7535049
7535050
7535051
7535052
7535053
7535054
7535055
7535056
7535057
7535058
7535059
7535060
7535061
7535062
7535063
7535064
7535065
7535066
7535067
7535068
7535069
7535070
7535071
7535072
7535073
7535074
7535075
7535076
7535077
7535078
7535079
7535080
7535081
7535082
7535083
7535084
7535085
7535086
7535087
7535088
7535089
7535090
7535091
7535092
7535093
7535094
7535095
7535096
7535097
7535098
7535099
7535100
7535101
7535102
7535103
7535104
7535105
7535106
7535107
7535108
7535109
7535110
7535111
7535112
7535113
7535114
7535115
7535116
7535117
7535118
7535119
7535120
7535121
7535122
7535123
7535124
7535125
7535126
7535127
7535128
7535129
7535130
7535131
7504827
7504828
7504829
7504830
7504831
7504832
7504833
7504834
7504835
7504836
7504837
7504838
7504839
7504840
7504841
7504842
7504843
7504844
7504845
7504846
7504847
7504848
7504849
7504850
7504851
7504852
7504853
7504854
7504855
7504856
7504857
7504858
7504859
7504860
7504861
7504862
7504863
7504864
7504865
7504866
7504867
7504868
7504869
7504870
7504871
7504872
7504873
7504874
7504875
7504876
7504877
7504878
7504879
7504880
7504881
7504882
7504883
7504884
7504885
7504886
7504887
7504888
7504889
7504890
7504891
7504892
7504893
7504894
7504895
7504896
7504897
7504898
7504899
7504900
7504901
7504902
7504903
7504904
7504905
7504906
7504907
7504908
7504909
7504910
7504911
7504912
7504913
7504914
7504915
7504916
7504917
7504918
7504919
7504920
7504921
7504922
7504923
7504924
7504925
7504926
7504927
7504928
7504929
7504930
7504931
7504932
7504933
7504934
7504935
7504936
7504937
7504938
7504939
7504940
7504941
7504942
7504943
7504944
7504945
7504946
7504947
7504948
7504949
7504950
7504951
7504952
7504953
7504954
7504955
7504956
7504957
7504958
7504959
7504960
7504961
7504962
7504963
7504964
7504965
7504966
7504967
7504968
7504969
7504970
7504971
7504972
7504973
7504974
7504975
7504976
7504977
7504978
7504979
7504980
7504981
7504982
7504983
7504984
7504985
7504986
7504987
7504988
7504989
7504990
7504991
7504992
7504993
7504994
7504995
7504996
7504997
7504998
7504999
7505000
7505001
7505002
7505003
7505004
7505005
7505006
7505007
7505008
7505009
7505010
7505011
7505012
7505013
7505014
7505015
7505016
7505017
7505018
7505019
7505020
7505021
7505022
7505023
7505024
7505025
7505026
7505027
7505028
7505029
7505030
7505031
7505032
7505033
7505034
7505035
7505036
7505037
7505038
7505039
7505040
7505041
7505042
7505043
7505044
7505045
7505046
7505047
7505048
7505049
7505050
7505051
7505052
7505053
7505054
7505055
7505056
7505057
7505058
7505059
7505060
7505061
7505062
7505063
7505064
7505065
7505066
7505067
7505068
7505069
7505070
7505071
7505072
7505073
7505074
7505075
7505076
7505077
7505078
7505079
7505080
7505081
7505082
7505083
7505084
7505085
7505086
7505087
7505088
7505089
7505090
7505091
7505092
7505093
7505094
7505095
7505096
7505097
7505098
7505099
7505100
7505101
7505102
7505103
7505104
7505105
7505106
7505107
7505108
7505109
7505110
7505111
7505112
7505113
7505114
7505115
7505116
7505117
7505118
7505119
7505120
7505121
7505122
7505123
7505124
7505125
7505126
7505127
7505128
7505129
7505130
7505131
7505132
7505133
7505134
7505135
7505136
7505137
7505138
7505139
7505140
7505141
7505142
7505143
7505144
7505145
7505146
7505147
7505148
7505149
7505150
7505151
7505152
7505153
7505154
7505155
7505156
7505157
7505158
7505159
7505160
7505161
7505162
7505163
7505164
7505165
7505166
7505167
7505168
7505169
7505170
7505171
7505172
7505173
7505174
7505175
7505176
7505177
7505178
7505179
7505180
7505181
7505182
7505183
7505184
7505185
7505186
7505187
7505188
7505189
7505190
7505191
7505192
7505193
7505194
7505195
7505196
7505197
7505198
7505199
7505200
7505201
7505202
7505203
7505204
7505205
7505206
7505207
7505208
7505209
7505210
7505211
7505212
7505213
7505214
7505215
7505216
7505217
7505218
7505219
7505220
7505221
7505222
7505223
7505224
7505225
7505226
7505227
7505228
7505229
7535132
7535133
7535134
7535135
7535136
7535137
7535138
7535139
7535140
7535141
7535142
7535143
7535144
7535145
7535146
7535147
7535148
7535149
7535150
7535151
7535152
7535153
7535154
7535155
7535156
7535157
7535158
7535159
7535160
7535161
7535162
7535163
7535164
7535165
7535166
7535167
7535168
7535169
7535170
7535171
7535172
7535173
7535174
7535175
7535176
7535177
7535178
7535179
7535180
7535181
7553837
7553838
7553839
7553840
7553841
7553842
7553843
7553844
7553845
7553846
7553847
7553848
7553849
7553850
7553851
7553852
7553853
7553854
7553855
7553856
7553857
7553858
7553859
7553860
7553861
7553862
7553863
7553864
7553865
7553866
7553867
7553868
7553869
7553870
7553871
7553872
7553873
7553874
7553875
7553876
7553877
7553878
7553879
7553880
7553881
7553882
7553883
7553884
7553885
7553886
7553887
7553888
7553889
7553890
7553891
7553892
7553893
7553894
7553895
7553896
7550724
7550725
7550726
7550727
7550728
7550729
7550730
7550731
7550732
7550733
7550734
7550735
7550736
7550737
7550738
7550739
7550740
7550741
7550742
7550743
7550744
7550745
7550746
7550747
7550748
7550749
7550750
7550751
7550752
7550753
7550754
7550755
7550756
7550757
7550758
7550759
7550760
7550761
7550762
7550763
7550764
7550765
7550766
7550767
7550768
7550769
7550770
7550771
7550772
7550773
7550774
7550775
7550776
7550777
7550778
7550779
7550780
7550781
7550782
7550783
7550784
7550785
7550786
7550787
7550788
7550789
7550790
7550791
7550792
7550793
7550794
7550795
7550796
7550797
7550798
7550799
7550800
7550801
7550802
7550803
7550804
7550805
7550806
7550807
7550808
7550809
7550810
7550811
7550812
7550813
7550814
7550815
7550816
7550817
7550818
7550819
7550820
7550821
7550822
7550823
7550824
7550825
7550826
7550827
7550828
7550829
7550830
7550831
7550832
7550833
7550834
7550835
7550836
7550837
7550838
7550839
7550840
7550841
7550842
7550843
7550844
7550845
7550846
7550847
7550848
7550849
7550850
7550851
7550852
7550853
7550854
7550855
7550856
7550857
7550858
7550859
7550860
7550861
7550862
7550863
7550864
7550865
7550866
7550867
7550868
7550869
7550870
7550871
7550872
7550873
7550874
7550875
7550876
7550877
7550878
7550879
7550880
7550881
7550882
7550883
7550884
7550885
7550886
7550887
7550888
7550889
7550890
7550891
7550892
7550893
7550894
7550895
7550896
7550897
7550898
7550899
7550900
7550901
7550902
7550903
7550904
7550905
7550906
7550907
7550908
7550909
7550910
7550911
7550912
7546919
7546920
7546921
7546922
7546923
7546924
7546925
7546926
7546927
7546928
7546929
7546930
7546931
7546932
7546933
7546934
7546935
7546936
7546937
7546938
7546939
7546940
7546941
7546942
7546943
7546944
7546945
7546946
7546947
7546948
7546949
7546950
7546951
7546952
7546953
7546954
7546955
7546956
7546957
7546958
7546959
7546960
7546961
7546962
7546963
7546964
7546965
7546966
7546967
7546968
7546969
7546970
7546971
7546972
7546973
7546974
7546975
7546976
7546977
7546978
7546979
7546980
7546981
7546982
7546983
7546984
7546985
7546986
7546987
7546988
7546989
7546990
7546991
7546992
7546993
7546994
7546995
7546996
7546997
7546998
7546999
7547000
7547001
7547002
7547003
7547004
7547005
7547006
7547007
7547008
7547009
7547010
7547011
7547012
7547013
7547014
7547015
7547016
7547017
7547018
7547019
7547020
7547021
7547022
7547023
7547024
7547025
7547026
7547027
7547028
7547029
7547030
7547031
7547032
7547033
7547034
7547035
7547036
7547037
7547038
7547039
7547040
7547041
7547042
7547043
7547044
7547045
7547046
7547047
7547048
7547049
7547050
7547051
7547052
7547053
7547054
7547055
7547056
7547057
7547058
7547059
7547060
7547061
7547062
7547063
7547064
7547065
7547066
7547067
7547068
7547069
7547070
7547071
7547072
7547073
7547074
7547075
7547076
7547077
7547078
7547079
7547080
7547081
7547082
7547083
7547084
7547085
7547086
7547087
7547088
7547089
7547090
7547091
7547092
7547093
7547094
7547095
7547096
7547097
7543200
7543201
7543202
7543203
7543204
7543205
7543206
7543207
7543208
7543209
7543210
7543211
7543212
7543213
7543214
7543215
7543216
7543217
7543218
7543219
7543220
7543221
7543222
7543223
7543224
7543225
7543226
7543227
7543228
7543229
7543230
7543231
7543232
7543233
7543234
7543235
7543236
7543237
7543238
7543239
7543240
7543241
7543242
7543243
7543244
7543245
7543246
7543247
7543248
7543249
7543250
7543251
7543252
7543253
7543254
7543255
7543256
7543257
7543258
7543259
7543260
7543261
7543262
7542091
7542092
7542093
7542094
7542095
7542096
7542097
7542098
7542099
7542100
7542101
7542102
7542103
7542104
7542105
7542106
7542107
7542108
7542109
7542110
7542111
7542112
7542113
7542114
7542115
7542116
7542117
7542118
7542119
7542120
7542121
7542122
7542123
7542124
7542125
7542126
7542127
7542128
7542129
7542130
7542131
7542132
7542133
7542134
7542135
7542136
7542137
7542138
7542139
7542140
7542141
7542142
7542143
7542144
7542145
7542146
7542147
7542148
7542149
7542150
7542151
7542152
7542153
7542154
7542155
7542156
7542157
7542158
7542159
7542160
7542161
7542162
7542163
7542164
7542165
7542166
7542167
7542168
7542169
7542170
7542171
7542172
7542173
7542174
7542175
7542176
7542177
7542178
7542179
7542180
7542181
7542182
7542183
7542184
7542185
7542186
7542187
7542188
7542189
7542190
7542191
7542192
7542193
7542194
7542195
7542196
7542197
7542198
7542199
7542200
7542201
7542202
7542203
7542204
7542205
7542206
7542207
7542208
7542209
7542210
7542211
7542212
7542213
7542214
7542215
7542216
7542217
7542218
7542219
7542220
7542221
7542222
7542223
7542224
7542225
7542226
7542227
7542228
7542229
7542230
7542231
7542232
7542233
7542234
7542235
7542236
7542237
7542238
7542239
7542240
7542241
7542242
7542243
7542244
7542245
7542246
7542247
7542248
7542249
7542250
7542251
7542252
7542253
7542254
7542255
7542256
7542257
7542258
7542259
7542260
7542261
7542262
7542263
7542264
7542265
7542266
7542267
7542268
7542269
7542270
7542271
7542272
7542273
7542274
7542275
7542276
7542277
7542278
7542279
7542280
7542281
7542282
7542283
7542284
7542285
7542286
7542287
7542288
7542289
7542290
7542291
7542292
7542293
7542294
7542295
7542296
7542297
7542298
7542299
7542300
7542301
7542302
7542303
7542304
7542305
7542306
7542307
7542308
7542309
7542310
7542311
7542312
7542313
7542314
7542315
7542316
7542317
7542318
7542319
7542320
7542321
7542322
7565709
7565710
7565711
7565712
7565713
7565714
7565715
7565716
7565717
7565718
7565719
7565720
7565721
7565722
7565723
7565724
7565725
7565726
7565727
7565728
7565729
7565730
7565731
7565732
7565733
7565734
7565735
7565736
7565737
7565738
7565739
7565740
7565741
7565742
7565743
7565744
7565745
7565746
7565747
7565748
7565749
7565750
7565751
7565752
7565753
7565754
7565755
7565756
7565757
7565758
7565759
7565760
7565761
7565762
7565763
7565764
7565765
7565766
7565767
7565768
7565769
7565770
7565771
7565772
7565773
7565774
7565775
7565776
7565777
7565778
7565779
7565780
7565781
7565782
7565783
7565784
7565785
7565786
7565787
7565788
7565789
7565790
7565791
7565792
7565793
7565794
7565795
7565796
7565797
7565798
7565799
7565800
7565801
7565802
7565803
7565804
7565805
7565806
7565807
7565808
7565809
7565810
7565811
7565812
7565813
7565814
7565815
7565816
7565817
7565818
7565819
7565820
7565821
7565822
7565823
7565824
7565825
7565826
7565827
7565828
7565829
7565830
7565831
7565832
7565833
7565834
7565835
7565836
7565837
7565838
7565839
7565840
7565841
7565842
7565843
7565844
7565845
7565846
7565847
7565848
7565849
7565850
7565851
7565852
7565853
7565854
7565855
7565856
7565857
7565858
7565859
7565860
7565861
7565862
7565863
7565864
7565865
7565866
7565867
7565868
7565869
7565870
7565871
7565872
7565873
7565874
7565875
7565876
7565877
7565878
7565879
7565880
7565881
7565882
7565883
7565884
7565885
7565886
7565887
7565888
7565889
7565890
7565891
7565892
7565893
7565894
7565895
7565896
7565897
7565898
7565899
7565900
7565901
7565902
7565903
7565904
7565905
7565906
7565907
7565908
7565909
7565910
7565911
7565912
7565913
7565914
7565915
7565916
7565917
7565918
7565919
7565920
7565921
7565922
7565923
7565924
7565925
7565926
7565927
7565928
7565929
7565930
7565931
7565932
7565933
7565934
7565935
7565936
7565937
7565938
7565939
7565940
7565941
7565942
7565943
7565944
7565945
7565946
7565947
7565948
7565949
7565950
7565951
7565952
7565953
7565954
7565955
7565956
7565957
7565958
7565959
7565960
7565961
7565962
7565963
7565964
7565965
7565966
7565967
7565968
7565969
7565970
7565971
7565972
7565973
7565974
7565975
7565976
7565977
7565978
7565979
7565980
7565981
7565982
7565983
7565984
7565985
7565986
7565987
7565988
7565989
7565990
7565991
7565992
7565993
7565994
7565995
7565996
7565997
7565998
7565999
7566000
7566001
7566002
7566003
7566004
7566005
7566006
7566007
7566008
7566009
7566010
7566011
7566012
7566013
7566014
7566015
7566016
7566017
7566018
7566019
7566020
7566021
7566022
7566023
7566024
7566025
7566026
7566027
7566028
7566029
7566030
7566031
7566032
7566033
7566034
7566035
7566036
7566037
7566038
7566039
7566040
7566041
7566042
7566043
7566044
7566045
7566046
7566047
7566048
7566049
7566050
7566051
7566052
7566053
7566054
7566055
7566056
7566057
7566058
7566059
7566060
7566061
7566062
7566063
7566064
7566065
7566066
7566067
7566068
7566069
7566070
7566071
7566072
7566073
7566074
7566075
7566076
7566077
7566078
7566079
7566080
7566081
7566082
7566083
7566084
7566085
7566086
7566087
7566088
7566089
7566090
7566091
7566092
7566093
7566094
7566095
7566096
7566097
7566098
7566099
7566100
7566101
7566102
7566103
7566104
7566105
7566106
7566107
7566108
7566109
7566110
7566111
7566112
7566113
7566114
7566115
7566116
7566117
7566118
7566119
7566120
7566121
7566122
7566123
7566124
7566125
7566126
7566127
7566128
7566129
7566130
7566131
7566132
7566133
7566134
7566135
7566136
7566137
7566138
7566139
7566140
7566141
7566142
7566143
7566144
7566145
7566146
7566147
7566148
7566149
7566150
7566151
7566152
7566153
7566154
7566155
7566156
7566157
7566158
7566159
7566160
7566161
7566162
7566163
7566164
7566165
7566166
7566167
7566168
7566169
7566170
7566171
7566172
7566173
7566174
7566175
7566176
7566177
7566178
7566179
7566180
7566181
7566182
7566183
7566184
7566185
7566186
7566187
7566188
7566189
7566190
7566191
7566192
7566193
7566194
7566195
7566196
7566197
7566198
7566199
7566200
7566201
7566202
7566203
7566204
7566205
7566206
7566207
7566208
7566209
7566210
7566211
7566212
7566213
7566214
7566215
7566216
7566217
7566218
7566219
7566220
7566221
7566222
7566223
7566224
7566225
7566226
7566227
7566228
7566229
7566230
7566231
7566232
7566233
7566234
7566235
7566236
7566237
7566238
7566239
7566240
7566241
7566242
7566243
7566244
7566245
7566246
7566247
7566248
7566249
7566250
7566251
7566252
7566253
7566254
7566255
7566256
7566257
7566258
7566259
7566260
7566261
7566262
7566263
7566264
7566265
7566266
7566267
7566268
7566269
7566270
7566271
7566272
7566273
7566274
7566275
7566276
7566277
7566278
7566279
7566280
7566281
7566282
7566283
7566284
7566285
7569007
7569008
7569009
7569010
7569011
7569012
7569013
7569014
7569015
7569016
7569017
7569018
7569019
7569020
7569021
7569022
7569023
7569024
7569025
7569026
7569027
7569028
7569029
7569030
7569031
7569032
7569033
7569034
7569035
7569036
7569037
7569038
7569039
7569040
7569041
7569042
7569043
7569044
7569045
7569046
7569047
7569048
7569049
7569050
7569051
7569052
7569053
7569054
7569055
7569056
7569057
7569058
7569059
7569060
7569061
7569062
7569063
7569064
7569065
7569066
7569067
7569068
7569069
7569070
7569071
7569072
7569073
7569074
7569075
7569076
7569077
7569078
7569079
7569080
7569081
7569082
7569083
7569084
7569085
7569086
7569087
7569088
7569089
7569090
7569091
7569092
7569093
7569094
7569095
7569096
7569097
7569098
7569099
7569100
7569101
7569102
7569103
7569104
7569105
7569106
7569107
7569108
7569109
7569110
7569197
7569198
7569199
7569200
7569201
7569202
7569203
7569204
7569205
7569206
7569207
7569208
7569209
7569210
7569211
7569212
7569213
7569214
7569215
7569216
7569217
7569218
7569219
7569220
7569221
7569222
7569223
7569224
7569225
7569226
7569227
7569228
7569229
7569230
7569231
7569232
7569233
7569234
7569235
7569236
7569237
7569238
7569239
7569240
7569241
7569242
7569243
7569244
7569245
7569246
7569247
7569248
7569249
7569250
7569251
7569252
7569253
7569254
7569255
7569256
7569257
7569258
7569259
7569260
7569261
7569262
7569263
7569264
7569265
7569266
7569267
7569268
7569269
7569270
7569271
7569272
7569273
7569274
7569275
7569276
7569277
7569278
7569279
7569280
7569281
7569282
7569283
7569284
7569285
7569286
7569287
7569288
7569289
7569290
7569291
7569292
7569293
7569294
7569295
7569296
7569297
7570210
7570211
7570212
7570213
7570214
7570215
7570216
7570217
7570218
7570219
7570220
7570221
7570222
7570223
7570224
7570225
7570226
7570227
7570228
7570229
7570230
7570231
7570232
7570233
7570234
7570235
7570236
7570237
7570238
7570239
7570240
7570241
7570242
7570243
7570244
7570245
7570246
7570247
7570248
7570249
7570250
7570251
7570252
7570253
7570254
7570255
7570256
7570257
7570258
7570259
7570260
7570261
7570262
7570263
7570264
7570265
7570266
7570267
7570268
7570269
7570270
7570271
7570272
7570273
7570274
7570275
7570276
7570277
7570278
7570279
7570280
7570281
7570282
7570283
7570284
7570285
7570286
7570287
7570288
7570289
7570290
7570291
7570292
7570293
7570294
7570295
7570296
7570297
7570298
7570299
7570300
7570301
7570302
7570303
7570304
7570305
7570306
7570307
7570308
7570309
7570310
7570311
7570312
7570313
7570314
7570315
7570316
7570317
7570318
7570319
7570320
7570321
7570322
7570403
7570404
7570405
7570406
7570407
7570408
7570409
7570410
7570411
7570412
7570413
7570414
7570415
7570416
7570417
7570418
7570419
7570420
7570421
7570422
7570423
7570424
7570425
7570426
7570427
7570428
7570429
7570430
7570431
7570432
7570433
7570434
7570435
7570436
7570437
7570438
7570439
7570440
7570441
7570442
7570443
7570444
7570445
7570446
7570447
7570448
7570449
7570450
7570451
7570452
7570453
7570454
7570455
7570456
7570457
7570458
7570459
7570460
7570461
7570462
7570463
7570464
7570465
7570466
7570467
7570468
7570469
7570470
7570471
7570472
7570473
7570474
7570475
7570476
7570477
7570478
7570479
7570480
7570481
7570482
7570483
7570484
7570485
7570486
7570487
7570488
7570489
7570490
7570491
7570492
7570493
7570494
7570495
7570496
7570497
7570498
7570499
7570500
7570501
7570502
7570503
7570504
7570505
7570506
7570507
7570508
7570509
7570510
7570511
7570512
7570850
7570851
7570852
7570853
7570854
7570855
7570856
7570857
7570858
7570859
7570860
7570861
7570862
7570863
7570864
7570865
7570866
7570867
7570868
7570869
7570870
7570871
7570872
7570873
7570874
7570875
7570876
7570877
7570878
7570879
7570880
7570881
7570882
7570883
7570884
7570885
7570886
7570887
7570888
7570889
7570890
7570891
7570892
7570893
7570894
7570895
7570896
7570897
7570898
7570899
7570900
7570901
7570902
7570903
7570904
7570905
7570906
7570907
7570908
7570909
7570910
7570911
7570912
7570913
7570914
7570915
7570916
7570917
7570918
7570919
7570920
7570921
7570922
7570923
7570924
7570925
7570926
7570927
7570928
7570929
7570930
7570931
7570932
7570933
7570934
7570935
7570936
7570937
7570938
7570939
7570940
7570941
7570942
7570943
7570944
7570945
7570946
7570947
7570948
7570949
7570950
7570951
7570952
7570953
7570954
7570955
7570956
7570957
7570958
7570959
7570960
7570961
7570962
7570963
7570964
7570965
7570966
7570967
7570968
7570969
7570970
7570971
7570972
7570973
7570974
7570975
7570976
7570977
7570978
7570979
7570980
7570981
7570982
7570983
7570984
7570985
7570986
7570987
7570988
7570989
7570990
7570991
7570992
7570993
7570994
7570995
7570996
7570997
7570998
7570999
7571000
7571001
7571002
7571003
7571004
7571005
7571006
7571007
7571008
7571009
7571010
7571011
7571012
7571013
7571014
7571015
7571016
7571017
7571018
7571019
7571020
7571021
7571022
7571023
7571024
7571025
7571026
7571027
7571028
7571029
7571030
7571031
7571032
7571033
7571034
7571035
7571036
7571037
7571038
7571039
7571040
7571041
7571042
7571043
7571044
7571045
7571046
7571047
7571048
7571049
7571050
7571051
7571942
7571943
7571944
7571945
7571946
7571947
7571948
7571949
7571950
7571951
7571952
7571953
7571954
7571955
7571956
7571957
7571958
7571959
7571960
7571961
7571962
7571963
7571964
7571965
7571966
7571967
7571968
7571969
7571970
7571971
7571972
7571973
7571974
7571975
7571976
7571977
7571978
7571979
7571980
7571981
7571982
7571983
7571984
7571985
7571986
7571987
7571988
7571989
7571990
7571991
7571992
7571993
7571994
7571995
7571996
7571997
7571998
7571999
7572000
7572001
7572002
7572003
7572004
7572005
7572006
7572007
7572008
7572009
7572010
7572011
7572012
7572013
7572014
7572015
7572016
7572017
7572018
7572019
7572020
7572021
7572022
7572023
7572024
7572025
7572026
7572027
7573092
7573093
7573094
7573095
7573096
7573097
7573098
7573099
7573100
7573101
7573102
7573103
7573104
7573105
7573106
7573107
7573108
7573109
7573110
7573111
7573112
7573113
7573114
7573115
7573116
7573117
7573118
7573119
7573120
7573121
7573122
7573123
7573124
7573125
7573126
7573127
7573128
7573129
7573130
7573131
7573132
7573133
7573134
7573135
7573136
7573137
7573138
7573139
7573140
7573141
7573142
7573143
7573144
7573145
7573146
7573147
7573148
7573149
7573150
7573151
7573152
7573153
7573154
7573155
7573156
7573157
7573158
7573159
7573160
7573161
7573162
7573163
7573164
7573165
7573166
7573167
7573168
7573169
7573170
7573171
7573172
7573173
7573174
7573175
7573176
7573177
7573178
7573179
7573180
7573181
7573182
7573183
7573184
7573185
7573186
7573187
7573188
7573189
7573190
7573191
7573192
7573193
7573194
7573195
7573196
7573197
7573198
7573199
7573200
7573201
7573202
7573203
7573204
7573205
7573206
7573207
7573208
7573209
7573210
7573211
7573212
7573213
7573214
7573215
7573216
7573217
7573218
7573219
7573220
7573221
7573222
7573223
7573224
7573225
7573226
7573227
7573228
7573229
7573230
7573231
7573232
7573233
7573234
7573235
7573236
7573237
7573238
7573239
7573240
7573241
7573242
7573243
7573244
7573245
7573246
7573247
7573248
7573249
7573250
7573251
7573252
7573253
7573254
7573255
7573256
7573257
7573258
7573259
7573260
7573261
7573262
7573263
7573264
7573265
7573266
7573267
7573268
7573269
7573270
7573271
7573272
7573273
7573274
7573275
7573276
7573277
7573278
7573279
7573280
7573281
7573282
7573283
7573284
7573285
7573286
7573287
7573288
7573289
7573290
7573291
7573292
7573293
7573294
7573295
7573296
7573297
7573298
7573299
7573300
7573301
7573302
7573303
7573304
7573305
7573306
7573307
7573308
7573309
7573310
7573311
7573312
7573313
