2476357
2476358
2476359
2476360
2476361
2476362
2476363
2476364
2476365
2476366
2476367
2476368
2476369
2476370
2476371
2476372
2476373
2476374
2476375
2476376
2476377
2476378
2476379
2476380
2476381
2476382
2476383
2476384
2476385
2476386
2476387
2476388
2476389
2476390
2476391
2476392
2476393
2476394
2476395
2476396
2476397
2476398
2476399
2476400
2476527
2476528
2476529
2476530
2476531
2476532
2476533
2476534
2476535
2476536
2476537
2476538
2476539
2476540
2476541
2476542
2476543
2476544
2476545
2476546
2476547
2476548
2476549
2476550
2476551
2476552
2476553
2476554
2476555
2476556
2476557
2476558
2476559
2476560
2476561
2476562
2476563
2476564
2476565
2476566
2476567
2476568
2476569
2476570
2476571
2476572
2476573
2476574
2476575
2476576
2476577
2476578
2476579
2476580
2476581
2476582
2476583
2476584
2476585
2476586
2476587
2476588
2476589
2476590
2476591
2476592
2476593
2476594
2476595
2476596
2476597
2476598
2476599
2476600
2476601
2476602
2476603
2476604
2476605
2476606
2476607
2476608
2476609
2476610
2476611
2476612
2476613
2476614
2476615
2476616
2476617
2476618
2476619
2476620
2476621
2476622
2476623
2476624
2476625
2476626
2476627
2476628
2477027
2477028
2477029
2477030
2477031
2477032
2477033
2477034
2477035
2477036
2477037
2477038
2477039
2477040
2477041
2477042
2477043
2477044
2477045
2477046
2477047
2477048
2477049
2477050
2477051
2477052
2477053
2477054
2477055
2477056
2477057
2477058
2477059
2477060
2477061
2477062
2477063
2477064
2477065
2477066
2477067
2477068
2477069
2477070
2477071
2477072
2477073
2477074
2477075
2477076
2477077
2477078
2477079
2477080
2477081
2477082
2477083
2477084
2477085
2477086
2477087
2477088
2477089
2477090
2477091
2477092
2477093
2477094
2477095
2477096
2477097
2477098
2477099
2477100
2477101
2477102
2477103
2477104
2477105
2477106
2477107
2477108
2477109
2477110
2477111
2477112
2477113
2477114
2477115
2477116
2477117
2477118
2477119
2477120
2477121
2477122
2477123
2477124
2477125
2477126
2477127
2477128
2477129
2477130
2477131
2477132
2477133
2477134
2477135
2477136
2477137
2477138
2477139
2477140
2477141
2477142
2477143
2477144
2477145
2477146
2477147
2477148
2477149
2477150
2477151
2477152
2477153
2477154
2477155
2477156
2477157
2477158
2477159
2477160
2477161
2477162
2477163
2477164
2477165
2477166
2477167
2477168
2477169
2477170
2477171
2477172
2477173
2477174
2477175
2477176
2477177
2477178
2477179
2477180
2477181
2477182
2477183
2477184
2477185
2477186
2477187
2477188
2477189
2477190
2477191
2477192
2477193
2477194
2477195
2477196
2477197
2477198
2477199
2477200
2477201
2477202
2477203
2477204
2477205
2477206
2477207
2477208
2477209
2477210
2477211
2477212
2477213
2477214
2477215
2477216
2477217
2477218
2477219
2477220
2477221
2477222
2477223
2477224
2477225
2477226
2477227
2477228
2477229
2477230
2477231
2477232
2477233
2477234
2477235
2477236
2477237
2477238
2477239
2477240
2477241
2477242
2477243
2477244
2477245
2477246
2477247
2477248
2477249
2477486
2477487
2477488
2477489
2477490
2477491
2477492
2477493
2477494
2477495
2477496
2477497
2477498
2477499
2477500
2477501
2477502
2477503
2477504
2477505
2477506
2477507
2477508
2477509
2477510
2477511
2477512
2477513
2477514
2477515
2477516
2477517
2477518
2477519
2477520
2477521
2477522
2477523
2477524
2477525
2477526
2477527
2477528
2477529
2477530
2477531
2477532
2477533
2477534
2477535
2477536
2477537
2477538
2477539
2477540
2477541
2477542
2477543
2477544
2477545
2477546
2477547
2477548
2477549
2477550
2477551
2477552
2477553
2477554
2477555
2477556
2477557
2477558
2477559
2477560
2477561
2477562
2477563
2477564
2477565
2477566
2477567
2477568
2477569
2477570
2477571
2477572
2477573
2477574
2477575
2477576
2477577
2477578
2477579
2477580
2477581
2477582
2477583
2477584
2477585
2477586
2477587
2477588
2477589
2477590
2477591
2477592
2477593
2477594
2477595
2477596
2520606
2520607
2520608
2520609
2520610
2520611
2520612
2520613
2520614
2520615
2520616
2520617
2520618
2520619
2520620
2520621
2520622
2520623
2520624
2520625
2520626
2520627
2520628
2520629
2520630
2520631
2520632
2520633
2520634
2520635
2520636
2520637
2520638
2520639
2520640
2520641
2520642
2520643
2520644
2520645
2520646
2520647
2520648
2520649
2520650
2520651
2520652
2520653
2520654
2520655
2520656
2520657
2520658
2520659
2520660
2520661
2520662
2520663
2520664
2520665
2520666
2520667
2520668
2520669
2520670
2520671
2520672
2520673
2520674
2520675
2520676
2520677
2520678
2520679
2520680
2520681
2520682
2520683
2520684
2520685
2520686
2515023
2515024
2515025
2515026
2515027
2515028
2515029
2515030
2515031
2515032
2515033
2515034
2515035
2515036
2515037
2515038
2515039
2515040
2515041
2515042
2515043
2515044
2515045
2515046
2515047
2515048
2515049
2515050
2515051
2515052
2515053
2515054
2515055
2515056
2515057
2515058
2515059
2515060
2515061
2515062
2515063
2515064
2515065
2515066
2515067
2515068
2515069
2515070
2515071
2515072
2515073
2515074
2515075
2515076
2515077
2515078
2515079
2515080
2515081
2515082
2515083
2515084
2515085
2515086
2515087
2515088
2515089
2515090
2515091
2515092
2515093
2515094
2515095
2515096
2515097
2515098
2515099
2515100
2515101
2515102
2515103
2515104
2515105
2515106
2515107
2515108
2515109
2515110
2515111
2515112
2515113
2515114
2515115
2515116
2515117
2515118
2515119
2515120
2515121
2515122
2515123
2515124
2515125
2515126
2515127
2515128
2515129
2515130
2515131
2515132
2515133
2515134
2515135
2515136
2515137
2515138
2515139
2515140
2515141
2515142
2515143
2515144
2515145
