9203921
9203922
9203923
9203924
9203925
9203926
9203927
9203928
9203929
9203930
9203931
9203932
9203933
9203934
9203935
9203936
9203937
9203938
9203939
9203940
9203941
9203942
9203943
9203944
9203945
9203946
9203947
9203948
9203949
9203950
9203951
9203952
9203953
9203954
9203955
9203956
9203957
9203958
9203959
9203960
9203961
9203962
9203963
9203964
9203965
9203966
9203967
9203968
9203969
9203970
9203971
9203972
9203973
9203974
9203975
9203976
9203977
9203978
9203979
9203980
9203981
9203982
9203983
9203984
9203985
9203986
9203987
9203988
9203989
9203990
9203991
9203992
9203993
9203994
9203995
9203996
9203997
9203998
9203999
9204000
9204001
9204002
9204003
9204004
9204005
9204006
9204007
9204008
9204009
9204010
9204011
9204012
9204013
9204014
9204015
9204016
9204017
9204018
9204019
9204020
9204021
9204022
9204023
9204024
9204025
9204026
9204027
9204028
9204029
9204030
9204031
9204032
9204033
9204034
9204035
9204036
9204037
9204038
9204039
9204040
9204041
9204042
9204043
9204044
9204045
9204046
9204047
9204048
9204049
9204050
9204051
9204052
9204053
9204054
9204055
9204056
9204057
9204058
9204059
9204060
9204061
9204062
9204063
9204064
9204065
9204066
9204067
9204068
9204069
9204070
9204071
9204072
9204073
9204074
9204075
9204076
9204077
9204078
9204079
9204080
9204081
9204082
9204083
9204084
9204085
9204086
9204087
9204088
9204089
9204090
9204091
9204092
9204093
9204094
9204095
9204096
9204097
9204098
9204099
9204100
9204101
9204102
9204103
9204104
9204105
9204106
9204107
9204108
9204109
9204110
9204111
9204112
9204113
9204114
9204115
9204116
9204117
9204118
9204119
9204120
9204121
9204122
9204123
9204124
9204125
9204126
9204127
9204128
9204129
9204130
9204131
9204132
9204133
9204134
9204135
9204136
9204137
9204138
9204139
9204140
9204141
9204142
9204143
9204144
9204145
9204146
9204147
9204148
9204149
9204150
9204151
9204152
9204153
9204154
9204155
9204156
9204157
9204158
9204159
9204160
9204161
9204162
9204163
9204164
9204165
9204166
9204167
9204168
9204169
9204170
9204171
9204172
9204173
9204174
9204175
9204176
9204177
9204178
9204179
9204180
9204181
9204182
9204183
9204184
9204185
9204186
9204187
9204188
9204189
9204190
9204191
9204192
9204193
9204194
9204195
9204196
9204197
9204198
9204199
9204200
9204201
9204202
9204203
9204204
9204205
9204206
9204207
9204208
9204209
9204210
9204211
9204212
9204213
9204214
9204215
9204216
9204217
9204218
9204219
9204220
9204221
9204222
9204223
9204224
9204225
9204226
9204227
9204228
9204229
9204230
9204231
9204232
9204233
9204234
9204235
9204236
9204237
9204238
9204239
9204240
9204241
9204242
9204243
9204244
9204245
9204246
9204247
9204248
9204249
9204250
9204251
9204252
9204253
9204254
9204255
9204256
9204257
9204258
9204259
9204260
9204261
9204262
9204263
9204264
9204265
9204266
9204267
9204268
9204269
9204270
9204271
9204272
9204273
9204274
9204275
9204276
9204277
9204278
9204279
9204280
9204281
9204282
9204283
9204284
9204285
9204286
9204287
9204288
9204289
9204290
9204291
9204292
9204293
9204294
9204295
9204296
9204297
9204298
9204299
9204300
9204301
9204302
9204303
9204304
9204305
9204306
9204307
9204308
9204309
9204310
9204311
9204312
9204313
9204314
9204315
9204316
9204317
9204318
9204319
9204320
9204321
9204322
9204323
9204324
9204325
9204326
9204327
9204328
9204329
9204330
9204331
9204332
9204333
9204334
9204335
9204336
9204337
9204338
9204339
9204340
9204341
9204342
9204343
9204344
9204345
9204346
9204347
9204348
9204349
9204350
9204351
9204352
9204353
9204354
9204355
9204356
9204357
9204358
9204359
9204360
9204361
9204362
9204363
9204364
9204365
9204366
9204367
9204368
9204369
9204370
9204371
9204372
9204373
9204374
9204375
9204376
9204377
9204378
9204379
9204380
9204381
9204382
9204383
9204384
9204385
9204386
9204387
9204388
9204389
9204390
9204391
9204392
9204393
9204394
9204395
9204396
9204397
9204398
9204399
9204400
9204401
9204402
9204403
9204404
9204405
9204406
9204407
9204408
9204409
9204410
9204411
9204412
9204413
9204414
9204415
9204416
9204417
9204418
9204419
9204420
9204421
9204422
9204423
9204424
9204425
9204426
9204427
9204428
9204429
9204430
9204431
9204432
9204433
9204434
9204435
9204436
9204437
9204438
9204439
9204440
9204441
9204442
9204443
9204444
9204445
9204446
9204447
9204448
9204449
9204450
9204451
9204452
9204453
9204454
9204455
9204456
9204457
9204458
9204459
9204460
9204461
9204462
9204463
9204464
9204465
9204466
9204467
9204468
9204469
9204470
9204471
9204472
9204473
9204474
9204475
9204476
9204477
9204478
9204479
9204480
9204481
9204482
9204483
9204484
9204485
9204486
9204487
9204488
9204489
9204490
9204491
9204492
9204493
9204494
9204495
9204496
9204497
9204498
9204499
9204500
9204501
9204502
9204503
9204504
9204505
9204506
9204507
9204508
9204509
9204510
9204511
9204512
9204513
9204514
9204515
9204516
9204517
9204518
9204519
9204520
9204521
9204522
9204523
9204524
9204525
9204526
9204527
9204528
9204529
9204530
9204531
9204532
9204533
9204534
9204535
9204536
9204537
9204538
9204539
9204540
9204541
9204542
9204543
9204544
9204545
9204546
9204547
9204548
9204549
9204550
9204551
9204552
9204553
9204554
9204555
9204556
9204557
9204558
9204559
9204560
9204561
9204562
9204563
9204564
9204565
9204566
9204567
9204568
9204569
9204570
9204571
9204572
9204573
9204574
9204575
9204576
9204577
9204578
9204579
9204580
9204581
9204582
9204583
9204584
9204585
9204586
9204587
9204588
9204589
9204590
9204591
9204592
9204593
9204594
9204595
9204596
9204597
9204598
9204599
9204600
9204601
9204602
9204603
9204604
9204605
9204606
9204607
9204608
9204609
9204610
9204611
9204612
9204613
9204614
9204615
9204616
9204617
9204618
9204619
9204620
9204621
9204622
9204623
9204624
9204625
9204626
9204627
9204628
9204629
9204630
9204631
9204632
9204633
9204634
9204635
9204636
9204637
9204638
9204639
9204640
9204641
9204642
9204643
9204644
9204645
9204646
9204647
9204648
9204649
9204650
9204651
9204652
9204653
9204654
9204655
9204656
9204657
9204658
9204659
9204660
9204661
9204662
9204663
9204664
9204665
9204666
9204667
9204668
9204669
9204670
9204671
9204672
9204673
9204674
9204675
9204676
9204677
9204678
9204679
9204680
9204681
9204682
9204683
9204684
9204685
9204686
9204687
9204688
9204689
9204690
9204691
9204692
9204693
9204694
9204695
9204696
9204697
9204698
9204699
9204700
9204701
9204702
9204703
9204704
9204705
9204706
9204707
9204708
9204709
9204710
9204711
9204712
9204713
9204714
9204715
9204716
9204717
9204718
9204719
9204720
9204721
9204722
9204723
9204724
9204725
9204726
9204727
9204728
9204729
9204730
9204731
9204732
9204733
9204734
9204735
9204736
9204737
9204738
9204739
9204740
9204741
9204742
9204743
9204744
9204745
9204746
9204747
9204748
9204749
9204750
9204751
9204752
9204753
9204754
9204755
9204756
9204757
9204758
9204759
9204760
9204761
9204762
9204763
9204764
9204765
9204766
9204767
9204768
9204769
9204770
9204771
9204772
9204773
9204774
9204775
9204776
9204777
9204778
9204779
9204780
9204781
9204782
9204783
9204784
9204785
9204786
9204787
9204788
9204789
9204790
9204791
9204792
9204793
9204794
9204795
9204796
9204797
9204798
9204799
9204800
9204801
9204802
9204803
9204804
9204805
9204806
9204807
9204808
9204809
9204810
9204811
9204812
9204813
9204814
9204815
9204816
9204817
9204818
9204819
9204820
9204821
9204822
9204823
9204824
9204825
9204826
9204827
9204828
9204829
9204830
9204831
9204832
9204833
9204834
9204835
9204836
9204837
9204838
9204839
9204840
9204841
9204842
9204843
9204844
9204845
9204846
9204847
9204848
9204849
9204850
9204851
9204852
9204853
9204854
9204855
9204856
9204857
9204858
9204859
9212948
9212949
9212950
9212951
9212952
9212953
9212954
9212955
9212956
9212957
9212958
9212959
9212960
9212961
9212962
9212963
9212964
9212965
9212966
9212967
9212968
9212969
9212970
9212971
9212972
9212973
9212974
9212975
9212976
9212977
9212978
9212979
9212980
9212981
9212982
9212983
9212984
9212985
9212986
9212987
9212988
9212989
9212990
9212991
9212992
9212993
9212994
9212995
9212996
9212997
9212998
9212999
9213000
9213001
9213002
9213003
9213004
9213005
9213006
9213007
9213008
9213009
9213010
9213011
9213012
9213013
9213014
9213015
9213016
9213017
9213018
9213019
9213020
9213021
9213022
9213023
9213024
9213025
9213026
9213027
9213028
9213029
9213030
9213031
9213032
9213033
9213034
9213035
9213036
9213037
9213038
9213039
9213040
9213041
9213042
9213043
9213044
9213045
9213046
9213047
9213048
9213049
9213050
9213051
9213052
9213053
9213054
9213055
9213056
9213057
9213058
9213059
9213060
9213061
9213062
9213063
9213064
9213065
9213066
9213067
9213068
9213069
9213070
9213071
9213072
9213073
9213074
9213075
9213076
9213077
9213078
9213079
9213080
9213081
9213082
9213083
9213084
9213085
9213086
9213087
9213088
9213089
9213090
9213091
9213092
9213093
9213094
9213095
9213096
9213097
9213098
9213099
9213100
9213101
9213102
9213103
9213104
9213105
9213106
9213107
9213108
9213109
9213110
9213111
9213112
9213113
9213114
9213115
9213116
9213117
9213118
9213119
9213120
9213121
9213122
9213123
9213124
9213125
9213126
9213127
9213128
9213129
9213130
9213131
9213132
9213133
9213134
9213135
9213136
9213137
9213138
9213139
9213140
9213141
9213142
9213143
9213144
9213145
9213146
9213147
9213148
9213149
9213150
9213151
9213152
9213153
9213154
9213155
9213156
9213157
9213158
9213159
9213160
9213161
9213162
9213163
9213164
9213165
9213166
9213167
9213168
9213169
9213170
9213171
9213172
9213173
9213174
9213175
9213176
9213177
9213178
9213179
9213180
9213181
9213182
9213183
9213184
9213185
9213186
9213187
9213188
9213189
9213190
9213191
9213192
9213193
9213194
9213195
9213196
9213197
9213198
9213199
9213200
9213201
9213202
9213203
9213204
9213205
9213206
9213207
9213208
9213209
9213210
9213211
9213212
9213213
9213214
9213215
9213216
9213217
9213218
9213219
9213220
9213221
9213222
9213223
9213224
9213225
9213226
9213227
9213228
9213229
9213230
9213231
9213232
9213233
9213234
9213235
9213236
9213237
9213238
9213239
9213240
9213241
9213242
9213243
9213244
9213245
9213246
9213247
9213248
9213249
9213250
9213251
9213252
9213253
9213254
9213255
9213256
9213257
9213258
9213259
9213260
9213261
9213262
9213263
9213264
9213265
9213266
9213267
9213268
9213269
9213270
9213271
9213272
9213273
9213274
9213275
9213276
9213277
9213278
9213279
9213280
9213281
9213282
9213283
9213284
9213285
9213286
9213287
9213288
9213289
9213290
9213291
9213292
9213293
9213294
9213295
9213296
9213297
9213298
9213299
9213300
9213301
9213302
9213303
9213304
9213305
9213306
9213307
9213308
9213309
9213310
9213311
9213312
9213313
9213314
9213315
9213316
9213317
9213318
9213319
9213320
9213321
9213322
9213323
9213324
9213325
9213326
9213327
9213328
9213329
9213330
9213331
9213332
9213333
9213334
9213335
9213336
9213337
9213338
9213339
9213340
9213341
9213342
9213343
9213344
9213345
9213346
9213347
9213348
9213349
9213350
9213351
9213352
9213353
9213354
9213355
9213356
9213357
9213358
9213359
9213360
9213361
9213362
9213363
9213364
9213365
9213366
9213367
9213368
9213369
9213370
9213371
9213372
9213373
9213374
9213375
9213376
9213377
9213378
9213379
9213380
9213381
9213382
9213383
9213384
9213385
9213386
9213387
9213388
9213389
9213390
9213391
9213392
9213393
9213394
9213395
9213396
9213397
9213398
9213399
9213400
9213401
9213402
9213403
9213404
9213405
9213406
9213407
9213408
9213409
9213410
9213411
9213412
9213413
9213414
9213415
9213416
9213417
9213418
9213419
9213420
9213421
9213422
9213423
9213424
9213425
9213426
9213427
9213428
9213429
9213430
9213431
9213432
9213433
9213434
9213435
9213436
9213437
9213438
9213439
9213440
9213441
9213442
9213443
9213444
9213445
9213446
9213447
9213448
9213449
9213450
9213451
9213452
9213453
9213454
9213455
9213456
9213457
9213458
9213459
9213460
9213461
9213462
9213463
9213464
9213465
9213466
9213467
9213468
9213469
9213470
9213471
9213472
9213473
9213474
9213475
9213476
9213477
9213478
9213479
9213480
9213481
9213482
9213483
9213484
9213485
9213486
9213487
9213488
9213489
9213490
9213491
9213492
9213493
9213494
9213495
9213496
9213497
9213498
9213499
9213500
9213501
9213502
9213503
9213504
9213505
9213506
9213507
9213508
9213509
9213510
9213511
9213512
9213513
9213514
9213515
9213516
9213517
9213518
9213519
9213520
9213521
9213522
9213523
9213524
9213525
9213526
9213527
9213528
9213529
9213530
9213531
9213532
9213533
9213534
9213535
9213536
9213537
9213538
9213539
9213540
9213541
9213542
9213543
9213544
9213545
9213546
9213547
9213548
9213549
9213550
9213551
9213552
9213553
9213554
9213555
9213556
9213557
9213558
9213559
9213560
9213561
9213562
9213563
9213564
9213565
9213566
9213567
9213568
9213569
9213570
9213571
9213572
9213573
9213574
9213575
9213576
9213577
9213578
9213579
9213580
9213581
9213582
9213583
9213584
9213585
9213586
9213587
9213588
9213589
9213590
9213591
9213592
9213593
9213594
9213595
9213596
9213597
9213598
9213599
9213600
9213601
9213602
9213603
9213604
9213605
9213606
9213607
9213608
9213609
9213610
9213611
9213612
9213613
9213614
9213615
9213616
9213617
9213618
9213619
9213620
9213621
9213622
9213623
9213624
9213625
9213626
9213627
9213628
9213629
9213630
9213631
9213632
9213633
9213634
9213635
9213636
9213637
9213638
9213639
9213640
9213641
9213642
9213643
9213644
9213645
9213646
9213647
9213648
9213649
9213650
9213651
9213652
9213653
9213654
9213655
9213656
9213657
9213658
9213659
9213660
9213661
9213662
9213663
9213664
9213665
9213666
9213667
9213668
9213669
9213670
9213671
9213672
9213673
9213674
9213675
9213676
9213677
9213678
9213679
9213680
9213681
9213682
9213683
9213684
9213685
9213686
9213687
9213688
9213689
9213690
9213691
9213692
9213693
9213694
9213695
9213696
9213697
9213698
9213699
9213700
9213701
9213702
9213703
9213704
9213705
9213706
9213707
9213708
9213709
9213710
9213711
9213712
9213713
9213714
9213715
9213716
9213717
9213718
9213719
9213720
9213721
9213722
9213723
9213724
9213725
9213726
9213727
9213728
9213729
9213730
9213731
9213732
9213733
9213734
9213735
9213736
9213737
9213738
9213739
9213740
9213741
9213742
9213743
9213744
9213745
9213746
9213747
9213748
9213749
9213750
9213751
9213752
9213753
9213754
9213755
9213756
9213757
9213758
9213759
9213760
9213761
9213762
9213763
9213764
9213765
9213766
9213767
9213768
9213769
9213770
9213771
9213772
9213773
9213774
9213775
9213776
9213777
9213778
9213779
9213780
9213781
9213782
9213783
9213784
9213785
9213786
9213787
9213788
9213789
9213790
9213791
9213792
9213793
9213794
9213795
9213796
9213797
9213798
9213799
9213800
9213801
9213802
9213803
9213804
9213805
9213806
9213807
9213808
9213809
9213810
9213811
9213812
9213813
9213814
9213815
9213816
9213817
9213818
9213819
9213820
9213821
9213822
9213823
9213824
9213825
9213826
9213827
9213828
9213829
9213830
9213831
9213832
9213833
9213834
9213835
9213836
9213837
9213838
9213839
9213840
9213841
9213842
9213843
9213844
9213845
9213846
9213847
9213848
9213849
9213850
9213851
9213852
9213853
9213854
9213855
9213856
9213857
9213858
9213859
9213860
9213861
9213862
9213863
9213864
9213865
9213866
9213867
9213868
9213869
9213870
9213871
9213872
9213873
9213874
9213875
9213876
9213877
9213878
9213879
9213880
9213881
9213882
9213883
9213884
9213885
9213886
9213887
9213888
9213889
9213890
9213891
9213892
9213893
9213894
9213895
9213896
9213897
9213898
9213899
9213900
9213901
9213902
9213903
9213904
9213905
9213906
9213907
9213908
9213909
9213910
9213911
9213912
9213913
9213914
9213915
9213916
9213917
9213918
9213919
9213920
9213921
9213922
9213923
9213924
9213925
9213926
9213927
9213928
9213929
9213930
9213931
9213932
9213933
9213934
9213935
9213936
9213937
9213938
9213939
9213940
9213941
9213942
9213943
9213944
9213945
9213946
9213947
9213948
9213949
9213950
9213951
9213952
9213953
9213954
9213955
9213956
9213957
9213958
9213959
9213960
9213961
9213962
9213963
9213964
9213965
9213966
9213967
9213968
9213969
9213970
9213971
9213972
9213973
9213974
9213975
9213976
9213977
9213978
9213979
9213980
9213981
9213982
9225507
9225508
9225509
9225510
9225511
9225512
9225513
9225514
9225515
9225516
9225517
9225518
9225519
9225520
9225521
9225522
9225523
9225524
9225525
9225526
9225527
9225528
9225529
9225530
9225531
9225532
9225533
9225534
9225535
9225536
9225537
9225538
9225539
9225540
9225541
9225542
9225543
9225544
9225545
9225546
9225547
9225548
9225549
9225550
9225551
9225552
9225553
9225554
9225555
9225556
9225557
9225558
9225559
9225560
9225561
9225562
9225563
9225564
9225565
9225566
9225567
9225568
9225569
9225570
9225571
9225572
9225573
9225574
9225575
9225576
9225577
9225578
9225579
9225580
9225581
9225582
9225583
9225584
9225585
9225586
9225587
9225588
9225589
9225590
9225591
9225592
9225593
9225594
9225595
9225596
9225597
9225598
9225599
9225600
9225601
9225602
9225603
9225604
9225605
9225606
9225607
9225608
9225609
9225610
9225611
9225612
9225613
9225614
9225615
9225616
9225617
9225618
9225619
9225620
9225621
9225622
9225623
9225624
9225625
9225626
9225627
9225628
9225629
9225630
9225631
9225632
9225633
9225634
9225635
9225636
9225637
9225638
9225639
9225640
9225641
9225642
9225643
9225644
9225645
9225646
9225647
9225648
9225649
9225650
9225651
9225652
9225653
9225654
9225655
9225656
9225657
9225658
9225659
9225660
9225661
9225662
9225663
9225664
9225665
9225666
9225667
9225668
9225669
9225670
9225671
9225672
9225673
9225674
9225675
9225676
9225677
9225678
9225679
9225680
9225681
9225682
9225683
9225684
9225685
9225686
9225687
9225688
9225689
9225690
9225691
9225692
9225693
9225694
9225695
9225696
9225697
9225698
9225699
9225700
9225701
9225702
9225703
9225704
9225705
9225706
9225707
9225708
9225709
9225710
9225711
9225712
9225713
9225714
9225715
9225716
9225717
9225718
9225719
9225720
9225721
9225722
9225723
9225724
9225725
9225726
9225727
9225728
9225729
9225730
9225731
9225732
9225733
9225734
9225735
9225736
9225737
9225738
9225739
9225740
9225741
9225742
9225743
9225744
9225745
9225746
9225747
9225748
9225749
9225750
9225751
9225752
9225753
9225754
9225755
9225756
9225757
9225758
9225759
9225760
9225761
9225762
9225763
9225764
9225765
9225766
9225767
9225768
9225769
9225770
9225771
9225772
9225773
9225774
9225775
9225776
9225777
9225778
9225779
9225780
9225781
9225782
9225783
9225784
9225785
9225786
9225787
9225788
9225789
9225790
9225791
9225792
9225793
9225794
9225795
9225796
9225797
9225798
9225799
9225800
9225801
9225802
9225803
9225804
9225805
9225806
9225807
9225808
9225809
9225810
9225811
9225812
9225813
9225814
9225815
9225816
9225817
9225818
9225819
9225820
9225821
9225822
9225823
9225824
9225825
9225826
9225827
9225828
9225829
9225830
9225831
9225832
9225833
9225834
9225835
9225836
9225837
9225838
9225839
9225840
9225841
9225842
9225843
9225844
9225845
9225846
9225847
9225848
9225849
9225850
9225851
9225852
9225853
9225854
9225855
9225856
9225857
9225858
9225859
9225860
9225861
9225862
9225863
9225864
9225865
9225866
9225867
9225868
9225869
9225870
9225871
9225872
9225873
9225874
9225875
9225876
9225877
9225878
9225879
9225880
9225881
9225882
9225883
9225884
9225885
9225886
9225887
9225888
9225889
9225890
9225891
9225892
9225893
9225894
9225895
9225896
9225897
9225898
9225899
9225900
9225901
9225902
9225903
9225904
9225905
9225906
9225907
9225908
9225909
9225910
9225911
9225912
9225913
9225914
9225915
9225916
9225917
9225918
9225919
9225920
9225921
9225922
9225923
9225924
9225925
9225926
9225927
9225928
9225929
9225930
9225931
9225932
9225933
9225934
9225935
9225936
9225937
9225938
9225939
9225940
9225941
9225942
9225943
9225944
9225945
9225946
9225947
9225948
9225949
9225950
9225951
9225952
9225953
9225954
9225955
9225956
9225957
9225958
9225959
9225960
9225961
9225962
9225963
9225964
9225965
9225966
9225967
9225968
9225969
9225970
9225971
9225972
9225973
9225974
9225975
9225976
9225977
9225978
9225979
9225980
9225981
9225982
9225983
9225984
9225985
9225986
9225987
9225988
9225989
9225990
9225991
9225992
9225993
9225994
9225995
9225996
9225997
9225998
9225999
9226000
9226001
9226002
9226003
9226004
9226005
9226006
9226007
9226008
9226009
9226010
9226011
9226012
9226013
9226014
9226015
9226016
9226017
9226018
9226019
9226020
9226021
9226022
9226023
9226024
9226025
9226026
9226027
9226028
9226029
9226030
9226031
9226032
9226033
9226034
9226035
9226036
9226037
9226038
9226039
9226040
9226041
9226042
9226043
9226044
9226045
9226046
9226047
9226048
9226049
9226050
9226051
9226052
9226053
9226054
9226055
9226056
9226057
9226058
9226059
9226060
9226061
9226062
9226063
9226064
9226065
9226066
9226067
9226068
9226069
9226070
9226071
9226072
9226073
9226074
9226075
9226076
9226077
9226078
9226079
9226080
9226081
9226082
9226083
9226084
9226085
9226086
9226087
9226088
9226089
9226090
9226091
9226092
9226093
9226094
9226095
9226096
9226097
9226098
9226099
9226100
9226101
9226102
9226103
9226104
9226105
9226106
9226107
9226108
9226109
9226110
9226111
9226112
9226113
9226114
9226115
9226116
9226117
9226118
9226119
9226120
9226121
9226122
9226123
9226124
9226125
9226126
9226127
9226128
9226129
9226130
9226131
9226132
9226133
9226134
9226135
9226136
9226137
9226138
9226139
9226140
9226141
9226142
9226143
9226144
9226145
9226146
9226147
9226148
9226149
9226150
9226151
9226152
9226153
9226154
9226155
9226156
9226157
9226158
9226159
9226160
9226161
9226162
9226163
9226164
9226165
9226166
9226167
9226168
9226169
9226170
9226171
9226172
9226173
9226174
9226175
9226176
9226177
9226178
9226179
9226180
9226181
9226182
9226183
9226184
9226185
9226186
9226187
9226188
9226189
9226190
9226191
9226192
9226193
9226194
9226195
9226196
9226197
9226198
9226199
9226200
9226201
9226202
9226203
9226204
9226205
9226206
9226207
9226208
9226209
9226210
9226211
9226212
9226213
9226214
9226215
9226216
9226217
9226218
9226219
9226220
9226221
9226222
9226223
9226224
9226225
9226226
9226227
9226228
9226229
9226230
9226231
9226232
9226233
9226234
9226235
9226236
9226237
9226238
9226239
9226240
9226241
9226242
9226243
9226244
9226245
9226246
9226247
9226248
9226249
9226250
9226251
9226252
9226253
9226254
9226255
9226256
9226257
9226258
9226259
9226260
9226261
9226262
9226263
9226264
9226265
9226266
9226267
9226268
9226269
9226270
9226271
9226272
9226273
9226274
9226275
9226276
9226277
9226278
9226279
9226280
9226281
9226282
9226283
9226284
9226285
9226286
9226287
9226288
9226289
9226290
9226291
9226292
9226293
9226294
9226295
9226296
9226297
9226298
9226299
9226300
9226301
9226302
9226303
9226304
9226305
9226306
9226307
9226308
9226309
9226310
9226311
9226312
9226313
9226314
9226315
9226316
9226317
9226318
9226319
9226320
9226321
9226322
9226323
9226324
9226325
9226326
9226327
9226328
9226329
9226330
9226331
9226332
9226333
9226334
9226335
9226336
9226337
9226338
9226339
9226340
9226341
9226342
9226343
9226344
9226345
9226346
9226347
9226348
9226349
9226350
9226351
9226352
9226353
9226354
9226355
9226356
9226357
9226358
9226359
9226360
9226361
9226362
9226363
9226364
9226365
9226366
9226367
9226368
9226369
9226370
9226371
9226372
9226373
9226374
9226375
9226376
9226377
9226378
9226379
9226380
9226381
9226382
9226383
9226384
9226385
9226386
9226387
9226388
9226389
9226390
9226391
9226392
9226393
9226394
9226395
9226396
9226397
9226398
9226399
9226400
9226401
9226402
9226403
9226404
9226405
9226406
9226407
9226408
9226409
9226410
9226411
9226412
9226413
9226414
9226415
9226416
9226417
9226418
9226419
9226420
9226421
9226422
9226423
9226424
9226425
9226426
9226427
9226428
9226429
9226430
9226431
9226432
9226433
9226434
9226435
9226436
9226437
9226438
9226439
9236691
9236692
9236693
9236694
9236695
9236696
9236697
9236698
9236699
9236700
9236701
9236702
9236703
9236704
9236705
9236706
9236707
9236708
9236709
9236710
9236711
9236712
9236713
9236714
9236715
9236716
9236717
9236718
9236719
9236720
9236721
9236722
9236723
9236724
9236725
9236726
9236727
9236728
9236729
9236730
9236731
9236732
9236733
9236734
9236735
9236736
9236737
9236738
9236739
9236740
9236741
9236742
9236743
9236744
9236745
9236746
9236747
9236748
9236749
9236750
9236751
9236752
9236753
9236754
9236755
9236756
9236757
9236758
9236759
9236760
9236761
9236762
9236763
9236764
9236765
9236766
9236767
9236768
9236769
9236770
9236771
9236772
9236773
9236774
9236775
9236776
9236777
9236778
9236779
9236780
9236781
9236782
9236783
9236784
9236785
9236786
9236787
9236788
9236789
9236790
9236791
9236792
9236793
9236794
9236795
9236796
9236797
9236798
9236799
9236800
9236801
9236802
9236803
9236804
9236805
9236806
9236807
9236808
9236809
9236810
9236811
9236812
9236813
9236814
9236815
9236816
9236817
9236818
9236819
9236820
9236821
9236822
9236823
9236824
9236825
9236826
9236827
9236828
9236829
9236830
9236831
9236832
9236833
9236834
9236835
9236836
9236837
9236838
9236839
9236840
9236841
9236842
9236843
9236844
9236845
9236846
9236847
9236848
9236849
9236850
9236851
9236852
9236853
9236854
9236855
9236856
9236857
9236858
9236859
9236860
9236861
9236862
9236863
9236864
9236865
9236866
9236867
9236868
9236869
9236870
9236871
9236872
9236873
9236874
9236875
9236876
9236877
9236878
9236879
9236880
9236881
9236882
9236883
9236884
9236885
9236886
9236887
9236888
9236889
9236890
9236891
9236892
9236893
9236894
9236895
9236896
9236897
9236898
9236899
9236900
9236901
9236902
9236903
9236904
9236905
9236906
9236907
9236908
9236909
9236910
9236911
9236912
9236913
9236914
9236915
9236916
9236917
9236918
9236919
9236920
9236921
9236922
9236923
9236924
9236925
9236926
9236927
9236928
9236929
9236930
9236931
9236932
9236933
9236934
9236935
9236936
9236937
9236938
9236939
9236940
9236941
9236942
9236943
9236944
9236945
9236946
9236947
9236948
9236949
9236950
9236951
9236952
9236953
9236954
9236955
9236956
9236957
9236958
9236959
9236960
9236961
9236962
9236963
9236964
9236965
9236966
9236967
9236968
9236969
9236970
9236971
9236972
9236973
9236974
9236975
9236976
9236977
9236978
9236979
9236980
9236981
9236982
9236983
9236984
9236985
9236986
9236987
9236988
9236989
9236990
9236991
9236992
9236993
9236994
9236995
9236996
9236997
9236998
9236999
9237000
9237001
9237002
9237003
9237004
9237005
9237006
9237007
9237008
9237009
9237010
9237011
9237012
9237013
9237014
9237015
9237016
9237017
9237018
9237019
9237020
9237021
9237022
9237023
9237024
9237025
9237026
9237027
9237028
9237029
9237030
9237031
9237032
9237033
9237034
9237035
9237036
9237037
9237038
9237039
9237040
9237041
9237042
9237043
9237044
9237045
9237046
9237047
9237048
9237049
9237050
9237051
9237052
9237053
9237054
9237055
9237056
9237057
9237058
9237059
9237060
9237061
9237062
9237063
9237064
9237065
9237066
9237067
9237068
9237069
9237070
9237071
9237072
9237073
9237074
9237075
9237076
9237077
9237078
9237079
9237080
9237081
9237082
9237083
9237084
9237085
9237086
9237087
9237088
9237089
9237090
9237091
9237092
9237093
9237094
9237095
9237096
9237097
9237098
9237099
9237100
9237101
9237102
9237103
9237104
9237105
9237106
9237107
9237108
9237109
9237110
9237111
9237112
9237113
9237114
9237115
9237116
9237117
9237118
9237119
9237120
9237121
9237122
9237123
9237124
9237125
9237126
9237127
9237128
9237129
9237130
9237131
9237132
9237133
9237134
9237135
9237136
9237137
9237138
9237139
9237140
9237141
9237142
9237143
9237144
9237145
9237146
9237147
9237148
9237149
9237150
9237151
9237152
9237153
9237154
9237155
9237156
9237157
9237158
9237159
9237160
9237161
9237162
9237163
9237164
9237165
9237166
9237167
9237168
9237169
9237170
9237171
9237172
9237173
9237174
9237175
9237176
9237177
9237178
9237179
9237180
9237181
9237182
9237183
9237184
9237185
9237186
9237187
9237188
9237189
9237190
9237191
9237192
9237193
9237194
9237195
9237196
9237197
9237198
9237199
9237200
9237201
9237202
9237203
9237204
9237205
9237206
9237207
9237208
9237209
9237210
9237211
9237212
9237213
9237214
9237215
9237216
9237217
9237218
9237219
9237220
9237221
9237222
9237223
9237224
9237225
9237226
9237227
9237228
9237229
9237230
9237231
9237232
9237233
9237234
9237235
9237236
9237237
9237238
9237239
9237240
9237241
9237242
9237243
9237244
9237245
9237246
9237247
9237248
9237249
9237250
9237251
9237252
9237253
9237254
9237255
9237256
9237257
9237258
9237259
9237260
9237261
9237262
9237263
9237264
9237265
9237266
9237267
9237268
9237269
9237270
9237271
9237272
9237273
9237274
9237275
9237276
9237277
9237278
9237279
9237280
9237281
9237282
9237283
9237284
9237285
9237286
9237287
9237288
9237289
9237290
9237291
9237292
9237293
9237294
9237295
9237296
9237297
9237298
9237299
9237300
9237301
9237302
9237303
9237304
9237305
9237306
9237307
9237308
9237309
9237310
9237311
9237312
9237313
9237314
9237315
9237316
9237317
9237318
9237319
9237320
9237321
9237322
9237323
9237324
9237325
9237326
9237327
9237328
9237329
9237330
9237331
9237332
9237333
9237334
9237335
9237336
9237337
9237338
9237339
9237340
9237341
9237342
9237343
9237344
9237345
9237346
9237347
9237348
9237349
9237350
9237351
9237352
9237353
9237354
9237355
9237356
9237357
9237358
9237359
9237360
9237361
9237362
9237363
9237364
9237365
9237366
9237367
9237368
9237369
9237370
9237371
9237372
9237373
9237374
9237375
9237376
9237377
9237378
9237379
9237380
9237381
9237382
9237383
9237384
9237385
9237386
9237387
9237388
9237389
9237390
9237391
9237392
9237393
9237394
9237395
9237396
9237397
9237398
9237399
9237400
9237401
9237402
9237403
9237404
9237405
9237406
9237407
9237408
9237409
9237410
9237411
9237412
9237413
9237414
9237415
9237416
9237417
9237418
9237419
9237420
9237421
9237422
9237423
9237424
9237425
9237426
9237427
9237428
9237429
9237430
9237431
9237432
9237433
9237434
9237435
9237436
9237437
9237438
9237439
9237440
9237441
9237442
9237443
9237444
9237445
9237446
9237447
9237448
9237449
9237450
9237451
9237452
9237453
9237454
9237455
9237456
9237457
9237458
9237459
9237460
9237461
9237462
9237463
9237464
9237465
9237466
9237467
9237468
9237469
9237470
9237471
9237472
9237473
9237474
9237475
9237476
9237477
9237478
9237479
9237480
9237481
9237482
9237483
9237484
9237485
9237486
9237487
9237488
9237489
9237490
9237491
9237492
9237493
9237494
9237495
9237496
9237497
9237498
9237499
9237500
9237501
9237502
9237503
9237504
9237505
9237506
9237507
9237508
9237509
9237510
9237511
9237512
9237513
9237514
9237515
9237516
9237517
9237518
9237519
9237520
9237521
9237522
9237523
9237524
9237525
9237526
9237527
9237528
9237529
9237530
9237531
9237532
9237533
9237534
9237535
9237536
9237537
9237538
9237539
9237540
9237541
9237542
9237543
9237544
9237545
9237546
9237547
9237548
9237549
9237550
9237551
9237552
9237553
9237554
9237555
9237556
9237557
9237558
9237559
9237560
9237561
9237562
9237563
9237564
9237565
9237566
9237567
9237568
9237569
9237570
9237571
9237572
9237573
9237574
9237575
9237576
9237577
9237578
9237579
9237580
9237581
9237582
9237583
9237584
9237585
9237586
9237587
9237588
9237589
9237590
9237591
9237592
9237593
9237594
9237595
9237596
9237597
9237598
9237599
9237600
9237601
9237602
9237603
9237604
9237605
9237606
9237607
9237608
9237609
9237610
9237611
9237612
9237613
9237614
9237615
9237616
9237617
9237618
9237619
9237620
9237621
9237622
9237623
9237624
9237625
9237626
9266693
9266694
9266695
9266696
9266697
9266698
9266699
9266700
9266701
9266702
9266703
9266704
9266705
9266706
9266707
9266708
9266709
9266710
9266711
9266712
9266713
9266714
9266715
9266716
9266717
9267288
9267289
9267290
9267291
9267292
9267293
9267294
9267295
9267296
9267297
9267298
9267299
9267300
9267301
9267302
9267303
9267304
9267305
9267306
9267307
9267308
9267309
9267310
9267311
9267312
9267313
9267314
9267315
9267316
9267317
9267318
9267319
9267320
9267321
9267322
9267323
9267324
9267325
9267326
9267327
9267328
9267329
9267330
9267331
9267332
9267333
9267334
9267335
9267336
9267337
9267338
9267339
9267340
9267341
9267342
9267343
9267344
9267345
9267346
9267347
9267348
9267349
9267350
9267351
9267352
9267353
9267354
9267355
9267356
9267357
9267358
9267359
9267360
9267361
9267362
9267363
9267364
9267365
9267366
9267367
9267368
9267369
9267370
9267371
9267372
9267373
9267374
9267375
9267376
9267377
9267378
9267379
9267380
9267381
9267382
9267383
9267384
9267385
9267386
9267387
9267388
9267389
9267390
9267391
9267392
9267393
9267394
9267395
9267396
9267397
9267398
9267399
9267400
9267401
9267402
9267403
9267404
9267405
9267406
9267407
9267408
9267409
9267410
9267411
9267412
9267413
9267414
9267415
9267416
9267417
9267418
9267419
9267420
9267421
9267422
9267423
9267424
9267944
9267945
9267946
9267947
9267948
9267949
9267950
9267951
9267952
9267953
9267954
9267955
9267956
9267957
9267958
9267959
9267960
9267961
9267962
9267963
9267964
9267965
9267966
9267967
9267968
9267969
9267970
9267971
9267972
9267973
9267974
9267975
9267976
9267977
9267978
9267979
9267980
9267981
9267982
9267983
9267984
9267985
9267986
9267987
9267988
9267989
9267990
9267991
9267992
9267993
9267994
9267995
9267996
9267997
9267998
9267999
9268000
9268001
9268002
9268003
9268004
9268005
9268006
9268007
9268008
9268009
9268010
9268011
9268012
9268013
9268014
9268015
9268016
9268017
9268018
9268019
9268020
9268021
9268022
9268023
9268024
9268025
9268026
9268027
9268028
9268029
9268030
9268031
9268032
9268033
9268034
9268035
9268036
9268037
9268038
9268039
9268040
9268041
9268042
9268043
9268044
9268045
9268046
9268047
9268048
9268049
9268050
9268051
9268052
9268053
9268054
9268055
9268056
9268057
9268058
9268059
9268060
9268061
9268062
9268063
9268064
9268065
9268066
9268067
9268068
9268069
9268070
9268656
9268657
9268658
9268659
9268660
9268661
9268662
9268663
9268664
9268665
9268666
9268667
9268668
9268669
9268670
9268671
9268672
9268673
9268674
9268675
9268676
9268677
9268678
9268679
9268680
9268681
9268682
9268683
9268684
9268685
9268686
9268687
9268688
9268689
9268690
9268691
9268692
9268693
9268694
9268695
9268696
9268697
9268698
9268699
9268700
9268701
9268702
9268703
9268704
9268705
9268706
9268707
9268708
9268709
9268710
9268711
9268712
9268713
9268714
9268715
9268716
9268717
9268718
9268719
9268720
9268721
9268722
9268723
9268724
9268725
9268726
9268727
9268728
9268729
9268730
9268731
9268732
9268733
9268734
9268735
9268736
9268737
9268738
9268739
9268740
9268741
9268742
9268743
9268744
9268745
9268746
9268747
9268748
9268749
9268750
9268751
9269502
9269503
9269504
9269505
9269506
9269507
9269508
9269509
9269510
9269511
9269512
9269513
9269514
9269515
9269516
9269517
9269518
9269519
9269520
9269521
9269522
9269523
9269524
9269525
9269526
9269527
9269528
9269529
9269530
9269531
9269532
9269533
9269534
9269535
9269536
9269537
9269538
9269539
9269540
9269541
9269542
9269543
9269544
9269545
9269546
9269547
9269548
9269549
9269550
9269551
9269552
9269553
9269554
9269555
9269556
9269557
9269558
9269559
9269560
9269561
9269562
9269563
9269564
9269565
9269566
9269567
9269568
9269569
9269570
9269571
9269572
9269573
9269574
9269575
9269576
9269577
9269578
9269579
9269580
9269581
9269582
9269583
9269584
9270790
9270791
9270792
9270793
9270794
9270795
9270796
9270797
9270798
9270799
9270800
9270801
9270802
9270803
9270804
9270805
9270806
9270807
9270808
9270809
9270810
9270811
9270812
9270813
9270814
9270815
9270816
9270817
9270818
9270819
9270820
9270821
9270822
9270823
9270824
9270825
9270826
9270827
9270828
9270829
9270830
9270831
9270832
9270833
9270834
9270835
9270836
9270837
9270838
9270839
9270840
9270841
9270842
9270843
9270844
9270845
9270846
9270847
9270848
9270849
9270850
9270851
9270852
9270853
9270854
9270855
9270856
9270857
9270858
9270859
9270860
9270861
9270862
9270863
9270864
9270865
9270866
9270867
9270868
9270869
9270870
9270871
9270872
9270873
9270874
9270875
9270876
9270877
9270878
9270879
9270880
9270881
9270882
9270883
9270884
9270885
9270886
9270887
9270888
9270889
9270890
9270891
9270892
9270893
9270894
9270895
9270896
9270897
9270898
9270899
9270900
9270901
9270902
9270903
9270904
9270905
9270906
9270907
9270908
9270909
9270910
9270911
9270912
9270913
9270914
9270915
9270916
9270917
9270918
9270919
9270920
9270921
9270922
9270923
9270924
9270925
9270926
9270927
9270928
9270929
9270930
9270931
9270932
9270933
9270934
9270935
9270936
9270937
9270938
9270939
9270940
9270941
9270942
9270943
9270944
9270945
9270946
9270947
9270948
9270949
9270950
9270951
9270952
9270953
9270954
9270955
9270956
9270957
9270958
9270959
9270960
9270961
9270962
9270963
9270964
9270965
9270966
9270967
9270968
9270969
9270970
9270971
9270972
9270973
9270974
9270975
9270976
9270977
9270978
9270979
9270980
9270981
9270982
9270983
9270984
9270985
9270986
9270987
9270988
9270989
9270990
9270991
9270992
9270993
9270994
9270995
9270996
9270997
9270998
9270999
9271000
9271001
9271002
9271003
9271004
9271005
9271006
9271007
9271008
9271009
9271010
9271011
9271012
9271013
9271014
9271015
9271016
9271017
9271018
9271019
9271020
9271021
9271022
9271023
9271024
9271025
9271026
9271027
9271028
9271029
9271030
9271031
9271032
9271033
9271034
9271035
9271036
9271037
9271038
9271039
9271040
9271041
9271042
9271043
9271044
9271045
9271046
9271047
9271048
9271049
9271050
9271051
9271052
9271053
9271054
9271055
9271056
9271057
9271058
9271059
9271060
9271061
9271062
9271063
9271064
9271065
9271066
9271067
9271068
9271069
9271070
9271071
9271072
9271073
9271074
9271075
9271076
9271077
9271078
9271079
9271080
9271081
9271082
9271083
9271084
9271085
9271086
9271087
9271088
9271089
9271090
9271091
9271092
9271093
9271094
9271095
9271096
9271097
9271098
9271099
9271100
9271101
9271102
9271103
9271104
9271105
9271106
9271107
9271108
9271109
9271110
9271111
9271112
9271113
9271114
9271115
9271116
9271117
9271118
9271119
9271120
9271121
9271122
9271123
9271124
9271125
9271126
9271127
9271128
9271129
9271130
9271131
9271132
9271133
9271134
9271135
9271136
9271137
9271138
9271139
9271140
9271141
9271142
9271143
9271144
9271145
9271146
9271147
9271148
9271149
9271150
9271151
9271152
9271153
9271154
9271155
9271156
9271157
9271158
9271159
9271160
9271161
9271162
9271163
9271164
9271165
9271166
9271167
9271168
9271169
9271170
9271171
9271172
9271173
9271174
9271175
9271176
9271177
9271178
9271179
9271180
9271181
9271182
9271183
9271184
9271185
9271186
9271187
9271188
9271189
9271190
9271191
9271192
9271193
9271194
9271195
9271196
9271197
9271198
9271199
9271200
9271201
9271202
9271203
9271204
9271205
9271206
9271207
9271208
9271209
9271210
9271211
9271212
9271213
9271214
9271215
9271216
9271217
9271218
9271219
9271220
9271221
9271222
9271223
9271224
9271225
9271226
9271227
9271228
9271229
9271230
9271231
9271232
9271233
9271234
9271235
9271236
9271237
9271238
9271239
9271240
9271241
9271242
9271243
9271244
9271245
9271246
9271247
9271248
9271249
9271250
9271251
9271252
9271253
9271254
9271255
9271256
9271257
9271258
9271259
9271260
9271261
9271262
9271263
9271264
9271265
9271266
9271267
9271268
9271269
9271270
9271271
9271272
9271273
9271274
9271275
9271276
9271277
9271278
9271279
9271280
9271281
9271282
9271283
9271284
9271285
9271286
9271287
9271288
9271289
9271290
9271291
9271292
9271293
9271294
9271295
9271296
9271297
9271298
9271299
9271300
9271301
9271302
9271303
9271304
9271305
9271306
9271307
9271308
9271309
9271310
9271311
9271312
9271313
9271314
9271315
9271316
9271317
9271318
9271319
9271320
9271321
9271322
9271323
9271324
9271325
9271326
9271327
9271328
9271329
9271330
9271331
9271332
9271333
9271334
9271335
9271336
9271337
9271338
9271339
9271340
9271341
9271342
9271343
9271344
9271345
9271346
9271347
9271348
9271349
9271350
9271351
9271352
9271353
9271354
9271355
9271356
9271357
9271358
9271359
9271360
9271361
9271362
9271363
9271364
9271365
9271366
9271367
9271368
9271369
9271370
9271371
9271372
9271373
9271374
9271375
9271376
9271377
9271378
9271379
9271380
9271381
9271382
9271383
9271384
9271385
9271386
9271387
9271388
9271389
9271390
9271391
9271392
9271393
9271394
9271395
9271396
9271397
9271398
9271399
9271400
9271401
9271402
9271403
9271404
9271405
9271406
9271407
9271408
9271409
9271410
9271411
9271412
9271413
9271414
9271415
9271416
9271417
9271418
9271419
9271420
9271421
9271422
9271423
9271424
9271425
9271426
9271427
9271428
9271429
9271430
9271431
9271432
9271433
9271434
9271435
9271436
9271437
9271438
9271439
9271440
9271441
9271442
9271443
9271444
9271445
9271446
9271447
9271448
9271449
9271450
9271451
9271452
9271453
9271454
9271455
9271456
9271457
9271458
9271459
9271460
9271461
9271462
9271463
9271464
9271465
9271466
9271467
9271468
9271469
9271470
9271471
9271472
9271473
9271474
9271475
9271476
9271477
9271478
9271479
9271480
9271481
9271482
9271483
9271484
9271485
9271486
9271487
9271488
9271489
9271490
9271491
9271492
9271493
9271494
9271495
9271496
9271497
9271498
9271499
9271500
9271501
9271502
9271503
9271504
9271505
9271506
9271507
9271508
9271509
9271510
9271511
9271512
9271513
9271514
9271515
9271516
9271517
9271518
9271519
9271520
9271521
9271522
9271523
9271524
9271525
9271526
9271527
9271528
9271529
9271530
9271531
9271532
9271533
9271534
9271535
9271536
9271537
9271538
9271539
9271540
9271541
9271542
9271543
9271544
9271545
9271546
9271547
9271548
9271549
9271550
9271551
9271552
9271553
9271554
9271555
9271556
9271557
9271558
9271559
9271560
9271561
9271562
9271563
9271564
9271565
9271566
9271567
9271568
9271569
9271570
9271571
9271572
9271573
9271574
9271575
9271576
9271577
9271578
9271579
9271580
9271581
9271582
9271583
9271584
9271585
9271586
9271587
9271588
9271589
9271590
9271591
9271592
9271593
9271594
9271595
9271596
9271597
9271598
9271599
9271600
9271601
9271602
9271603
9271604
9271605
9271606
9271607
9271608
9271609
9271610
9271611
9271612
9271613
9271614
9271615
9271616
9271617
9271618
9271619
9271620
9271621
9271622
9271623
9271624
9271625
9271626
9271627
9271628
9271629
9271630
9271631
9271632
9271633
9271634
9271635
9271636
9271637
9271638
9271639
9271640
9271641
9271642
9271643
9271644
9271645
9271646
9271647
9271648
9271649
9271650
9271651
9271652
9271653
9271654
9271655
9271656
9271657
9271658
9271659
9271660
9271661
9271662
9271663
9271664
9271665
9271666
9271667
9271668
9271669
9271670
9271671
9271672
9271673
9271674
9271675
9271676
9271677
9271678
9271679
9271680
9271681
9271682
9271683
9271684
9271685
9271686
9271687
9271688
9271689
9271690
9271691
9271692
9271693
9271694
9271695
9271696
9271697
9271698
9271699
9271700
9271701
9271702
9271703
9271704
9271705
9271706
9271707
9271708
9271709
9271710
9271711
9271712
9271713
9271714
9271715
9271716
9271717
9271718
9271719
9271720
9271721
9271722
9271723
9271724
9271725
9271726
9271727
9271728
9271729
9271730
9271731
9271732
9271733
9271734
9271735
9271736
9271737
9271738
9271739
9271740
9271741
9271742
9271743
9271744
9271745
9271746
9271747
9271748
9271749
9271750
9271751
9271752
9271753
9271754
9271755
9271756
9271757
9271758
9271759
9271760
9271761
9271762
9271763
9271764
9271765
9271766
9271767
9271768
9271769
9271770
9271771
9271772
9271773
9271774
9271775
9271776
9271777
9271778
9271779
9271780
9271781
9271782
9271783
9271784
9271785
9271786
9271787
9271788
9271789
9271790
9271791
9271792
9271793
9271794
9271795
9271796
9271797
9271798
9271799
9271800
9271801
9271802
9271803
9271804
9271805
9271806
9271807
9271808
9271809
9271810
9271811
9271812
9271813
9271814
9271815
9271816
9271817
9271818
9271819
9271820
9271821
9271822
9271823
9271824
9271825
9271826
9271827
9271828
9271829
9271830
9271831
9271832
9271833
9271834
9271835
9271836
9271837
9271838
9271839
9271840
9271841
9271842
9271843
9271844
9271845
9271846
9271847
9271848
9271849
9271850
9271851
9271852
9271853
9271854
9271855
9271856
9271857
9271858
9271859
9271860
9271861
9271862
9271863
9271864
9271865
9271866
9271867
9271868
9271869
9271870
9271871
9271872
9271873
9271874
9271875
9271876
9271877
9271878
9271879
9271880
9271881
9271882
9271883
9271884
9271885
9271886
9271887
9271888
9271889
9271890
9271891
9271892
9271893
9271894
9271895
9271896
9271897
9271898
9271899
9271900
9271901
9271902
9271903
9271904
9271905
9271906
9271907
9271908
9271909
9271910
9271911
9271912
9271913
9271914
9271915
9271916
9271917
9271918
9271919
9271920
9271921
9271922
9271923
9271924
9271925
9271926
9271927
9271928
9271929
9271930
9271931
9271932
9271933
9271934
9271935
9271936
9271937
9271938
9271939
9271940
9271941
9271942
9271943
9271944
9271945
9271946
9271947
9271948
9271949
9271950
9271951
9271952
9271953
9271954
9271955
9271956
9271957
9271958
9271959
9271960
9271961
9271962
9271963
9271964
9271965
9271966
9271967
9271968
9271969
9271970
9271971
9271972
9271973
9271974
9271975
9271976
9271977
9271978
9271979
9271980
9271981
9271982
9271983
9271984
9271985
9271986
9271987
9271988
9271989
9271990
9271991
9271992
9271993
9271994
9271995
9271996
9271997
9271998
9271999
9272000
9272001
9272002
9272003
9272004
9272005
9272006
9272007
9272008
9272009
9272010
9272011
9272012
9272013
9272014
9272015
9272016
9272017
9272018
9272019
9272020
9272021
9272022
9272023
9272024
9272025
9272026
9272027
9272028
9272029
9272030
9272031
9272032
9272033
9272034
9272035
9272036
9272037
9272038
9272039
9272040
9272041
9272042
9272043
9272044
9272045
9272046
9272047
9272048
9272049
9272050
9272051
9272052
9272053
9272054
9272055
9272056
9272057
9272058
9272059
9272060
9272061
9272062
9272063
9272064
9272065
9272066
9272067
9272068
9272069
9272070
9272071
9272072
9272073
9272074
9272075
9272076
9272077
9272078
9272079
9272080
9272081
9272082
9272083
9272084
9272085
9272086
9272087
9272088
9272089
9272090
9272091
9272092
9272093
9272094
9272095
9272096
9272097
9272098
9272099
9272100
9272101
9272102
9272103
9272104
9272105
9272106
9296458
9296459
9296460
9296461
9296462
9296463
9296464
9296465
9296466
9296467
9296468
9296469
9296470
9296471
9296472
9296473
9296474
9296475
9296476
9296477
9296478
9296479
9296480
9296481
9296482
9296483
9296484
9296485
9296486
9296487
9296488
9296489
9296490
9296491
9296492
9296493
9296494
9296495
9296496
9296497
9296498
9296499
9296500
9296501
9296502
9296503
9296504
9296505
9296506
9296507
9296508
9296509
9296510
9296511
9296512
9296513
9296514
9296515
9296516
9296517
9296518
9296519
9296520
9296521
9296522
9296523
9296524
9296525
9296526
9296527
9296528
9296529
9296530
9296531
9296532
9296533
9296534
9296535
9296536
9296537
9296538
9296539
9296540
9296541
9296542
9296543
9296544
9296545
9296546
9296547
9296548
9296549
9296550
9296551
9296552
9296553
9296554
9296555
9296556
9296557
9296558
9296559
9296560
9296561
9296562
9296563
9296564
9296565
9296566
9296567
9296568
9296569
9296570
9296571
9296572
9296573
9296574
9296575
9296576
9296577
9296578
9296579
9296580
9296581
9296582
9296583
9296584
9296585
9296586
9296587
9296588
9296589
9296590
9296591
9296592
9296593
9296594
9296595
9296596
9296597
9296598
9296599
9296600
9296601
9296602
9296603
9296604
9296605
9296606
9296607
9296608
9296609
9296610
9296611
9296612
9296613
9296614
9296615
9296616
9296617
9296618
9296619
9296620
9296621
9296622
9296623
9296624
9296625
9296626
9296627
9296628
9296629
9296630
9296631
9296632
9296633
9296634
9296635
9296636
9296637
9296638
9296639
9296640
9296641
9296642
9296643
9296644
9296645
9296646
9296647
9296648
9296649
9296650
9296651
9296652
9296653
9296654
9296655
9296656
9296657
9296658
9296659
9296660
9296661
9296662
9296663
9296664
9296665
9296666
9296667
9296668
9296669
9296670
9296671
9296672
9296673
9296674
9296675
9296676
9296677
9296678
9296679
9296680
9296681
9296682
9296683
9296684
9296685
9296686
9296687
9296688
9296689
9296690
9296691
9296692
9296693
9296694
9296695
9296696
9296697
9296698
9296699
9296700
9296701
9296702
9296703
9296704
9296705
9296706
9296707
9296708
9296709
9296710
9296711
9296712
9296713
9296714
9296715
9296716
9296717
9296718
9296719
9296720
9296721
9296722
9296723
9296724
9296725
9296726
9296727
9296728
9296729
9296730
9296731
9296732
9296733
9296734
9296735
9296736
9296737
9296738
9296739
9296740
9296741
9296742
9296743
9296744
9296745
9296746
9296747
9296748
9296749
9296750
9296751
9296752
9296753
9296754
9296755
9296756
9296757
9296758
9296759
9296760
9296761
9296762
9296763
9296764
9296765
9296766
9296767
9296768
9296769
9296770
9296771
9296772
9296773
9296774
9296775
9296776
9296777
9296778
9296779
9296780
9296781
9296782
9296783
9296784
9296785
9296786
9296787
9296788
9296789
9296790
9296791
9296792
9296793
9296794
9296795
9296796
9296797
9296798
9296799
9296800
9296801
9296802
9296803
9296804
9296805
9296806
9296807
9296808
9296809
9296810
9296811
9296812
9296813
9296814
9296815
9296816
9296817
9296818
9296819
9296820
9296821
9296822
9296823
9296824
9296825
9296826
9296827
9296828
9296829
9296830
9296831
9296832
9296833
9296834
9296835
9296836
9296837
9296838
9296839
9296840
9296841
9296842
9296843
9296844
9296845
9296846
9296847
9296848
9296849
9296850
9296851
9296852
9296853
9296854
9296855
9296856
9296857
9296858
9296859
9296860
9296861
9296862
9296863
9296864
9296865
9296866
9296867
9296868
9296869
9296870
9296871
9296872
9296873
9296874
9296875
9296876
9296877
9296878
9296879
9296880
9296881
9296882
9296883
9296884
9296885
9296886
9296887
9296888
9296889
9296890
9296891
9296892
9296893
9296894
9296895
9296896
9296897
9296898
9296899
9296900
9296901
9296902
9296903
9296904
9296905
9296906
9296907
9296908
9296909
9296910
9296911
9296912
9296913
9296914
9296915
9296916
9296917
9296918
9296919
9296920
9296921
9296922
9296923
9296924
9296925
9296926
9296927
9296928
9296929
9296930
9296931
9296932
9296933
9296934
9296935
9296936
9296937
9296938
9296939
9296940
9296941
9296942
9296943
9296944
9296945
9296946
9296947
9296948
9296949
9296950
9296951
9296952
9296953
9296954
9296955
9296956
9296957
9296958
9296959
9296960
9296961
9296962
9296963
9296964
9296965
9296966
9296967
9296968
9296969
9296970
9296971
9296972
9296973
9296974
9296975
9296976
9296977
9296978
9296979
9296980
9296981
9296982
9296983
9296984
9296985
9296986
9296987
9296988
9296989
9296990
9296991
9296992
9296993
9296994
9296995
9296996
9296997
9296998
9296999
9297000
9297001
9297002
9297003
9297004
9297005
9297006
9297007
9297008
9297009
9297010
9297011
9297012
9297013
9297014
9297015
9297016
9297017
9297018
9297019
9297020
9297021
9297022
9297023
9297024
9297025
9297026
9297027
9297028
9297029
9297030
9297031
9297032
9297033
9297034
9297035
9297036
9297037
9297038
9297039
9297040
9297041
9297042
9297043
9297044
9297045
9297046
9297047
9297048
9297049
9297050
9297051
9297052
9297053
9297054
9297055
9297056
9297057
9297058
9297059
9297060
9297061
9297062
9297063
9297064
9297065
9297066
9297067
9297068
9297069
9297070
9297071
9297072
9297073
9297074
9297075
9297076
9297077
9297078
9297079
9297080
9297081
9297082
9297083
9297084
9297085
9297086
9297087
9297088
9297089
9297090
9297091
9297092
9297093
9297094
9297095
9297096
9297097
9297098
9297099
9297100
9297101
9297102
9297103
9297104
9297105
9297106
9297107
9297108
9297109
9297110
9297111
9297112
9297113
9297114
9297115
9297116
9297117
9297118
9297119
9297120
9297121
9297122
9297123
9297124
9297125
9297126
9297127
9297128
9297129
9297130
9297131
9297132
9297133
9297134
9297135
9297136
9297137
9297138
9297139
9297140
9297141
9297142
9297143
9297144
9297145
9297146
9297147
9297148
9297149
9297150
9297151
9297152
9297153
9297154
9297155
9297156
9297157
9297158
9297159
9297160
9297161
9297162
9297163
9297164
9297165
9297166
9297167
9297168
9297169
9297170
9297171
9297172
9297173
9297174
9297175
9297176
9297177
9297178
9297179
9297180
9297181
9297182
9297183
9297184
9297185
9297186
9297187
9297188
9297189
9297190
9297191
9297192
9297193
9297194
9297195
9297196
9297197
9297198
9297199
9297200
9297201
9297202
9297203
9297204
9297205
9297206
9297207
9297208
9297209
9297210
9297211
9297212
9297213
9297214
9297215
9297216
9297217
9297218
9297219
9297220
9297221
9297222
9297223
9297224
9297225
9297226
9297227
9297228
9297229
9297230
9297231
9297232
9297233
9297234
9297235
9297236
9297237
9297238
9297239
9297240
9297241
9297242
9297243
9297244
9297245
9297246
9297247
9297248
9297249
9297250
9297251
9297252
9297253
9297254
9297255
9297256
9297257
9297258
9297259
9297260
9297261
9297262
9297263
9297264
9297265
9297266
9297267
9297268
9297269
9297270
9297271
9297272
9297273
9297274
9297275
9297276
9297277
9297278
9297279
9297280
9297281
9297282
9297283
9297284
9297285
9297286
9297287
9297288
9297289
9297290
9297291
9297292
9297293
9297294
9297295
9297296
9297297
9297298
9297299
9297300
9297301
9297302
9297303
9297304
9297305
9297306
9297307
9297308
9297309
9297310
9297311
9297312
9297313
9297314
9297315
9297316
9297317
9297318
9297319
9297320
9297321
9297322
9297323
9297324
9297325
9297326
9297327
9297328
9297329
9297330
9297331
9297332
9297333
9297334
9297335
9297336
9297337
9297338
9297339
9297340
9297341
9297342
9297343
9297344
9297345
9297346
9297347
9297348
9297349
9297350
9297351
9297352
9297353
9297354
9297355
9297356
9297357
9297358
9297359
9297360
9297361
9297362
9297363
9297364
9297365
9297366
9297367
9297368
9297369
9297370
9297371
9297372
9297373
9297374
9297375
9297376
9297377
9297378
9297379
9297380
9297381
9297382
9297383
9297384
9297385
9297386
9297387
9297388
9297389
9297390
9297391
9297392
9297393
9324578
9324579
9324580
9324581
9324582
9324583
9324584
9324585
9324586
9324587
9324588
9324589
9324590
9324591
9324592
9324593
9324594
9324595
9324596
9324597
9324598
9324599
9324600
9324601
9324602
9324603
9324604
9324605
9324606
9324607
9324608
9324609
9324610
9324611
9324612
9324613
9324614
9324615
9324616
9324617
9324618
9324619
9324620
9324621
9324622
9324623
9324624
9324625
9324626
9324627
9324628
9324629
9324630
9324631
9324632
9324633
9324634
9324635
9324636
9324637
9324638
9324639
9324640
9324641
9324642
9324643
9324644
9324645
9324646
9324647
9324648
9324649
9324650
9324651
9324652
9324653
9324654
9324655
9324656
9324657
9324658
9324659
9324660
9324661
9324662
9324663
9324664
9324665
9324666
9324667
9324668
9324669
9324670
9324671
9324672
9324673
9324674
9324675
9324676
9324677
9324678
9324679
9324680
9324681
9324682
9324683
9324684
9324685
9324686
9324687
9324688
9324689
9324690
9324691
9324692
9324693
9324694
9324695
9324696
9324697
9324698
9324699
9324700
9324701
9324702
9324703
9324704
9324705
9324706
9324707
9324708
9324709
9324710
9324711
9324712
9324713
9324714
9324715
9324716
9324717
9324718
9324719
9324720
9324721
9324722
9324723
9324724
9324725
9324726
9324727
9324728
9324729
9324730
9324731
9324732
9324733
9324734
9324735
9324736
9324737
9324738
9324739
9324740
9324741
9324742
9324743
9324744
9324745
9324746
9324747
9324748
9324749
9324750
9324751
9324752
9324753
9324754
9324755
9324756
9324757
9324758
9324759
9324760
9324761
9324762
9324763
9324764
9324765
9324766
9324767
9324768
9324769
9324770
9324771
9324772
9324773
9324774
9324775
9324776
9324777
9324778
9324779
9324780
9324781
9324782
9324783
9324784
9324785
9324786
9324787
9324788
9324789
9324790
9324791
9324792
9324793
9324794
9324795
9324796
9324797
9324798
9324799
9324800
9324801
9324802
9324803
9324804
9324805
9324806
9324807
9324808
9324809
9324810
9324811
9324812
9324813
9324814
9324815
9324816
9324817
9324818
9324819
9324820
9324821
9324822
9324823
9324824
9324825
9324826
9324827
9324828
9324829
9324830
9324831
9324832
9324833
9324834
9324835
9324836
9324837
9324838
9324839
9324840
9324841
9324842
9324843
9324844
9324845
9324846
9324847
9324848
9324849
9324850
9324851
9324852
9324853
9324854
9324855
9324856
9324857
9324858
9324859
9324860
9324861
9324862
9324863
9324864
9324865
9324866
9324867
9324868
9324869
9324870
9324871
9324872
9324873
9324874
9324875
9324876
9324877
9324878
9324879
9324880
9324881
9324882
9324883
9324884
9324885
9324886
9324887
9324888
9324889
9324890
9324891
9324892
9324893
9324894
9324895
9324896
9324897
9324898
9324899
9324900
9324901
9324902
9324903
9324904
9324905
9324906
9324907
9324908
9324909
9324910
9324911
9324912
9324913
9324914
9324915
9324916
9324917
9324918
9324919
9324920
9324921
9324922
9324923
9324924
9324925
9324926
9324927
9324928
9324929
9324930
9324931
9324932
9324933
9324934
9324935
9324936
9324937
9324938
9324939
9324940
9324941
9324942
9324943
9324944
9324945
9324946
9324947
9324948
9324949
9324950
9324951
9324952
9324953
9324954
9324955
9324956
9324957
9324958
9324959
9324960
9324961
9324962
9324963
9324964
9324965
9324966
9324967
9324968
9324969
9324970
9324971
9324972
9324973
9324974
9324975
9324976
9324977
9324978
9324979
9324980
9324981
9324982
9324983
9324984
9324985
9324986
9324987
9324988
9324989
9324990
9324991
9324992
9324993
9324994
9324995
9324996
9324997
9324998
9324999
9325000
9325001
9325002
9325003
9325004
9325005
9325006
9325007
9325008
9325009
9325010
9325011
9325012
9325013
9325014
9325015
9325016
9325017
9325018
9325019
9325020
9325021
9325022
9325023
9325024
9325025
9325026
9325027
9325028
9325029
9325030
9325031
9325032
9325033
9325034
9325035
9325036
9325037
9325038
9325039
9325040
9325041
9325042
9325043
9325044
9325045
9325046
9325047
9325048
9325049
9325050
9325051
9325052
9325053
9325054
9325055
9325056
9325057
9325058
9325059
9325060
9325061
9325062
9325063
9325064
9325065
9325066
9325067
9325068
9325069
9325070
9325071
9325072
9325073
9325074
9325075
9325076
9325077
9325078
9325079
9325080
9325081
9325082
9325083
9325084
9325085
9325086
9325087
9325088
9325089
9325090
9325091
9325092
9325093
9325094
9325095
9325096
9325097
9325098
9325099
9325100
9325101
9325102
9325103
9325104
9325105
9325106
9325107
9325108
9325109
9325110
9325111
9325112
9325113
9325114
9325115
9325116
9325117
9325118
9325119
9325120
9325121
9325122
9325123
9325124
9325125
9325126
9325127
9325128
9325129
9325130
9325131
9325132
9325133
9325134
9325135
9325136
9325137
9325138
9325139
9325140
9325141
9325142
9325143
9325144
9325145
9325146
9325147
9325148
9325149
9325150
9325151
9325152
9325153
9325154
9325155
9325156
9325157
9325158
9325159
9325160
9325161
9325162
9325163
9325164
9325165
9325166
9325167
9325168
9325169
9325170
9325171
9325172
9325173
9325174
9325175
9325176
9325177
9325178
9325179
9325180
9325181
9325182
9325183
9325184
9325185
9325186
9325187
9325188
9325189
9325190
9325191
9325192
9325193
9325194
9325195
9325196
9325197
9325198
9325199
9325200
9325201
9325202
9325203
9325204
9325205
9325206
9325207
9325208
9325209
9325210
9325211
9325212
9325213
9325214
9325215
9325216
9325217
9325218
9325219
9325220
9325221
9325222
9325223
9325224
9325225
9325226
9325227
9325228
9325229
9325230
9325231
9325232
9325233
9325234
9325235
9325236
9325237
9325238
9325239
9325240
9325241
9325242
9325243
9325244
9325245
9325246
9325247
9325248
9325249
9325250
9325251
9325252
9325253
9325254
9325255
9325256
9325257
9325258
9325259
9325260
9325261
9325262
9325263
9325264
9325265
9325266
9325267
9325268
9325269
9325270
9325271
9325272
9325273
9325274
9325275
9325276
9325277
9325278
9325279
9325280
9325281
9325282
9325283
9325284
9325285
9325286
9325287
9325288
9325289
9325290
9325291
9325292
9325293
9325294
9325295
9325296
9325297
9325298
9325299
9325300
9325301
9325302
9325303
9325304
9325305
9325306
9325307
9325308
9325309
9325310
9325311
9325312
9325313
9325314
9325315
9325316
9325317
9325318
9325319
9325320
9325321
9325322
9325323
9325324
9325325
9325326
9325327
9325328
9325329
9325330
9325331
9325332
9325333
9325334
9325335
9325336
9325337
9325338
9325339
9325340
9325341
9325342
9325343
9325344
9325345
9325346
9325347
9325348
9325349
9325350
9325351
9325352
9325353
9325354
9325355
9325356
9325357
9325358
9325359
9325360
9325361
9325362
9325363
9325364
9325365
9325366
9325367
9325368
9325369
9325370
9325371
9325372
9325373
9325374
9325375
9325376
9325377
9325378
9325379
9325380
9325381
9325382
9325383
9325384
9325385
9325386
9325387
9325388
9325389
9325390
9325391
9325392
9325393
9325394
9325395
9325396
9325397
9325398
9325399
9325400
9325401
9325402
9325403
9325404
9325405
9325406
9325407
9325408
9325409
9325410
9325411
9325412
9325413
9325414
9325415
9325416
9325417
9325418
9325419
9325420
9325421
9325422
9325423
9325424
9325425
9325426
9325427
9325428
9325429
9325430
9325431
9325432
9325433
9325434
9325435
9325436
9325437
9325438
9325439
9325440
9325441
9325442
9325443
9325444
9325445
9325446
9325447
9325448
9325449
9325450
9325451
9325452
9325453
9325454
9325455
9325456
9325457
9325458
9325459
9325460
9325461
9325462
9325463
9325464
9325465
9325466
9325467
9325468
9325469
9325470
9325471
9325472
9325473
9325474
9325475
9325476
9325477
9325478
9325479
9325480
9325481
9325482
9325483
9325484
9325485
9325486
9325487
9325488
9325489
9325490
9325491
9325492
9325493
9325494
9325495
9325496
9325497
9325498
9325499
9325500
9325501
9325502
9325503
9325504
9325505
9325506
9325507
9325508
9325509
9325510
9325511
9325512
9325513
9361720
9361721
9361722
9361723
9361724
9361725
9361726
9361727
9361728
9361729
9361730
9361731
9361732
9361733
9361734
9361735
9361736
9361737
9361738
9361739
9361740
9361741
9361742
9361743
9361744
9361745
9361746
9361747
9361748
9361749
9361750
9361751
9361752
9361753
9361754
9361755
9361756
9361757
9361758
9361759
9361760
9361761
9361762
9361763
9361764
9361765
9361766
9361767
9361768
9361769
9361770
9361771
9361772
9361773
9361774
9361775
9361776
9361777
9361778
9361779
9361780
9361781
9361782
9361783
9361784
9361785
9361786
9361787
9361788
9361789
9361790
9361791
9361792
9361793
9361794
9361795
9361796
9361797
9361798
9361799
9361800
9361801
9361802
9361803
9361804
9361805
9361806
9361807
9361808
9361809
9361810
9361811
9361812
9361813
9361814
9361815
9361816
9361817
9361818
9361819
9361820
9361821
9361822
9361823
9361824
9361825
9361826
9361827
9361828
9361829
9361830
9361831
9361832
9361833
9361834
9361835
9361836
9361837
9361838
9361839
9361840
9361841
9361842
9361843
9361844
9361845
9361846
9361847
9361848
9361849
9361850
9361851
9361852
9361853
9361854
9361855
9361856
9361857
9361858
9361859
9361860
9361861
9361862
9361863
9361864
9361865
9361866
9361867
9361868
9361869
9361870
9361871
9361872
9361873
9361874
9361875
9361876
9361877
9361878
9361879
9361880
9361881
9361882
9361883
9361884
9361885
9361886
9361887
9361888
9361889
9361890
9361891
9361892
9361893
9361894
9361895
9361896
9361897
9361898
9361899
9361900
9361901
9361902
9361903
9361904
9361905
9361906
9361907
9361908
9361909
9361910
9361911
9361912
9361913
9361914
9361915
9361916
9361917
9361918
9361919
9361920
9361921
9361922
9361923
9361924
9361925
9361926
9361927
9361928
9361929
9361930
9361931
9361932
9361933
9361934
9361935
9361936
9361937
9361938
9361939
9361940
9361941
9361942
9361943
9361944
9361945
9361946
9361947
9361948
9361949
9361950
9361951
9361952
9361953
9361954
9361955
9361956
9361957
9361958
9361959
9361960
9361961
9361962
9361963
9361964
9361965
9361966
9361967
9361968
9361969
9361970
9361971
9361972
9361973
9361974
9361975
9361976
9361977
9361978
9361979
9361980
9361981
9361982
9361983
9361984
9361985
9361986
9361987
9361988
9361989
9361990
9361991
9361992
9361993
9361994
9361995
9361996
9361997
9361998
9361999
9362000
9362001
9362002
9362003
9362004
9362005
9362006
9362007
9362008
9362009
9362010
9362011
9362012
9362013
9362014
9362015
9362016
9362017
9362018
9362019
9362020
9362021
9362022
9362023
9362024
9362025
9362026
9362027
9362028
9362029
9362030
9362031
9362032
9362033
9362034
9362035
9362036
9362037
9362038
9362039
9362040
9362041
9362042
9362043
9362044
9362045
9362046
9362047
9362048
9362049
9362050
9362051
9362052
9362053
9362054
9362055
9362056
9362057
9362058
9362059
9362060
9362061
9362062
9362063
9362064
9362065
9362066
9362067
9362068
9362069
9362070
9362071
9362072
9362073
9362074
9362075
9362076
9362077
9362078
9362079
9362080
9362081
9362082
9362083
9362084
9362085
9362086
9362087
9362088
9362089
9362090
9362091
9362092
9362093
9362094
9362095
9362096
9362097
9362098
9362099
9362100
9362101
9362102
9362103
9362104
9362105
9362106
9362107
9362108
9362109
9362110
9362111
9362112
9362113
9362114
9362115
9362116
9362117
9362118
9362119
9362120
9362121
9362122
9362123
9362124
9362125
9362126
9362127
9362128
9362129
9362130
9362131
9362132
9362133
9362134
9362135
9362136
9362137
9362138
9362139
9362140
9362141
9362142
9362143
9362144
9362145
9362146
9362147
9362148
9362149
9362150
9362151
9362152
9362153
9362154
9362155
9362156
9362157
9362158
9362159
9362160
9362161
9362162
9362163
9362164
9362165
9362166
9362167
9362168
9362169
9362170
9362171
9362172
9362173
9362174
9362175
9362176
9362177
9362178
9362179
9362180
9362181
9362182
9362183
9362184
9362185
9362186
9362187
9362188
9362189
9362190
9362191
9362192
9362193
9362194
9362195
9362196
9362197
9362198
9362199
9362200
9362201
9362202
9362203
9362204
9362205
9362206
9362207
9362208
9362209
9362210
9362211
9362212
9362213
9362214
9362215
9362216
9362217
9362218
9362219
9362220
9362221
9362222
9362223
9362224
9362225
9362226
9362227
9362228
9362229
9362230
9362231
9362232
9362233
9362234
9362235
9362236
9362237
9362238
9362239
9362240
9362241
9362242
9362243
9362244
9362245
9362246
9362247
9362248
9362249
9362250
9362251
9362252
9362253
9362254
9362255
9362256
9362257
9362258
9362259
9362260
9362261
9362262
9362263
9362264
9362265
9362266
9362267
9362268
9362269
9362270
9362271
9362272
9362273
9362274
9362275
9362276
9362277
9362278
9362279
9362280
9362281
9362282
9362283
9362284
9362285
9362286
9362287
9362288
9362289
9362290
9362291
9362292
9362293
9362294
9362295
9362296
9362297
9362298
9362299
9362300
9362301
9362302
9362303
9362304
9362305
9362306
9362307
9362308
9362309
9362310
9362311
9362312
9362313
9362314
9362315
9362316
9362317
9362318
9362319
9362320
9362321
9362322
9362323
9362324
9362325
9362326
9362327
9362328
9362329
9362330
9362331
9362332
9362333
9362334
9362335
9362336
9362337
9362338
9362339
9362340
9362341
9362342
9362343
9362344
9362345
9362346
9362347
9362348
9362349
9362350
9362351
9362352
9362353
9362354
9362355
9362356
9362357
9362358
9362359
9362360
9362361
9362362
9362363
9362364
9362365
9362366
9362367
9362368
9362369
9362370
9362371
9362372
9362373
9362374
9362375
9362376
9362377
9362378
9362379
9362380
9362381
9362382
9362383
9362384
9362385
9362386
9362387
9362388
9362389
9362390
9362391
9362392
9362393
9362394
9362395
9362396
9362397
9362398
9362399
9362400
9362401
9362402
9362403
9362404
9362405
9362406
9362407
9362408
9362409
9362410
9362411
9362412
9362413
9362414
9362415
9362416
9362417
9362418
9362419
9362420
9362421
9362422
9362423
9362424
9362425
9362426
9362427
9362428
9362429
9362430
9362431
9362432
9362433
9362434
9362435
9362436
9362437
9362438
9362439
9362440
9362441
9362442
9362443
9362444
9362445
9362446
9362447
9362448
9362449
9362450
9362451
9362452
9362453
9362454
9362455
9362456
9362457
9362458
9362459
9362460
9362461
9362462
9362463
9362464
9362465
9362466
9362467
9362468
9362469
9362470
9362471
9362472
9362473
9362474
9362475
9362476
9362477
9362478
9362479
9362480
9362481
9362482
9362483
9362484
9362485
9362486
9362487
9362488
9362489
9362490
9362491
9362492
9362493
9362494
9362495
9362496
9362497
9362498
9362499
9362500
9362501
9362502
9362503
9362504
9362505
9362506
9362507
9362508
9362509
9362510
9362511
9362512
9362513
9362514
9362515
9362516
9362517
9362518
9362519
9362520
9362521
9362522
9362523
9362524
9362525
9362526
9362527
9362528
9362529
9362530
9362531
9362532
9362533
9362534
9362535
9362536
9362537
9362538
9362539
9362540
9362541
9362542
9362543
9362544
9362545
9362546
9362547
9362548
9362549
9362550
9362551
9362552
9362553
9362554
9362555
9362556
9362557
9362558
9362559
9362560
9362561
9362562
9362563
9362564
9362565
9362566
9362567
9362568
9362569
9362570
9362571
9362572
9362573
9362574
9362575
9362576
9362577
9362578
9362579
9362580
9362581
9362582
9362583
9362584
9362585
9362586
9362587
9362588
9362589
9362590
9362591
9362592
9362593
9362594
9362595
9362596
9362597
9362598
9362599
9362600
9362601
9362602
9362603
9362604
9362605
9362606
9362607
9362608
9362609
9362610
9362611
9362612
9362613
9362614
9362615
9362616
9362617
9362618
9362619
9362620
9362621
9362622
9362623
9362624
9362625
9362626
9362627
9362628
9362629
9362630
9362631
9362632
9362633
9362634
9362635
9362636
9362637
9362638
9362639
9362640
9362641
9362642
9362643
9362644
9362645
9362646
9362647
9362648
9362649
9362650
9362651
9362652
9362653
9362654
9362655
9362656
9362657
9362658
9362659
9362660
9362661
9362662
9362663
9362664
9362665
9362666
9362667
9362668
9362669
9362670
9362671
9362672
9362673
9362674
9362675
9362676
9362677
9362678
9362679
9362680
9362681
9362682
9362683
9362684
9362685
9362686
9362687
9362688
9362689
9362690
9362691
9362692
9362693
9362694
9362695
9362696
9362697
9362698
9362699
9362700
9362701
9362702
9362703
9362704
9362705
9362706
9362707
9362708
9362709
9362710
9362711
9362712
9362713
9362714
9362715
9362716
9362717
9362718
9362719
9362720
9362721
9362722
9362723
9362724
9362725
9362726
9362727
9362728
9362729
9362730
9362731
9362732
9362733
9362734
9362735
9362736
9415748
9415749
9415750
9415751
9415752
9415753
9415754
9415755
9415756
9415757
9415758
9415759
9415760
9415761
9415762
9415763
9415764
9415765
9415766
9415767
9415768
9415769
9415770
9415771
9415772
9415773
9415774
9415775
9415776
9415777
9415778
9415779
9415780
9415781
9415782
9415783
9415784
9415785
9415786
9415787
9415788
9415789
9415790
9415791
9415792
9415793
9415794
9415795
9413054
9413055
9413056
9413057
9413058
9413059
9413060
9413061
9413062
9413063
9413064
9413065
9413066
9413067
9413068
9413069
9413070
9413071
9413072
9413073
9413074
9413075
9413076
9413077
9413078
9413079
9413080
9413081
9413082
9413083
9413084
9413085
9413086
9413087
9413088
9413089
9413090
9413091
9413092
9413093
9413094
9413095
9413096
9413097
9413098
9413099
9413100
9413101
9413102
9413103
9413104
9413105
9413106
9413107
9413108
9413109
9413110
9413111
9413112
9413113
9413114
9413115
9413116
9413117
9413118
9413119
9413120
9413121
9413122
9413123
9413124
9413125
9413126
9413127
9413128
9413129
9413130
9413131
9413132
9413133
9413134
9413135
9413136
9413137
9413138
9413139
9413140
9413141
9413142
9413143
9413144
9413145
9413146
9413147
9413148
9413149
9413150
9413151
9413152
9413153
9413154
9413155
9413156
9413157
9413158
9413159
9413160
9413161
9413162
9413163
9413164
9413165
9413166
9413167
9413168
9413169
9413170
9413171
9413172
9413173
9413174
9413175
9413176
9413177
9413178
9413179
9413180
9408556
9408557
9408558
9408559
9408560
9408561
9408562
9408563
9408564
9408565
9408566
9408567
9408568
9408569
9408570
9408571
9408572
9408573
9408574
9408575
9408576
9408577
9408578
9408579
9408580
9408581
9408582
9408583
9408584
9408585
9408586
9408587
9408588
9408589
9408590
9408591
9408592
9408593
9408594
9408595
9408596
9408597
9408598
9408599
9408600
9408601
9408602
9408603
9408604
9408605
9408606
9408607
9408608
9408609
9408610
9408611
9408612
9408613
9408614
9408615
9408616
9408617
9408618
9408619
9408620
9408621
9408622
9408623
9408624
9408625
9408626
9408627
9408628
9408629
9408630
9408631
9408632
9408633
9408634
9408635
9408636
9408637
9408638
9408639
9408640
9408641
9408642
9408643
9408644
9408645
9408646
9408647
9408648
9408649
9408650
9408651
9408652
9408653
9408654
9408655
9408656
9408657
9408658
9408659
9408660
9408661
9408662
9408663
9408664
9408665
9408666
9407972
9407973
9407974
9407975
9407976
9407977
9407978
9407979
9407980
9407981
9407982
9407983
9407984
9407985
9407986
9407987
9407988
9407989
9407990
9407991
9407992
9407993
9407994
9407995
9407996
9407997
9407998
9407999
9408000
9408001
9408002
9408003
9408004
9408005
9408006
9408007
9408008
9408009
9408010
9408011
9408012
9408013
9408014
9408015
9408016
9408017
9408018
9408019
9408020
9408021
9408022
9408023
9408024
9408025
9408026
9408027
9408028
9408029
9408030
9408031
9408032
9408033
9408034
9408035
9408036
9408037
9408038
9408039
9408040
9408041
9408042
9408043
9408044
9408045
9408046
9408047
9408048
9408049
9408050
9408051
9408052
9408053
9408054
9408055
9408056
9408057
9408058
9408059
9408060
9408061
9408062
9408063
9408064
9408065
9408066
9408067
9408068
9408069
9408070
9408071
9408072
9408073
9408074
9408075
9408076
9408077
9408078
9408079
9408080
9408081
9408082
9408083
9408084
9408085
9408086
9408087
9408088
9408089
9408090
9408091
9408092
9408093
9408094
9408095
9408096
9408097
9408098
9408099
9408100
9408101
9408102
9408103
9408104
9408105
9408106
9408107
9408108
9408109
9408110
9408111
9408112
9408113
9408114
9408115
9408116
9408117
9408118
9408119
9408120
9408121
9408122
9408123
9408124
9408125
9408126
9408127
9408128
9408129
9408130
9408131
9408132
9408133
9408134
9408135
9408136
9408137
9408138
9408139
9408140
9408141
9408142
9408143
9408144
9408145
9408146
9408147
9408148
9408149
9408150
9408151
9408152
9408153
9408154
9408155
9406154
9406155
9406156
9406157
9406158
9406159
9406160
9406161
9406162
9406163
9406164
9406165
9406166
9406167
9406168
9406169
9406170
9406171
9406172
9406173
9406174
9406175
9406176
9406177
9406178
9406179
9406180
9406181
9406182
9406183
9406184
9406185
9406186
9406187
9406188
9406189
9406190
9406191
9406192
9406193
9406194
9406195
9406196
9406197
9406198
9406199
9406200
9406201
9406202
9406203
9406204
9406205
9406206
9406207
9406208
9406209
9406210
9406211
9406212
9406213
9406214
9406215
9406216
9406217
9406218
9406219
9406220
9406221
9406222
9406223
9406224
9406225
9406226
9406227
9406228
9406229
9406230
9406231
9406232
9406233
9406234
9406235
9406236
9406237
9406238
9406239
9406240
9406241
9406242
9406243
9406244
9406245
9406246
9406247
9406248
9406249
9406250
9406251
9406252
9406253
9406254
9406255
9406256
9406257
9406258
9406259
9406260
9406261
9406262
9406263
9406264
9406265
9406266
9406267
9406268
9406269
9406270
9406271
9406272
9406273
9406274
9406275
9406276
9406277
9406278
9406279
9406280
9406281
9406282
9406283
9406284
9406285
9406286
9406287
9406288
9406289
9406290
9406291
9406292
9406293
9406294
9406295
9406296
9406297
9406298
9406299
9406300
9406301
9406302
9406303
9406304
9406305
9406306
9406307
9406308
9406309
9406310
9406311
9406312
9406313
9406314
9406315
9406316
9406317
9406318
9406319
9406320
9406321
9406322
9406323
9406324
9406325
9406326
9406327
9406328
9406329
9406330
9406331
9406332
9406333
9406334
9406335
9406336
9406337
9406338
9406339
9406340
9406341
9406342
9406343
9406344
9406345
9406346
9406347
9406348
9406349
9406350
9406351
9406352
9406353
9406354
9406355
9406356
9406357
9406358
9406359
9406360
9406361
9406362
9406363
9406364
9406365
9406366
9406367
9406368
9406369
9406370
9406371
9406372
9406373
9406374
9406375
9406376
9406377
9406378
9406379
9406380
9406381
9406382
9406383
9406384
9406385
9406386
9406387
9406388
9406389
9406390
9406391
9406392
9406393
9406394
9406395
9406396
9406397
9406398
9406399
9406400
9406401
9406402
9406403
9406404
9406405
9406406
9406407
9406408
9406409
9406410
9406411
9406412
9406413
9406414
9406415
9406416
9406417
9406418
9406419
9406420
9406421
9406422
9406423
9406424
9406425
9406426
9406427
9406428
9406429
9406430
9406431
9406432
9406433
9406434
9406435
9406436
9406437
9406438
9406439
9406440
9406441
9406442
9406443
9406444
9406445
9406446
9406447
9406448
9406449
9406450
9406451
9406452
9406453
9406454
9406455
9406456
9406457
9406458
9406459
9406460
9406461
9406462
9406463
9406464
9406465
9406466
9406467
9406468
9406469
9406470
9406471
9406472
9406473
9406474
9406475
9406476
9406477
9406478
9406479
9406480
9406481
9406482
9406483
9406484
9406485
9406486
9406487
9406488
9406489
9406490
9406491
9406492
9406493
9406494
9406495
9406496
9406497
9406498
9406499
9406500
9406501
9406502
9406503
9406504
9406505
9406506
9406507
9406508
9406509
9406510
9406511
9406512
9406513
9406514
9406515
9406516
9406517
9406518
9406519
9406520
9406521
9406522
9406523
9406524
9406525
9406526
9406527
9406528
9406529
9406530
9406531
9406532
9406533
9406534
9406535
9406536
9406537
9406538
9406539
9406540
9406541
9406542
9406543
9406544
9406545
9406546
9406547
9406548
9406549
9406550
9406551
9406552
9406553
9406554
9406555
9406556
9406557
9406558
9406559
9406560
9406561
9406562
9406563
9406564
9406565
9406566
9406567
9406568
9406569
9406570
9406571
9406572
9406573
9406574
9406575
9406576
9406577
9406578
9406579
9406580
9406581
9406582
9406583
9406584
9406585
9406586
9406587
9406588
9406589
9406590
9406591
9406592
9406593
9406594
9406595
9406596
9406597
9406598
9406599
9406600
9406601
9406602
9406603
9406604
9406605
9406606
9406607
9406608
9406609
9406610
9406611
9406612
9406613
9406614
9406615
9406616
9406617
9406618
9406619
9406620
9406621
9406622
9406623
9406624
9406625
9406626
9406627
9406628
9406629
9406630
9406631
9406632
9406633
9406634
9406635
9406636
9406637
9406638
9406639
9406640
9406641
9406642
9406643
9406644
9406645
9406646
9406647
9406648
9406649
9406650
9406651
9406652
9406653
9406654
9406655
9406656
9406657
9406658
9406659
9406660
9406661
9406662
9406663
9406664
9406665
9406666
9406667
9406668
9406669
9406670
9406671
9406672
9406673
9406674
9406675
9406676
9406677
9406678
9406679
9406680
9406681
9406682
9406683
9406684
9406685
9406686
9406687
9406688
9406689
9406690
9406691
9406692
9406693
9406694
9406695
9406696
9406697
9406698
9406699
9406700
9406701
9406702
9406703
9406704
9406705
9406706
9406707
9406708
9406709
9406710
9406711
9406712
9406713
9406714
9406715
9406716
9406717
9406718
9406719
9406720
9406721
9406722
9406723
9406724
9406725
9406726
9406727
9406728
9406729
9406730
9406731
9406732
9406733
9406734
9406735
9406736
9406737
9406738
9406739
9406740
9406741
9406742
9406743
9406744
9406745
9406746
9406747
9406748
9406749
9406750
9406751
9406752
9406753
9406754
9406755
9406756
9406757
9406758
9406759
9406760
9406761
9406762
9406763
9406764
9406765
9406766
9406767
9406768
9406769
9406770
9406771
9406772
9406773
9406774
9406775
9406776
9406777
9406778
9406779
9406780
9406781
9406782
9406783
9406784
9406785
9406786
9406787
9406788
9406789
9406790
9406791
9406792
9406793
9406794
9406795
9406796
9406797
9406798
9406799
9406800
9406801
9406802
9406803
9406804
9406805
9406806
9406807
9406808
9406809
9406810
9406811
9406812
9406813
9406814
9406815
9406816
9406817
9406818
9406819
9406820
9406821
9406822
9406823
9406824
9406825
9406826
9406827
9406828
9406829
9406830
9406831
9406832
9406833
9406834
9406835
9406836
9406837
9406838
9406839
9406840
9406841
9406842
9406843
9406844
9406845
9406846
9406847
9406848
9406849
9406850
9406851
9406852
9406853
9406854
9406855
9406856
9406857
9406858
9406859
9406860
9406861
9406862
9406863
9406864
9406865
9406866
9406867
9406868
9406869
9406870
9406871
9406872
9406873
9406874
9406875
9406876
9406877
9406878
9406879
9406880
9406881
9406882
9406883
9406884
9406885
9406886
9406887
9406888
9406889
9406890
9406891
9406892
9406893
9406894
9406895
9406896
9406897
9406898
9406899
9406900
9406901
9406902
9406903
9406904
9406905
9406906
9406907
9406908
9406909
9406910
9406911
9406912
9406913
9406914
9406915
9406916
9406917
9406918
9406919
9406920
9406921
9406922
9406923
9406924
9406925
9406926
9406927
9406928
9406929
9406930
9406931
9406932
9406933
9406934
9406935
9406936
9406937
9406938
9406939
9406940
9406941
9406942
9406943
9406944
9406945
9406946
9406947
9406948
9406949
9406950
9406951
9406952
9406953
9406954
9406955
9406956
9406957
9406958
9406959
9406960
9406961
9406962
9406963
9406964
9406965
9406966
9406967
9406968
9406969
9406970
9406971
9406972
9406973
9406974
9406975
9406976
9406977
9406978
9406979
9406980
9406981
9406982
9406983
9406984
9406985
9406986
9406987
9406988
9406989
9406990
9406991
9406992
9406993
9406994
9406995
9406996
9406997
9406998
9406999
9407000
9407001
9407002
9407003
9407004
9407005
9407006
9407007
9407008
9407009
9407010
9407011
9407012
9407013
9407014
9407015
9407016
9407017
9407018
9407019
9407020
9407021
9407022
9407023
9407024
9407025
9407026
9407027
9407028
9407029
9407030
9407031
9407032
9407033
9407034
9407035
9407036
9407037
9407038
9407039
9407040
9407041
9407042
9407043
9407044
9407045
9407046
9407047
9407048
9407049
9407050
9407051
9407052
9407053
9407054
9407055
9407056
9407057
9407058
9407059
9407060
9407061
9407062
9407063
9407064
9407065
9407066
9407067
9407068
9407069
9407070
9407071
9407072
9407073
9407074
9407075
9407076
9407077
9407078
9407079
9407080
9407081
9407082
9407083
9407084
9407085
9407086
9407087
9407088
9407089
9407090
9407091
9407092
9407093
9407094
9407095
9407096
9407097
9407098
9407099
9407100
9407101
9407102
9407103
9407104
9407105
9407106
9407107
9407108
9407109
9407110
9407111
9407112
9407113
9407114
9407115
9407116
9407117
9407118
9407119
9407120
9407121
9407122
9407123
9407124
9407125
9407126
9407127
9407128
9407129
9407130
9407131
9407132
9407133
9407134
9407135
9407136
9407137
9407138
9407139
9407140
9407141
9407142
9407143
9407144
9407145
9407146
9407147
9407148
9407149
9407150
9407151
9407152
9407153
9407154
9407155
9407156
9407157
9407158
9407159
9407160
9407161
9407162
9407163
9407164
9407165
9407166
9407167
9407168
9407169
9407170
9407171
9407172
9407173
9407174
9407175
9407176
9407177
9407178
9407179
9407180
9407181
9407182
9407183
9407184
9407185
9407186
9407187
9407188
9407189
9407190
9407191
9407192
9407193
9407194
9407195
9407196
9407197
9407198
9407199
9407200
9407201
9407202
9407203
9407204
9407205
9407206
9407207
9407208
9407209
9407210
9407211
9407212
9407213
9407214
9407215
9407216
9407217
9407218
9407219
9407220
9407221
9407222
9407223
9407224
9407225
9407226
9407227
9407228
9407229
9407230
9407231
9407232
9407233
9407234
9407235
9407236
9407237
9407238
9407239
9407240
9407241
9407242
9407243
9407244
9407245
9407246
9407247
9407248
9407249
9407250
9407251
9407252
9407253
9407254
9407255
9407256
9407257
9407258
9407259
9407260
9407261
9407262
9407263
9407264
9407265
9407266
9407267
9407268
9407269
9407270
9407271
9407272
9407273
9407274
9407275
9407276
9407277
9407278
9407279
9407280
9407281
9407282
9407283
9407284
9407285
9407286
9407287
9407288
9407289
9407290
9407291
9407292
9407293
9407294
9407295
9407296
9407297
9407298
9407299
9407300
9407301
9407302
9407303
9407304
9407305
9407306
9407307
9407308
9407309
9407310
9407311
9407312
9407313
9407314
9407315
9407316
9407317
9407318
9407319
9407320
9407321
9407322
9407323
9407324
9407325
9407326
9407327
9407328
9407329
9407330
9407331
9407332
9407333
9407334
9407335
9407336
9407337
9407338
9407339
9407340
9407341
9407342
9407343
9407344
9407345
9407346
9407347
9407348
9407349
9407350
9407351
9407352
9407353
9407354
9407355
9407356
9407357
9407358
9407359
9407360
9407361
9407362
9407363
9407364
9407365
9407366
9407367
9407368
9407369
9407370
9407371
9407372
9407373
9407374
9407375
9407376
9407377
9407378
9407379
9407380
9407381
9407382
9407383
9407384
9407385
9407386
9407387
9407388
9407389
9407390
9407391
9407392
9407393
9407394
9407395
9407396
9407397
9407398
9407399
9407400
9407401
9407402
9407403
9407404
9407405
9407406
9407407
9407408
9407409
9407410
9407411
9407412
9407413
9407414
9407415
9407416
9407417
9407418
9407419
9407420
9407421
9407422
9407423
9407424
9407425
9407426
9407427
9407428
9407429
9407430
9407431
9407432
9407433
9407434
9407435
9407436
9407437
9407438
9407439
9407440
9407441
9407442
9407443
9407444
9407445
9407446
9407447
9407448
9407449
9407450
9407451
9407452
9407453
9407454
9407455
9407456
9407457
9407458
9407459
9407460
9407461
9407462
9407463
9407464
9407465
9407466
9407467
9407468
9407469
9407470
9407471
9407472
9407473
9407474
9407475
9407476
9407477
9407478
9407479
9407480
9407481
9407482
9407483
9407484
9407485
9407486
9407487
9407488
9407489
9407490
9407491
9407492
9407493
9407494
9407495
9407496
9407497
9407498
9407499
9407500
9407501
9407502
9407503
9407504
9407505
9407506
9407507
9407508
9407509
9407510
9407511
9407512
9407513
9407514
9407515
9407516
9407517
9407518
9407519
9407520
9407521
9407522
9407523
9407524
9407525
9407526
9407527
9407528
9407529
9407530
9407531
9407532
9407533
9407534
9407535
9407536
9407537
9407538
9407539
9407540
9407541
9407542
9407543
9407544
9407545
9407546
9407547
9407548
9407549
9407550
9407551
9407552
9407553
9407554
9407555
9407556
9407557
9407558
9407559
9407560
9407561
9407562
9407563
9407564
9407565
9407566
9407567
9407568
9407569
9407570
9407571
9407572
9407573
9407574
9407575
9407576
9407577
9407578
9407579
9407580
9407581
9407582
9407583
9407584
9407585
9407586
9407587
9407588
9407589
9407590
9407591
9407592
9407593
9407594
9407595
9407596
9407597
9407598
9407599
9407600
9407601
9407602
9407603
9407604
9407605
9407606
9407607
9407608
9407609
