3480395
3480396
3480397
3480398
3480399
3480400
3480401
3480402
3480403
3480404
3480405
3480406
3480407
3480408
3480409
3480410
3480411
3480412
3480413
3480414
3480415
3480416
3480417
3480418
3480419
3480420
3480421
3480422
3480423
3480424
3480425
3480426
3480427
3480428
3480429
3480430
3480431
3480432
3480433
3480434
3480435
3480436
3480437
3480438
3480439
3480440
3480441
3480442
3480443
3480444
3480445
3480446
3480447
3480448
3480449
3480450
3480451
3480452
3480453
3480454
3480455
3480456
3480457
3480458
3480459
3480460
3480461
3478816
3478817
3478818
3478819
3478820
3478821
3478822
3478823
3478824
3478825
3478826
3478827
3478828
3478829
3478830
3478831
3478832
3478833
3478834
3478835
3478836
3478837
3478838
3478839
3478840
3478841
3478842
3478843
3478844
3478845
3478846
3478847
3478848
3478849
3478850
3478851
3478852
3478853
3478854
3478855
3478856
3478857
3478858
3478859
3478860
3478861
3478862
3478863
3478864
3478865
3478866
3478867
3478868
3478869
3478870
3478871
3478872
3478873
3478874
3478875
3478876
3478877
3478878
3478879
3478880
3478881
3478882
3478883
3478884
3478885
3478886
3478887
3478888
3478889
3478890
3478891
3478892
3478893
3478894
3478895
3478896
3478897
3478898
3478899
3478900
3478901
3478902
3478903
3478904
3478905
3478906
3478907
3478908
3478909
3478910
3478911
3478912
3478913
3478914
3478915
3478916
3478917
3478918
3478919
3478920
3478921
3478922
3478923
3478924
3478925
3478926
3478927
3478417
3478418
3478419
3478420
3478421
3478422
3478423
3478424
3478425
3478426
3478427
3478428
3478429
3478430
3478431
3478432
3478433
3478434
3478435
3478436
3478437
3478438
3478439
3478440
3478441
3478442
3478443
3478444
3478445
3478446
3478447
3478448
3478449
3478450
3478451
3478452
3478453
3478454
3478455
3478456
3478457
3478458
3478459
3478460
3478461
3478462
3478463
3478464
3478465
3478466
3478467
3478468
3478469
3478470
3478471
3478472
3478473
3478474
3478475
3478476
3474844
3474845
3474846
3474847
3474848
3474849
3474850
3474851
3474852
3474853
3474854
3474855
3474856
3474857
3474858
3474859
3474860
3474861
3474862
3474863
3474864
3474865
3474866
3474867
3474868
3474869
3474870
3474871
3474872
3474873
3474874
3474875
3474876
3474877
3474878
3474879
3474880
3474881
3474882
3474883
3474884
3474885
3474886
3474887
3474888
3474889
3474890
3474891
3474892
3474893
3474894
3474895
3474896
3474897
3474898
3474899
3474900
3474901
3474902
3474903
3474904
3474905
3474906
3474907
3474908
3474909
3474910
3474911
3474912
3474913
3474914
3474915
3474916
3474917
3474918
3474919
3474920
3474921
3474922
3474923
3474924
3474925
3474926
3474927
3474928
3474929
3474930
3474931
3474932
3474933
3474934
3474935
3474936
3474937
3474938
3474939
3474940
3474941
3474942
3474943
3474944
3474945
3474946
3474947
3474948
3474949
3474950
3474951
3474952
3474953
3474954
3474955
3474956
3474957
3474958
3474959
3474960
3474961
3474962
3474963
3474964
3474965
3474966
3474967
3474968
3474969
3474970
3474971
3474972
3474973
3474974
3474975
3474976
3474977
3474978
3474979
3474980
3474981
3474982
3474983
3474984
3474985
3474986
3474987
3474988
3474989
3474990
3474991
3474992
3474993
3474994
3496539
3496540
3496541
3496542
3496543
3496544
3496545
3496546
3496547
3496548
3496549
3496550
3496551
3496552
3496553
3496554
3496555
3496556
3496557
3496558
3496559
3496560
3496561
3496562
3496563
3496564
3496565
3496566
3496567
3496568
3496569
3496570
3496571
3496572
3496573
3496574
3496575
3496576
3496577
3496578
3496579
3496580
3496581
3496582
3496583
3496584
3496585
3496586
3496587
3496588
3496589
3496590
3496591
3496592
3496593
3496594
3496595
3496596
3496597
3496598
3496599
3496600
3496601
3496602
3496603
3496604
3496605
3496606
3496607
3496608
3496609
3496610
3496611
3496612
3496613
3496614
3496615
3496616
3496617
3496618
3496619
3496620
3496621
3496622
3496623
3496624
3496625
3496626
3496627
3496628
3496629
3496630
3496631
3496632
3496633
3496634
3496635
3496636
3496637
3496638
3496639
3496640
3496641
3496642
3496643
3496644
3496645
3496646
3496647
3496648
3496649
3496650
3496651
3496652
3496653
3496654
3496655
3496656
3496657
3496658
3496659
3496660
3496661
3496662
3496663
3496664
3496665
3496666
3496667
3496668
3496669
3496670
3496671
3496672
3496673
3496674
3496675
3496676
3496677
3496678
3496679
3496680
3496681
3496682
3496683
3496684
3496685
3496686
3496687
3496688
3496689
3496690
3496691
3496692
3496693
3496694
3496695
3496696
3496697
3496698
3496699
3496700
3496701
3496702
3496703
3496704
3496705
3496706
3496707
3496708
3496709
3496710
3496711
3496712
3496713
3496714
3496715
3496716
3496717
3496718
3496719
3496720
3496721
3496722
3496723
3496724
3496725
3496726
3496727
3496728
3496729
3496730
3496731
3496732
3496733
3496734
3496735
3496736
3496737
3496738
3496739
3496740
3496741
3496742
3496743
3496744
3496745
3496746
3496747
3496748
3496749
3496750
3496751
3496752
3496753
3496754
3496755
3496756
3496757
3496758
3496759
3496760
3496761
3496762
3496763
3496764
3496765
3496766
3496767
3496768
3496769
3496770
3496771
3496772
3496773
3496774
3496775
3496776
3496777
3496778
3496779
3496780
3496781
3496782
3496783
3496784
3496785
3496786
3496787
3496788
3496789
3496790
3496791
3496792
3496793
3496794
3496795
3496796
3496797
3496798
3496799
3496800
3496801
3496802
3496803
3496804
3496805
3496806
3496807
3496808
3496809
3496810
3496811
3496812
3494026
3494027
3494028
3494029
3494030
3494031
3494032
3494033
3494034
3494035
3494036
3494037
3494038
3494039
3494040
3494041
3494042
3494043
3494044
3494045
3494046
3494047
3494048
3494049
3494050
3494051
3494052
3494053
3494054
3494055
3494056
3494057
3494058
3494059
3494060
3494061
3494062
3494063
3494064
3494065
3494066
3494067
3494068
3494069
3494070
3494071
3494072
3494073
3494074
3494075
3494076
3494077
3494078
3494079
3494080
3494081
3494082
3494083
3494084
3494085
3494086
3494087
3494088
3494089
3494090
3494091
3494092
3494093
3494094
3494095
3494096
3494097
3494098
3494099
3494100
3494101
3494102
3492260
3492261
3492262
3492263
3492264
3492265
3492266
3492267
3492268
3492269
3492270
3492271
3492272
3492273
3492274
3492275
3492276
3492277
3492278
3492279
3492280
3492281
3492282
3492283
3492284
3492285
3492286
3492287
3492288
3492289
3492290
3492291
3492292
3492293
3492294
3492295
3492296
3492297
3492298
3492299
3492300
3492301
3492302
3492303
3492304
3492305
3492306
3492307
3492308
3492309
3492310
3492311
3492312
3492313
3492314
3492315
3492316
3492317
3492318
3492319
3492320
3492321
3492322
3492323
3492324
3492325
3492326
3492327
3492328
3492329
3492330
3492331
3492332
3492333
3492334
3492335
3492336
3492337
3492338
3492339
3492340
3492341
3492342
3492343
3492344
3492345
3492346
3492347
3492348
3492349
3492350
3492351
3492352
3492353
3492354
3492355
3492356
3492357
3492358
3492359
3492360
3492361
3492362
3492363
3492364
3492365
3492366
3492367
3492368
3492369
3492370
3492371
3492372
3492373
3492374
3492375
3492376
3492377
3492378
3492379
3492380
3492381
3492382
3492383
3492384
3492385
3492386
3492387
3492388
3492389
3492390
3492391
3492392
3492393
3492394
3492395
3492396
3492397
3492398
3492399
3492400
3492401
3492402
3492403
3492404
3492405
3492406
3492407
3492408
3492409
3492410
3492411
3492412
3492413
3492414
3492415
3492416
3492417
3492418
3492419
3492420
3492421
3492422
3492423
3492424
3492425
3492426
3492427
3492428
3492429
3492430
3492431
3492432
3492433
3492434
3492435
3492436
3492437
3492438
3492439
3492440
3492441
3492442
3492443
3492444
3492445
3492446
3492447
3492448
3492449
3492450
3492451
3492452
3492453
3492454
3492455
3492456
3492457
3492458
3492459
3492460
3492461
3492462
3492463
3492464
3492465
3492466
3492467
3492468
3492469
3492470
3492471
3492472
3492473
3492474
3492475
3492476
3492477
3492478
3492479
3492480
3492481
3492482
3492483
3492484
3492485
3492486
3492487
3492488
3492489
3492490
3492491
3492492
3492493
3492494
3492495
3492496
3492497
3491493
3491494
3491495
3491496
3491497
3491498
3491499
3491500
3491501
3491502
3491503
3491504
3491505
3491506
3491507
3491508
3491509
3491510
3491511
3491512
3491513
3491514
3491515
3491516
3491517
3491518
3491519
3491520
3491521
3491522
3491523
3491524
3491525
3491526
3491527
3491528
3491529
3491530
3491531
3491532
3491533
3491534
3491535
3491536
3491537
3491538
3491539
3491540
3491541
3491542
3491543
3491544
3491545
3491546
3491547
3491548
3491549
3491550
3491551
3491552
3491553
3491554
3491555
3491556
3491557
3491558
3491559
3491560
3491561
3491562
3491563
3491564
3491565
3491566
3491567
3491568
3491569
3491570
3491571
3491572
3491573
3491574
3491575
3491576
3491577
3491578
3491579
3491580
3491581
3491582
3491583
3491584
3491585
3491586
3491587
3491588
3491589
3491590
3491591
3491592
3491593
3491594
3491595
3491596
3491597
3491598
3491599
3491600
3491601
3491602
3491603
3491604
3491605
3491606
3491607
3491608
3491609
3491610
3491611
3491612
3491613
3491614
3491615
3491616
3491617
3491618
3491619
3491620
3491621
3491622
3491623
3491624
3491625
3491626
3491627
3491628
3491629
3491630
3491631
3491632
3491633
3491634
3491635
3491636
3491637
3491638
3491639
3491640
3491641
3491642
3491643
3491644
3491645
3491646
3491647
3491648
3491649
3491650
3491651
3491652
3491653
3491654
3491655
3491656
3491657
3491658
3491659
3491660
3491661
3491662
3491663
3491664
3491665
3491666
3491667
3491668
3491669
3491670
3491671
3491672
3491673
3491674
3491675
3491676
3491677
3491678
3491679
3491680
3491681
3491682
3491683
3491684
3491685
3491686
3491687
3491688
3491689
3491690
3491691
3491692
3491693
3491694
3491695
3491696
3491697
3491698
3491699
3491700
3491701
3491702
3491703
3491704
3491705
3491706
3491707
3491708
3491709
3491710
3491711
3491712
3491713
3491714
3491715
3491716
3491717
3491718
3491719
3491720
3491721
3491722
3491723
3491724
3491725
3491726
3491727
3491728
3491729
3491730
3491731
3491732
3491733
3491734
3491735
3491736
3491737
3491738
3491739
3491740
3491741
3491742
3491743
3491744
3491745
3491746
3491747
3491748
3491749
3491750
3491751
3491752
3491753
3491754
3491755
3491756
3491757
3491758
3491759
3491760
3491761
3491762
3491763
3491764
3491765
3491766
3491767
3491768
3491769
3491770
3491771
3491772
3491773
3491774
3491775
3491776
3491777
3491778
3491779
3491780
3491781
3491782
3491783
3491784
3491785
3491786
3491787
3491788
3491789
3491790
3491791
3491792
3491793
3491794
3491795
3491796
3491797
3491798
3491799
3491800
3491801
3491802
3491803
3491804
3491805
3491806
3491807
3491808
3491809
3522988
3522989
3522990
3522991
3522992
3522993
3522994
3522995
3522996
3522997
3522998
3522999
3523000
3523001
3523002
3523003
3523004
3523005
3523006
3523007
3523008
3523009
3523010
3523011
3523012
3523013
3523014
3523015
3523016
3523017
3523018
3523019
3523020
3523021
3523022
3523023
3523024
3523025
3523026
3523027
3523028
3523029
3523030
3523031
3523032
3523033
3523034
3523035
3523036
3523037
3523038
3523039
3523040
3523041
3523042
3523043
3523044
3523045
3523046
3523047
3523048
3523049
3523050
3523051
3523052
3523053
3523054
3523055
3523056
3525866
3525867
3525868
3525869
3525870
3525871
3525872
3525873
3525874
3525875
3525876
3525877
3525878
3525879
3525880
3525881
3525882
3525883
3525884
3525885
3525886
3525887
3525888
3525889
3525890
3525891
3525892
3525893
3525894
3525895
3525896
3525897
3525898
3525899
3525900
3525901
3525902
3525903
3525904
3525905
3525906
3525907
3525908
3525909
3525910
3525911
3525912
3525913
3525914
3525915
3525916
3525917
3525918
3525919
3525920
3525921
3525922
3525923
3525924
3525925
3525926
3525927
3525928
3525929
3525930
3525931
3525932
3525933
3525934
3525935
3525936
3525937
3525938
3525939
3525940
3525941
3525942
3525943
3525944
3525945
3525946
3525947
3525948
3525949
3525950
3525951
3525952
3525953
3525954
3525955
3525956
3525957
3525958
3525959
3525960
3525961
3525962
3525963
3525964
3525965
3525966
3525967
3525968
3525969
3525970
3525971
3525972
3525973
3525974
3525975
3525976
3525977
3525978
3525979
3525980
3525981
3525982
3525983
3525984
3525985
3525986
3525987
3525988
3525989
3525990
3525991
3526118
3526119
3526120
3526121
3526122
3526123
3526124
3526125
3526126
3526127
3526128
3526129
3526130
3526131
3526132
3526133
3526134
3526135
3526136
3526137
3526138
3526139
3526140
3526141
3526142
3526143
3526144
3526145
3526146
3526147
3526148
3526149
3526150
3526151
3526152
3526153
3526154
3526155
3526156
3526157
3526158
3526159
3526160
3526161
3526162
3526163
3526164
3526165
3526166
3526167
3526168
3526169
3526170
3526171
3526172
3526173
3526174
3526175
3526176
3526177
3526178
3526179
3526180
3526181
3526257
3526258
3526259
3526260
3526261
3526262
3526263
3526264
3526265
3526266
3526267
3526268
3526269
3526270
3526271
3526272
3526273
3526274
3526275
3526276
3526277
3526278
3526279
3526280
3526281
3526282
3526283
3526284
3526285
3526286
3526287
3526288
3526289
3526290
3526291
3526292
3526293
3526294
3526295
3526296
3526297
3526298
3526299
3526300
3526301
3526302
3526303
3526304
3526305
3526306
3526307
3526308
3526309
3526310
3526311
3526312
3526313
3526314
3526315
3526316
3526317
3526318
3526319
3526320
3526321
3526322
3526323
3526324
3526325
3526326
3526327
3526328
3526329
3526330
3526331
3526332
3526333
3526334
3526335
3526336
3526337
3526338
3526339
3526340
3526341
3526342
3526343
3526344
3526345
3526346
3526347
3526348
3526349
3526350
3526351
3526352
3526353
3526354
3526355
3526356
3526357
3526358
3526359
3526360
3526361
3526362
3526363
3526364
3526365
3526366
3526367
3526368
3526369
3526370
3526371
3526372
3526373
3526374
3526375
3526376
3526377
3526378
3526379
3526380
3526381
3526382
3526383
3526384
3526978
3526979
3526980
3526981
3526982
3526983
3526984
3526985
3526986
3526987
3526988
3526989
3526990
3526991
3526992
3526993
3526994
3526995
3526996
3526997
3526998
3526999
3527000
3527001
3527002
3527003
3527004
3527005
3527006
3527007
3527008
3527009
3527010
3527011
3527012
3527013
3527014
3527015
3527016
3527017
3527018
3527019
3527020
3527021
3527022
3527023
3527024
3527025
3527026
3527027
3527028
3527029
3527030
3527031
3527032
3527033
3527034
3527035
3527036
3527037
3527038
3527039
3527040
3527041
3527042
3527043
3527044
3527045
3527046
3527047
3527048
3527049
3527050
3527051
3527052
3527053
3527054
3527055
3527056
3527057
3527058
3527059
3527060
3527629
3527630
3527631
3527632
3527633
3527634
3527635
3527636
3527637
3527638
3527639
3527640
3527641
3527642
3527643
3527644
3527645
3527646
3527647
3527648
3527649
3527650
3527651
3527652
3527653
3527654
3527655
3527656
3527657
3527658
3527659
3527660
3527661
3527662
3527663
3527664
3527665
3527666
3527667
3527668
3527669
3527670
3527671
3527672
3527673
3527674
3527675
3527676
3527677
3527678
3527679
3527680
3527681
3527682
3527683
3527684
3527685
3527686
3527687
3527688
3527689
3527690
3527691
3527692
3527693
3527694
3527695
3527696
3527697
3527698
3527699
3527700
3527701
3527702
3527703
3527704
3527705
3527706
3527707
3527708
3527709
3527710
3527711
3527712
3527713
3527714
3527715
3527716
3527717
3527718
3527719
3527720
3527721
3527722
3527723
3527724
3527725
3527726
3527727
3527728
3527729
3527730
3527731
3527732
3527733
3527734
3527735
3527736
3527737
3527738
3527739
3527740
3527741
3527742
3527743
3527744
3527745
3527746
3527747
3527748
3527749
3527750
3527751
3527752
3527753
3527754
3527755
3527756
3527757
3527758
3527759
3527760
3527761
3527762
3527763
3527764
3527765
3527766
3527767
3527768
3527769
3527770
3527771
3527772
3527773
3527774
3527775
3527776
3527777
3527778
3527779
3527780
3527781
3527782
3527783
3527784
3527785
3527786
3527787
3527788
3527789
3527790
3527791
3527792
3527793
3527794
3527795
3527796
3527797
3527798
3527799
3527800
3527801
3527802
3527803
3527804
3527805
3527806
3527807
3527808
3527809
3527810
3527811
3527812
3530790
3530791
3530792
3530793
3530794
3530795
3530796
3530797
3530798
3530799
3530800
3530801
3530802
3530803
3530804
3530805
3530806
3530807
3530808
3530809
3530810
3530811
3530812
3530813
3530814
3530815
3530816
3530817
3530818
3530819
3530820
3530821
3530822
3530823
3530824
3530825
3530826
3530827
3530828
3530829
3530830
3530831
3530832
3530833
3530834
3530835
3530836
3530837
3530838
3530839
3530840
3530841
3530842
3530843
3530844
3530845
3530846
3530847
3530848
3530849
3530850
3530851
3530852
3530853
3530854
3530855
3531712
3531713
3531714
3531715
3531716
3531717
3531718
3531719
3531720
3531721
3531722
3531723
3531724
3531725
3531726
3531727
3531728
3531729
3531730
3531731
3531732
3531733
3531734
3531735
3531736
3531737
3531738
3531739
3531740
3531741
3531742
3531743
3531744
3531745
3531746
3531747
3531748
3531749
3531750
3531751
3531752
3531753
3531754
3531755
3531756
3531757
3531758
3531759
3531760
3531761
3531762
3531763
3531764
3531765
3531766
3531767
3531768
3531769
3531770
3531771
3531772
3531773
3531774
3531775
3531776
3531777
3531778
3531779
3531780
3531781
3531782
3531783
3531784
3531785
3531786
3531787
3531788
3531789
3531790
3531791
3531792
3531793
3531794
3531795
3531796
3531797
3531798
3531799
3531800
3531801
3531802
3531803
3531804
3531805
3531806
3531807
3531808
3531809
3531810
3531811
3531812
3531813
3531814
3531909
3531910
3531911
3531912
3531913
3531914
3531915
3531916
3531917
3531918
3531919
3531920
3531921
3531922
3531923
3531924
3531925
3531926
3531927
3531928
3531929
3531930
3531931
3531932
3531933
3531934
3531935
3531936
3531937
3531938
3531939
3531940
3531941
3531942
3531943
3531944
3531945
3531946
3531947
3531948
3531949
3531950
3531951
3531952
3531953
3531954
3531955
3531956
3531957
3531958
3531959
3531960
3531961
3531962
3531963
3531964
3531965
3531966
3531967
3531968
3531969
3531970
3531971
3531972
3531973
3531974
3531975
3531976
3531977
3531978
3531979
3531980
3531981
3531982
3531983
3531984
3531985
3531986
3531987
3531988
3531989
3531990
3531991
3531992
3531993
3531994
3531995
3531996
3531997
3531998
3531999
3532000
3532001
3532002
3532003
3532004
3532005
3532006
3532007
3532008
3532009
3532010
3532011
3532012
3532013
3532014
3532015
3532016
3532017
3532018
3532019
3532020
3532021
3532022
3532023
3532024
3532025
3532026
3532027
3532028
3532029
3532030
3532031
3532032
3532033
3532034
3532035
3532036
3532037
3532038
3532039
3532040
3532041
3532042
3532043
3532044
3532045
3532046
3532047
3532048
3532049
3532050
3532051
3532052
3532053
3532054
3532055
3532056
3532057
3532058
3532059
3532060
3532061
3532062
3532063
3532064
3532065
3532066
3532067
3532068
3532069
3532070
3532071
3532072
3532073
3532074
3532075
3532076
3532077
3532078
3532079
3532080
3532081
3532082
3532083
3532084
3532085
3532086
3532087
3532088
3532089
3532090
3532091
3532092
3532093
3532415
3532416
3532417
3532418
3532419
3532420
3532421
3532422
3532423
3532424
3532425
3532426
3532427
3532428
3532429
3532430
3532431
3532432
3532433
3532434
3532435
3532436
3532437
3532438
3532439
3532440
3532441
3532442
3532443
3532444
3532445
3532446
3532447
3532448
3532449
3532450
3532451
3532452
3532453
3532454
3532455
3532456
3532457
3532458
3532459
3532460
3532461
3532462
3532463
3532464
3532465
3532466
3532467
3532468
3532469
3532470
3532471
3532472
3532473
3532474
3532475
3532476
3532477
3532478
3532479
3532480
3532481
3532482
3532483
3532484
3532485
3532486
3532487
3532488
3532489
3532490
3532491
3532492
3532493
3532494
3532495
3532496
3532497
3532498
3532499
3532500
3532501
3532502
3532503
3532504
3532505
3532506
3532507
3532508
3532509
3532510
3532511
3532512
3532513
3532514
3532515
3532516
3532517
3532518
3532519
3532520
3532521
3532522
3532523
3532524
3532525
3532526
3532527
3532528
3532529
3532530
3532531
3532532
3532533
3532534
3532535
3532536
3532537
3532538
3532539
3532540
3532541
3532542
3532543
3532544
3532545
3532546
3532547
3532548
3532549
3532550
3532551
3532552
3532553
3532554
3532555
3532556
3532557
3532558
3532559
3532560
3532561
3532562
3532563
3532564
3532565
3532566
3532567
3532568
3532569
3532570
3532571
3532572
3532573
3532574
3532575
3532576
3532577
3532578
3532579
3532580
3532581
3532582
3532583
3532584
3532585
3532586
3532587
3532588
3532589
3532590
3532591
3532592
3532593
3532594
3532595
3532596
3532597
3532598
3532599
3532600
3532601
3532602
3532603
3532604
3532605
3532606
3532607
3532608
3532609
3532610
3532611
3532612
3532613
3532614
3532615
3532616
3532617
3532618
3532619
3532620
3532621
3532622
3532623
3532624
3532625
3532626
3532627
3532628
3532629
3532630
3532631
3532632
3532633
3532634
3532635
3532636
3532637
3532638
3532639
3532640
3532641
3532642
3532643
3532644
3532645
3532646
3532647
3532648
3533292
3533293
3533294
3533295
3533296
3533297
3533298
3533299
3533300
3533301
3533302
3533303
3533304
3533305
3533306
3533307
3533308
3533309
3533310
3533311
3533312
3533313
3533314
3533315
3533316
3533317
3533318
3533319
3533320
3533321
3533322
3533323
3533324
3533325
3533326
3533327
3533328
3533329
3533330
3533331
3533332
3533333
3533334
3533335
3533336
3533337
3533338
3533339
3533340
3533341
3533342
3533343
3533344
3533345
3533346
3533347
3533348
3533349
3533350
3533351
3533352
3533353
3533354
3533355
3533356
3533357
3533358
3533359
3533360
3533361
3533362
3533363
3533364
3533365
3533366
3533367
3533368
3533369
3533370
3533371
3533372
3533373
3533374
3533375
3533376
3533377
3533378
3533379
3533380
3533381
3533382
3533383
3533384
3533385
3533386
3533387
3533388
3533389
3533390
3533391
3533392
3533393
3533394
3533395
3533396
3534419
3534420
3534421
3534422
3534423
3534424
3534425
3534426
3534427
3534428
3534429
3534430
3534431
3534432
3534433
3534434
3534435
3534436
3534437
3534438
3534439
3534440
3534441
3534442
3534443
3534444
3534445
3534446
3534447
3534448
3534449
3534450
3534451
3534452
3534453
3534454
3534455
3534456
3534457
3534458
3534459
3534460
3534461
3534462
3534463
3534464
3534465
3534466
3534467
3534468
3534469
3534470
3534471
3534472
3534473
3534474
3534475
3534476
3534477
3534478
3534479
3534480
3534481
3534482
3534483
3534484
3534485
3534486
3534487
3534488
3534489
3534490
3534491
3534492
3534493
3534494
3534495
3534496
3534497
3534498
3534499
3534500
3534501
3534502
3534503
3534504
3534505
3534506
3534507
3534508
3534509
3534510
3534511
3534512
3534513
3534514
3534515
3534516
3534517
3534518
3534519
3534520
3534793
3534794
3534795
3534796
3534797
3534798
3534799
3534800
3534801
3534802
3534803
3534804
3534805
3534806
3534807
3534808
3534809
3534810
3534811
3534812
3534813
3534814
3534815
3534816
3534817
3534818
3534819
3534820
3534821
3534822
3534823
3534824
3534825
3534826
3534827
3534828
3534829
3534830
3534831
3557104
3557105
3557106
3557107
3557108
3557109
3557110
3557111
3557112
3557113
3557114
3557115
3557116
3557117
3557118
3557119
3557120
3557121
3557122
3557123
3557124
3557125
3557126
3557127
3557128
3557129
3557130
3557131
3557132
3557133
3557134
3557135
3557136
3557137
3557138
3557139
3557140
3557141
3557142
3557143
3557144
3557145
3557146
3557147
3557148
3557149
3557150
3557151
3557152
3557153
3557154
3557155
3557156
3557157
3557158
3557159
3557160
3557161
3557162
3557163
3557164
3557165
3557166
3557167
3557168
3557169
3557170
3557171
3557172
3557173
3557174
3557175
3557176
3557177
3557178
3557179
3557180
3557181
3557182
3557183
3557184
3557185
3557186
3557187
3557188
3557189
3557190
3557191
3557192
3557193
3557194
3557195
3557196
3557197
3557198
3557199
3557200
3557201
3557202
3557203
3557204
3557205
3557206
3557207
3557208
3557209
3557210
3557211
3557212
3557213
3557214
3557215
3557216
3557217
3557218
3557219
3557220
3557221
3557222
3557223
3557224
3557225
3557226
3557227
3557228
3557229
3557230
3557231
3557232
3557233
3557234
3557235
3557236
3557237
3557238
3557239
3557240
3557241
3557242
3557243
3557244
3557245
3557246
3557247
3557248
3557249
3557250
3557251
3557252
3557253
3557254
3557255
3557256
3557257
3557258
3557259
3557260
3557261
3557262
3557263
3557264
3557265
3557266
3557267
3557268
3557269
3557270
3557271
3557272
3557273
3557274
3557275
3557276
3557277
3557278
3557279
3557280
3557281
3557282
3557283
3557284
3557285
3557286
3557287
3557288
3557289
3557290
3557291
3557292
3557293
3557294
3557295
3557296
3557297
3557298
3557299
3557300
3557301
3557302
3557303
3557304
3557305
3557306
3557307
3557308
3557309
3557310
3557311
3557312
3557313
3557314
3557315
3557316
3557317
3557318
3557319
3557320
3557321
3557322
3557323
3557324
3557325
3557326
3557327
3557328
3557329
3557330
3557331
3557332
3557333
3557334
3557335
3557336
3557337
3557338
3557339
3557340
3557341
3557342
3557343
3557344
3557345
3557346
3557347
3557348
3557349
3557350
3557351
3557352
3557353
3557354
3557355
3557356
3557357
3557358
3557359
3557360
3557361
3557362
3557363
3557364
3557365
3557366
3557367
3557368
3557369
3557370
3557371
3557372
3557373
3557374
3557375
3557376
3557377
3557378
3557379
3557380
3557381
3557382
3557383
3557384
3557385
3557386
3557387
3557388
3557389
3557390
3557391
3557392
3557393
3557394
3557395
3557396
3557397
3557398
3557399
3557400
3557401
3550982
3550983
3550984
3550985
3550986
3550987
3550988
3550989
3550990
3550991
3550992
3550993
3550994
3550995
3550996
3550997
3550998
3550999
3551000
3551001
3551002
3551003
3551004
3551005
3551006
3551007
3551008
3551009
3551010
3551011
3551012
3551013
3551014
3551015
3551016
3551017
3551018
3551019
3551020
3551021
3551022
3551023
3551024
3551025
3551026
3551027
3551028
3551029
3551030
3551031
3551032
3551033
3551034
3551035
3551036
3551037
3551038
3551039
3551040
3551041
3551042
3551043
3551044
3551045
3551046
3551047
3551048
3551049
3551050
3551051
3551052
3551053
3551054
3551055
3551056
3551057
3551058
3551059
3551060
3551061
3551062
3551063
3551064
3551065
3551066
3551067
3551068
3551069
3551070
3551071
3551072
3551073
3551074
3551075
3551076
3551077
3551078
3551079
3551080
3551081
3551082
3551083
3551084
3551085
3551086
3551087
3551088
3551089
3551090
3551091
3551092
3551093
3551094
3551095
3551096
3551097
3551098
3551099
3551100
3551101
3551102
3551103
3551104
3551105
3551106
3551107
3551108
3551109
3551110
3551111
3551112
3551113
3551114
3551115
3551116
3551117
3551118
3551119
3551120
3551121
3551122
3551123
3551124
3551125
3551126
3551127
3551128
3551129
3551130
3551131
3551132
3551133
3551134
3551135
3551136
3551137
3551138
3551139
3551140
3551141
3551142
3551143
3551144
3551145
3551146
3551147
3551148
3551149
3551150
3551151
3551152
3551153
3551154
3551155
3551156
3551157
3551158
3551159
3551160
3551161
3551162
3551163
3551164
3551165
3551166
3551167
3551168
3551169
3551170
3551171
3551172
3551173
3551174
3551175
3551176
3551177
3551178
3551179
3551180
3551181
3551182
3551183
3551184
3551185
3551186
3551187
3551188
3551189
3551190
3551191
3551192
3548121
3548122
3548123
3548124
3548125
3548126
3548127
3548128
3548129
3548130
3548131
3548132
3548133
3548134
3548135
3548136
3548137
3548138
3548139
3548140
3548141
3548142
3548143
3548144
3548145
3548146
3548147
3548148
3548149
3548150
3548151
3548152
3548153
3548154
3548155
3548156
3548157
3548158
3548159
3548160
3548161
3548162
3548163
3548164
3548165
3548166
3548167
3548168
3548169
3548170
3548171
3548172
3548173
3548174
3548175
3548176
3548177
3548178
3548179
3548180
3548181
3548182
3548183
3548184
3548185
3548186
3548187
3548188
3548189
3548190
3548191
3548192
3548193
3548194
3548195
3548196
3548197
3548198
3548199
3548200
3548201
3548202
3548203
3548204
3548205
3548206
3548207
3548208
3548209
3548210
3548211
3548212
3548213
3548214
3548215
3548216
3548217
3548218
3548219
3548220
3548221
3548222
3548223
3548224
3548225
3548226
3548227
3548228
3548229
3548230
3548231
3548232
3548233
3548234
3548235
3548236
3548237
3548238
3548239
3548240
3548241
3548242
3548243
3548244
3548245
3548246
3548247
3548248
3548249
3548250
3548251
3548252
3548253
3548254
3548255
3548256
3548257
3548258
3548259
3548260
3548261
3548262
3548263
3548264
3548265
3547846
3547847
3547848
3547849
3547850
3547851
3547852
3547853
3547854
3547855
3547856
3547857
3547858
3547859
3547860
3547861
3547862
3547863
3547864
3547865
3547866
3547867
3547868
3547869
3547870
3547871
3547872
3547873
3547874
3547875
3547876
3547877
3547878
3547879
3547880
3547881
3547882
3547883
3547884
3547885
3547886
3547887
3547888
3547889
3547890
3547891
3547892
3547893
3547894
3547895
3547896
3547897
3547898
3547899
3547900
3547901
3547902
3547903
3547904
3547905
3547906
3547907
3547908
3547909
3547910
3547911
3547912
3547913
3547914
3547915
3547916
3547917
3547918
3547919
3547920
3547921
3547922
3547923
3547924
3547925
3547926
3547927
3547928
3547929
3547930
3547931
3547932
3547933
3547934
3547935
3547936
3547937
3547938
3547939
3547940
3547941
3547942
3547943
3547944
3547945
3547946
3547947
3547948
3547949
3547950
3547951
3547952
3547953
3547954
3547955
3547956
3547957
3547958
3547959
3547960
3547961
3547962
3547963
3547964
3547965
3547966
3547967
3547968
3547969
3547970
3547971
3547972
3547973
3547974
3547975
3547976
3547977
3547978
3547979
3547980
3547981
3547982
3547983
3547984
3547985
3547986
3547987
3547988
3547989
3547990
3547991
3547992
3547993
3547994
3547995
3547996
3547997
3547998
3547999
3548000
3548001
3548002
3548003
3548004
3548005
3548006
3548007
3548008
3548009
3548010
3548011
3548012
3548013
3548014
3548015
3548016
3548017
3548018
3548019
3548020
3548021
3548022
3548023
3548024
3548025
3548026
3548027
3548028
3547453
3547454
3547455
3547456
3547457
3547458
3547459
3547460
3547461
3547462
3547463
3547464
3547465
3547466
3547467
3547468
3547469
3547470
3547471
3547472
3547473
3547474
3547475
3547476
3547477
3547478
3547479
3547480
3547481
3547482
3547483
3547484
3547485
3547486
3547487
3547488
3547489
3547490
3547491
3547492
3547493
3547494
3547495
3547496
3547497
3547498
3547499
3547500
3547501
3547502
3547503
3547504
3547505
3547506
3547507
3547508
3547509
3547510
3547511
3547512
3547513
3547514
3547515
3547516
3547517
3547518
3547519
3547520
3547521
3547522
3547523
3547524
3547525
3547526
3547527
3547528
3547529
3547530
3547531
3547532
3547533
3547534
3547535
3547536
3547537
3547538
3547539
3547540
3547541
3547542
3547543
3547544
3547545
3547270
3547271
3547272
3547273
3547274
3547275
3547276
3547277
3547278
3547279
3547280
3547281
3547282
3547283
3547284
3547285
3547286
3547287
3547288
3547289
3547290
3547291
3547292
3547293
3547294
3547295
3547296
3547297
3547298
3547299
3547300
3547301
3547302
3547303
3547304
3547305
3547306
3547307
3547308
3547309
3547310
3547311
3547312
3547313
3547314
3547315
3547316
3547317
3547318
3547319
3547320
3547321
3547322
3547323
3547324
3547325
3547326
3547327
3547328
3547329
3547330
3547331
3547332
3547333
3547334
3547335
3547336
3547337
3547338
3547339
3547340
3547341
3547342
3547343
3547344
3547345
3547346
3547347
3547348
3547349
3547350
3547351
3547352
3547353
3547354
3547355
3547356
3547357
3547358
3547359
3547360
3547361
3547362
3546253
3546254
3546255
3546256
3546257
3546258
3546259
3546260
3546261
3546262
3546263
3546264
3546265
3546266
3546267
3546268
3546269
3546270
3546271
3546272
3546273
3546274
3546275
3546276
3546277
3546278
3546279
3546280
3546281
3546282
3546283
3546284
3546285
3546286
3546287
3546288
3546289
3546290
3546291
3546292
3546293
3546294
3546295
3546296
3546297
3546298
3546299
3546300
3546301
3546302
3546303
3546304
3546305
3546306
3546307
3546308
3546309
3546310
3546311
3546312
3546313
3546314
3546315
3546316
3546317
3546318
3546319
3546320
3546321
3546322
3546323
3546324
3546325
3546326
3546327
3546328
3546329
3546330
3546331
3546332
3546333
3546334
3546335
3546336
3546337
3546338
3546339
3546340
3546341
3546342
3546343
3546344
3546345
3546346
3546347
3546348
3546349
3546350
3546351
3546352
3546353
3546354
3546355
3546356
3546357
3546358
3546359
3546360
3546361
3546362
3546363
3546364
3546365
3546366
3546367
3546368
3546369
3546370
3546371
3546372
3546373
3546374
3546375
3546376
3546377
3546378
3546379
3546380
3546381
3546382
3546383
3546384
3546385
3546386
3546387
3546388
3546389
3546390
3546391
3546392
3546393
3546394
3546395
3546396
3546397
3546398
3546399
3546400
3546401
3546402
3546403
3546404
3546405
3546406
3546407
3546408
3546409
3546410
3546411
3546412
3546413
3546414
3546415
3546416
3546417
3546418
3546419
3546420
3546421
3546422
3546423
3546072
3546073
3546074
3546075
3546076
3546077
3546078
3546079
3546080
3546081
3546082
3546083
3546084
3546085
3546086
3546087
3546088
3546089
3546090
3546091
3546092
3546093
3546094
3546095
3546096
3546097
3546098
3546099
3546100
3546101
3546102
3546103
3546104
3546105
3546106
3546107
3546108
3546109
3546110
3546111
3546112
3546113
3546114
3546115
3546116
3546117
3546118
3546119
3546120
3546121
3546122
3546123
3546124
3546125
3546126
3546127
3546128
3546129
3546130
3546131
3546132
3546133
3546134
3546135
3546136
3546137
3546138
3546139
3546140
3546141
3546142
3546143
3546144
3546145
3546146
3546147
3546148
3546149
3546150
3546151
3546152
3546153
3546154
3546155
3546156
3546157
3546158
3546159
3546160
3546161
3546162
3546163
3546164
3546165
3546166
3544807
3544808
3544809
3544810
3544811
3544812
3544813
3544814
3544815
3544816
3544817
3544818
3544819
3544820
3544821
3544822
3544823
3544824
3544825
3544826
3544827
3544828
3544829
3544830
3544831
3544832
3544833
3544834
3544835
3544836
3544837
3544838
3544839
3544840
3544841
3544842
3544843
3544844
3544845
3544846
3544847
3544848
3544849
3544850
3544851
3544852
3544853
3544854
3544855
3544856
3544857
3544858
3544859
3544860
3544861
3544862
3544863
3544864
3544865
3544866
3544867
3544868
3544869
3544870
3544871
3544872
3544873
3544874
3544875
3544876
3544877
3544878
3544879
3544880
3544881
3544882
3544883
3544884
3544885
3544886
3544887
3544888
3544889
3544890
3544891
3544892
3544893
3544894
3544895
3544896
3544897
3544898
3544899
3544900
3544901
3544902
3544903
3544904
3544905
3544906
3544907
3544908
3544909
3544910
3544911
3544912
3544913
3544914
3544915
3544916
3544917
3544918
3544919
3544920
3544921
3544922
3544923
3544924
3544925
3544926
3544927
3544928
3544929
3544930
3544931
3544932
3544933
3544934
3544935
3544936
3544937
3542782
3542783
3542784
3542785
3542786
3542787
3542788
3542789
3542790
3542791
3542792
3542793
3542794
3542795
3542796
3542797
3542798
3542799
3542800
3542801
3542802
3542803
3542804
3542805
3542806
3542807
3542808
3542809
3542810
3542811
3542812
3542813
3542814
3542815
3542816
3542817
3542818
3542819
3542820
3542821
3542822
3542823
3542824
3542825
3542826
3542827
3542828
3542829
3542830
3542831
3542832
3542833
3542834
3542835
3542836
3542837
3542838
3542839
3542840
3542841
3542842
3542843
3542844
3542845
3542846
3542847
3542848
3542849
3542850
3542851
3542852
3542853
3542854
3542855
3542856
3542857
3542858
3542859
3542860
3542861
3542862
3542863
3542864
3542865
3542866
3542867
3542868
3542869
3542870
3542871
3542872
3542873
3542874
3542875
3542876
3542877
3542878
3542879
3542880
3542881
3542882
3542883
3542884
3542885
3542886
3542887
3542888
3542889
3542890
3542891
3542892
3542893
3542894
3542895
3542896
3542897
3542898
3542899
3542900
3542901
3542902
3542903
3542904
3542905
3542906
3542907
3542908
3542909
3542910
3542911
3542912
3542913
3542914
3542915
3542916
3542917
3542918
3542919
3542920
3542921
3542922
3542923
3542924
3542925
3542926
3542927
3542928
3542929
3542930
3542931
3542932
3542933
3542934
3542935
3542936
3542937
3542938
3542939
3542940
3542941
3542942
3542943
3542944
3542945
3542946
3542947
3542948
3542949
3542950
3542951
3542952
3542953
3542954
3542955
3542956
3542957
3542958
3542959
3542960
3542961
3542962
3542963
3542964
3542965
3542966
3542967
3542968
3542969
3542970
3542971
3542972
3542973
3542974
3542975
3539176
3539177
3539178
3539179
3539180
3539181
3539182
3539183
3539184
3539185
3539186
3539187
3539188
3539189
3539190
3539191
3539192
3539193
3539194
3539195
3539196
3539197
3539198
3539199
3539200
3539201
3539202
3539203
3539204
3539205
3539206
3539207
3539208
3539209
3539210
3539211
3539212
3539213
3539214
3539215
3539216
3539217
3539218
3539219
3539220
3539221
3539222
3539223
3539224
3539225
3539226
3539227
3539228
3539229
3539230
3539231
3539232
3539233
3539234
3539235
3539236
3539237
3539238
3539239
3539240
3539241
3539242
3539243
3539244
3539245
3539246
3539247
3539248
3539249
3539250
3539251
3539252
3539253
3539254
3539255
3539256
3539257
3539258
3543233
3543234
3543235
3543236
3543237
3543238
3543239
3543240
3543241
3543242
3543243
3543244
3543245
3543246
3543247
3543248
3543249
3543250
3543251
3543252
3543253
3543254
3543255
3543256
3543257
3543258
3543259
3543260
3543261
3543262
3543263
3543264
3543265
3543266
3543267
3543268
3543269
3543270
3543271
3543272
3543273
3543274
3543275
3543276
3543277
3543278
3543279
3543280
3543281
3543282
3543283
3543284
3543285
3543286
3543287
3543288
3543289
3543290
3543291
3543292
3543293
3543294
3543295
3543296
3543297
3543298
3543299
3543300
3543301
3543302
3543303
3543304
3543305
3543306
3543307
3543308
3543309
3543310
3543311
3543312
3543313
3543314
3543315
3543316
3543317
3543318
3543319
3543320
3543321
3543322
3543323
3543324
3543325
3543326
3543327
3543328
3543329
3543330
3543331
3543332
3543333
3543334
3543335
3543336
3543337
3543338
3543339
3543340
3543341
3543342
3543343
3543344
3543345
3543346
3543347
3543348
3543349
3543350
3543351
3543352
3543353
3543354
3543355
3543356
3543357
3543358
3543359
3543360
3543361
3543362
3543363
3543364
3543365
3543366
3543367
3543368
3543369
3543370
3543371
3543372
3543373
3543374
3543375
3543376
3543377
3543378
3543379
3543380
3543381
3543382
3543383
3543384
3543385
3543386
3543387
3543388
3543389
3543390
3543391
3543392
3543393
3543394
3543395
3543396
3543397
3543398
3543399
3543400
3543401
3543402
3543403
3543404
3543405
3543406
3543407
3543408
3543409
3543410
3543411
3543412
3543413
3543414
3543415
3543416
3543417
3543418
3543419
3543420
3543421
3543422
3543423
3543424
3543425
3543426
3543427
3543428
3543429
3543430
3543431
3543432
3543433
3543434
3543435
3543436
3543437
3543438
3543439
3543440
3543441
3543442
3543443
3543444
3543445
3543446
3543447
3543448
3543449
3543450
3543451
3543452
3543453
3543454
3543455
3543456
3543457
3543458
3543459
3543460
3543461
3543462
3543463
3543464
3543465
3543466
3543467
3543468
3543469
3543470
3543471
3543553
3543554
3543555
3543556
3543557
3543558
3543559
3543560
3543561
3543562
3543563
3543564
3543565
3543566
3543567
3543568
3543569
3543570
3543571
3543572
3543573
3543574
3543575
3543576
3543577
3543578
3543579
3543580
3543581
3543582
3543583
3543584
3543585
3543586
3543587
3543588
3543589
3543590
3543591
3543592
3543593
3543594
3543595
3543596
3543597
3543598
3543599
3543600
3543601
3543602
3543603
3543604
3543605
3543606
3543607
3543608
3543609
3543610
3543611
3543612
3543613
3543614
3543615
3543616
3543617
3543618
3543619
3543620
3543621
3543622
3543623
3543624
3543625
3543626
3543627
3543628
3543629
3543630
3543631
3543632
3543633
3543634
3543635
3543636
3543637
3543638
3543639
3543640
3543641
3543642
3543643
3543644
3543645
3543646
3543647
3543648
3543649
3543650
3543651
3543652
3543653
3543654
3543655
3543656
3543657
3543658
3543659
3543660
3543661
3543662
3543663
3543664
3543665
3543666
3543667
3543668
3543669
3543670
3543671
3543672
3543673
3543674
3543675
3543676
3543677
3543678
3543827
3543828
3543829
3543830
3543831
3543832
3543833
3543834
3543835
3543836
3543837
3543838
3543839
3543840
3543841
3543842
3543843
3543844
3543845
3543846
3543847
3543848
3543849
3543850
3543851
3543852
3543853
3543854
3543855
3543856
3543857
3543858
3543859
3543860
3543861
3543862
3543863
3543864
3543865
3543866
3543867
3543868
3543869
3543870
3543871
3543872
3543873
3543874
3543875
3543876
3543877
3543878
3543879
3543880
3543881
3543882
3543883
3543884
3543885
3543886
3543887
3543888
3543889
3543890
3543891
3543892
3543893
3543894
3543895
3543896
3543897
3543898
3543899
3543900
3543901
3543902
3543903
3543904
3543905
3543906
3543907
3543908
3543909
3543910
3543911
3543912
3543913
3543914
3543915
3543916
3543917
3543918
3543919
3543920
3543921
3543922
3543923
3543924
3543925
3543926
3543927
3543928
3543929
3543930
3543931
3543932
3543933
3543934
3543935
3543936
3543937
3543938
3543939
3543940
3543941
3543942
3543943
3543944
3543945
3543946
3543947
3543948
3543949
3543950
3543951
3543952
3543953
3543954
3543955
3543956
3543957
3543958
3543959
3543960
3543961
3543962
3543963
3543964
3543965
3543966
3543967
3543968
3543969
3543970
3543971
3543972
3543973
3543974
3543975
3543976
3543977
3543978
3543979
3543980
3543981
3543982
3543983
3543984
3543985
3543986
3543987
3543988
3543989
3543990
3543991
3543992
3543993
3543994
3543995
3543996
3543997
3543998
3543999
3544000
3544001
3544002
3544003
3544004
3544005
3573308
3573309
3573310
3573311
3573312
3573313
3573314
3573315
3573316
3573317
3573318
3573319
3573320
3573321
3573322
3573323
3573324
3573325
3573326
3573327
3573328
3573329
3573330
3573331
3573332
3573333
3573334
3573335
3573336
3573337
3573338
3573339
3573340
3573341
3573342
3573343
3573344
3573345
3573690
3573691
3573692
3573693
3573694
3573695
3573696
3573697
3573698
3573699
3573700
3573701
3573702
3573703
3573704
3573705
3573706
3573707
3573708
3573709
3573710
3573711
3573712
3573713
3573714
3573715
3573716
3573717
3573718
3573719
3573720
3573721
3573722
3573723
3573724
3573725
3573726
3573727
3573728
3573729
3573730
3573731
3573732
3573733
3573734
3573735
3573736
3573737
3573738
3573739
3573740
3573741
3573742
3573743
3573744
3573745
3573746
3573747
3573748
3573749
3573750
3573751
3573752
3573753
3573754
3573755
3573756
3573757
3573758
3573759
3573760
3573761
3573762
3573763
3573764
3573765
3573766
3573767
3573768
3573769
3573770
3573771
3573772
3573773
3573774
3573775
3573776
3573777
3573778
3573779
3573780
3573781
3573782
3573783
3573784
3573785
3573786
3573787
3573788
3573789
3573790
3573791
3573792
3573793
3573794
3573795
3573796
3573797
3573798
3574381
3574382
3574383
3574384
3574385
3574386
3574387
3574388
3574389
3574390
3574391
3574392
3574393
3574394
3574395
3574396
3574397
3574398
3574399
3574400
3574401
3574402
3574403
3574404
3574405
3574406
3574407
3574408
3574409
3574410
3574411
3574412
3574413
3574414
3574415
3574416
3574417
3574418
3574419
3574420
3574421
3574422
3574423
3574424
3574425
3574426
3574427
3574428
3574429
3574430
3574431
3574432
3574433
3574434
3574435
3574436
3574437
3574438
3574439
3574440
3574441
3574442
3574443
3574444
3574445
3574446
3574447
3574448
3574449
3574450
3574451
3574452
3574453
3574454
3574455
3574456
3574457
3574458
3574459
3574460
3574461
3574462
3574463
3574464
3574465
3574466
3574467
3574468
3574469
3574470
3574471
3574472
3574473
3574474
3574475
3574476
3574477
3574478
3574479
3574480
3574481
3574482
3574483
3574484
3574485
3574486
3574487
3574488
3574489
3574490
3574491
3574492
3574493
3574494
3574495
3574496
3574497
3574498
3574499
3574500
3574501
3574502
3574503
3574504
3574505
3574506
3574507
3574508
3574509
3574510
3574511
3574512
3574513
3574514
3574515
3574516
3574517
3574518
3574519
3574520
3574521
3574522
3574523
3574524
3574525
3574526
3574527
3574528
3574529
3574530
3574531
3574532
3574533
3574534
3574535
3574536
3574537
3574538
3574539
3574540
3574541
3574542
3574543
3574544
3574545
3574546
3574547
3574548
3574549
3574550
3574551
3574552
3574553
3574554
3574555
3574556
3574557
3574558
3574559
3574560
3574561
3574562
3574563
3574564
3574565
3574566
3574567
3574568
3574569
3574570
3574571
3574572
3574573
3574574
3574575
3574576
3574577
3574578
3574579
3574580
3574581
3574582
3574583
3574584
3575538
3575539
3575540
3575541
3575542
3575543
3575544
3575545
3575546
3575547
3575548
3575549
3575550
3575551
3575552
3575553
3575554
3575555
3575556
3575557
3575558
3575559
3575560
3575561
3575562
3575563
3575564
3575565
3575566
3575567
3575568
3575569
3575570
3575571
3575572
3575573
3575574
3575575
3575576
3575577
3575578
3575579
3575580
3575581
3575582
3575583
3575584
3575585
3575586
3575587
3575588
3575589
3575590
3575591
3575592
3575593
3575594
3575595
3575596
3575597
3575598
3575599
3575600
3575601
3575602
3575603
3575604
3575605
3575606
3575607
3575608
3575609
3575610
3575611
3575612
3575613
3575614
3575615
3575616
3575617
3575618
3575619
3575620
3575621
3575622
3575623
3575624
3575625
3575626
3575627
3575628
3575629
3575630
3575631
3575632
3575633
3575634
3575635
3575636
3575637
3575638
3575639
3575640
3575641
3575642
3575643
3575644
3575645
3575646
3575647
3575648
3575649
3575650
3575651
3575652
3575653
3575654
3575655
3575656
3575657
3575658
3576259
3576260
3576261
3576262
3576263
3576264
3576265
3576266
3576267
3576268
3576269
3576270
3576271
3576272
3576273
3576274
3576275
3576276
3576277
3576278
3576279
3576280
3576281
3576282
3576283
3576284
3576285
3576286
3576287
3576288
3576289
3576290
3576291
3576292
3576293
3576294
3576295
3576296
3576297
3576298
3576299
3576300
3576301
3576302
3576303
3576304
3576305
3576551
3576552
3576553
3576554
3576555
3576556
3576557
3576558
3576559
3576560
3576561
3576562
3576563
3576564
3576565
3576566
3576567
3576568
3576569
3576570
3576571
3576572
3576573
3576574
3576575
3576576
3576577
3576578
3576579
3576580
3576581
3576582
3576583
3576584
3576585
3576586
3576587
3576588
3576589
3576590
3576591
3576592
3576593
3576594
3576595
3576596
3576597
3576598
3576599
3576600
3576601
3576602
3576603
3576604
3576605
3576606
3576607
3576608
3576609
3576610
3576611
3576612
3576613
3576614
3576615
3576616
3576617
3576618
3576619
3576620
3576621
3576622
3576623
3576890
3576891
3576892
3576893
3576894
3576895
3576896
3576897
3576898
3576899
3576900
3576901
3576902
3576903
3576904
3576905
3576906
3576907
3576908
3576909
3576910
3576911
3576912
3576913
3576914
3576915
3576916
3576917
3576918
3576919
3576920
3576921
3576922
3576923
3576924
3576925
3576926
3576927
3576928
3576929
3576930
3576931
3576932
3576933
3576934
3576935
3576936
3576937
3576938
3576939
3576940
3576941
3576942
3576943
3576944
3576945
3576946
3576947
3576948
3576949
3576950
3576951
3576952
3576953
3576954
3576955
3576956
3576957
3576958
3576959
3576960
3576961
3576962
3576963
3576964
3576965
3576966
3576967
3576968
3576969
3576970
3576971
3576972
3576973
3576974
3576975
3576976
3576977
3576978
3576979
3576980
3576981
3576982
3576983
3576984
3576985
3576986
3576987
3576988
3576989
3576990
3576991
3576992
3576993
3576994
3576995
3576996
3576997
3576998
3576999
3577000
3577001
3577002
3577003
3577004
3577005
3577006
3577007
3577008
3577009
3577010
3577011
3577012
3577013
3577014
3577015
3577016
3577017
3577018
3577019
3577020
3577021
3577022
3577023
3577024
3577025
3577026
3577027
3577028
3577029
3577030
3577031
3577032
3577033
3577034
3577035
3577036
3577037
3577038
3577039
3577040
3577041
3577042
3577043
3577044
3577045
3577046
3577047
3577048
3577049
3577050
3577051
3577052
3577053
3577054
3577055
3577056
3577057
3577058
3577059
3577060
3577061
3577062
3577063
3577064
3577065
3577066
3577067
3577068
3577069
3577070
3577071
3577072
3577073
3577074
3577075
3577076
3577077
3577078
3577079
3577080
3577081
3577082
3577083
3577084
3577085
3577086
3577087
3577088
3577089
3577090
3577091
3577092
3577093
3577094
3577095
3577096
3577097
3577098
3577099
3577100
3577101
3577102
3577103
3577104
3577105
3577979
3577980
3577981
3577982
3577983
3577984
3577985
3577986
3577987
3577988
3577989
3577990
3577991
3577992
3577993
3577994
3577995
3577996
3577997
3577998
3577999
3578000
3578001
3578002
3578003
3578004
3578005
3578006
3578007
3578008
3578009
3578010
3578011
3578012
3578013
3578014
3578015
3578016
3578017
3578018
3578019
3578020
3578021
3578022
3578023
3578024
3578025
3578026
3578027
3578028
3578029
3578030
3578031
3578032
3578033
3578034
3578035
3578036
3578037
3578038
3578039
3578040
3578041
3578042
3578043
3578044
3578045
3578046
3578047
3578048
3578049
3578050
3578051
3578052
3578053
3578054
3578055
3578056
3578057
3578058
3578059
3578060
3578061
3578062
3578063
3578064
3578065
3578066
3578067
3578068
3578069
3578070
3578071
3578072
3578073
3578074
3578075
3578076
3578077
3578078
3578079
3578080
3578081
3578082
3578083
3578084
3578085
3578086
3578087
3578088
3578089
3578090
3578091
3578092
3578093
3578094
3578095
3578096
3578097
3578098
3578099
3578100
3578101
3578102
3578103
3578104
3578105
3578106
3578107
3578108
3578109
3578110
3578111
3578507
3578508
3578509
3578510
3578511
3578512
3578513
3578514
3578515
3578516
3585596
3585597
3585598
3585599
3585600
3585601
3585602
3585603
3585604
3585605
3585606
3585607
3585608
3585609
3585610
3585611
3585612
3585613
3585614
3585615
3585616
3585617
3585618
3585619
3585620
3585621
3585622
3585623
3585624
3585625
3585626
3585627
3585628
3585629
3585630
3585631
3585632
3585633
3585634
3585635
3585636
3585637
3585638
3585639
3585640
3585641
3585642
3585643
3585644
3585645
3585646
3585647
3585648
3585649
3585650
3585651
3585652
3585653
3585654
3585655
3585656
3585657
3585658
3585659
3585660
3585661
3585662
3585663
3585664
3585665
3585666
3585667
3585668
3585669
3585670
3585671
3585672
3585673
3585674
3585675
3585676
3585677
3585678
3585679
3585680
3585681
3585682
3585683
3585684
3585685
3585686
3585687
3585688
3585689
3585690
3585691
3585692
3585693
3585694
3585695
3585696
3585697
3585698
3585699
3585700
3585701
3585702
3585703
3585704
3585705
3585706
3585707
3585708
3585709
3585710
3585711
3585712
3585713
3585714
3585715
3585716
3585717
3585718
3585719
3585720
3585721
3585722
3585723
3585724
3585725
3585726
3585727
3585728
3585729
3585730
3585731
3585732
3585733
3585734
3585735
3585736
3585737
3585738
3585739
3585740
3585741
3585742
3585743
3585744
3585745
3585746
3585747
3585748
3585749
3585750
3585751
3585752
3585753
3585754
3585755
3585756
3585757
3585758
3585759
3585760
3585761
3585762
3585763
3585764
3585765
3585766
3585767
3585768
3585769
3585770
3585771
3585772
3585773
3585774
3585775
3585776
3585777
3585778
3585779
3585780
3585781
3585782
3585783
3585784
3585785
3585786
3585787
3585788
3585789
3585790
3585791
3585792
3585793
3585794
3585795
3585796
3585797
3585798
3585799
3585800
3585801
3585802
3585803
3585804
3585805
3585806
3585807
3585808
3585809
3585810
3585811
3585812
3585813
3585814
3585815
3585816
3585817
3585818
3585819
3585820
3586493
3586494
3586495
3586496
3586497
3586498
3586499
3586500
3586501
3586502
3586503
3586504
3586505
3586506
3586507
3586508
3586509
3586510
3586511
3586512
3586513
3586514
3586515
3586516
3586517
3586518
3586519
3586520
3586521
3586522
3586523
3586524
3586525
3586526
3586527
3586528
3586529
3586530
3586531
3586532
3586533
3586534
3586535
3586536
3586537
3586538
3586539
3586540
3586541
3586542
3586543
3586544
3586545
3586546
3586547
3586548
3586549
3586550
3586551
3586552
3586553
3586554
3586555
3586556
3586557
3586558
3586559
3586560
3586561
3586562
3586563
3586564
3586565
3586566
3586567
3586568
3586569
3586570
3586571
3586572
3586573
3586574
3586575
3586576
3586577
3586578
3586579
3586580
3586581
3586582
3586583
3586584
3586585
3586586
3586587
3586588
3586589
3586590
3586591
3586592
3586593
3586594
3586595
3586596
3586597
3586598
3586599
3586600
3586601
3586602
3586603
3586604
3586605
3586606
3586607
3586608
3586609
3586610
3586611
3586612
3586613
3586614
3586615
3586616
3586617
3586618
3586619
3586620
3586621
3586622
3586623
3586624
3586625
3586626
3586627
3586628
3586629
3586630
3586631
3586632
3586633
3586634
3586635
3586636
3586637
3586638
3586639
3586640
3586641
3586642
3586643
3586644
3586645
3586646
3586647
3586648
3586649
3586650
3586651
3586652
3586653
3586654
3586655
3586656
3586657
3586658
3586659
3586660
3586661
3586662
3586663
3586664
3586665
3586666
3586667
3586668
3586669
3586670
3586671
3586672
3586673
3586674
3586675
3586676
3586677
3586678
3586812
3586813
3586814
3586815
3586816
3586817
3586818
3586819
3586820
3586821
3586822
3586823
3586824
3586825
3586826
3586827
3586828
3586829
3586830
3586831
3586832
3586833
3586834
3586835
3586836
3586837
3586838
3586839
3586840
3586841
3586842
3586843
3586844
3586845
3586846
3586847
3586848
3586849
3586850
3586851
3586852
3586853
3586854
3586855
3586856
3586857
3586858
3586859
3586860
3586861
3586862
3586863
3586864
3586865
3586866
3586867
3586868
3586869
3586870
3586871
3586872
3586873
3586874
3586875
3586876
3586877
3586878
3586879
3586880
3586881
3586882
3586883
3586884
3586885
3586886
3586887
3586888
3586889
3586890
3586891
3586892
3586893
3586894
3586895
3586896
3586897
3586898
3586899
3586900
3586901
3586902
3586903
3586904
3586905
3586906
3586907
3586908
3586909
3586910
3586911
3586912
3586913
3586914
3586915
3586916
3586917
3586918
3586919
3586920
3586921
3586922
3586923
3586924
3586925
3586926
3586927
3586928
3586929
3586930
3586931
3586932
3586933
3586934
3586935
3586936
3586937
3586938
3586939
3586940
3586941
3586942
3586943
3586944
3586945
3586946
3586947
3586948
3586949
3586950
3586951
3586952
3586953
3586954
3586955
3586956
3586957
3586958
3586959
3586960
3586961
3586962
3586963
3586964
3586965
3586966
3586967
3586968
3586969
3586970
3586971
3586972
3586973
3586974
3586975
3586976
3586977
3586978
3586979
3586980
3586981
3586982
3586983
3586984
3586985
3586986
3586987
3586988
3586989
3586990
3586991
3586992
3589441
3589442
3589443
3589444
3589445
3589446
3589447
3589448
3589449
3589450
3589451
3589452
3589453
3589454
3589455
3589456
3589457
3589458
3589459
3589460
3589461
3589462
3589463
3589464
3589465
3589466
3589467
3589468
3589469
3589470
3589471
3589472
3589473
3589474
3589475
3589476
3589477
3589478
3589479
3589480
3589481
3589482
3589483
3589484
3589485
3589486
3589487
3589488
3589489
3589490
3589491
3589492
3589493
3589494
3589495
3589496
3589497
3589498
3589499
3589500
3589501
3589502
3589503
3589504
3589505
3589506
3589507
3589508
3589509
3589510
3589511
3589512
3589513
3589514
3589515
3589516
3589517
3589518
3589519
3589520
3589521
3589522
3589523
3589524
3589525
3589526
3589527
3589528
3589529
3589530
3589531
3589532
3589533
3589534
3589535
3589536
3589537
3589538
3589539
3589540
3589541
3589542
3589543
3589544
3589545
3589546
3589547
3589548
3589549
3589550
3589551
3589552
3589553
3589829
3589830
3589831
3589832
3589833
3589834
3589835
3589836
3589837
3589838
3589839
3589840
3589841
3589842
3589843
3589844
3589845
3589846
3589847
3589848
3589849
3589850
3589851
3589852
3589853
3589854
3589855
3589856
3589857
3589858
3589859
3589860
3589861
3589862
3589863
3589864
3589865
3589866
3589867
3589868
3589869
3589870
3589871
3589872
3589873
3589874
3589875
3589876
3589877
3589878
3589879
3589880
3589881
3589882
3589883
3589884
3589885
3589886
3589887
3589888
3589889
3589890
3589891
3589892
3589893
3589894
3589895
3589896
3589897
3589898
3589899
3589900
3589901
3589902
3589903
3589904
3589905
3589906
3589907
3589908
3589909
3589910
3590037
3590038
3590039
3590040
3590041
3590042
3590043
3590044
3590045
3590046
3590047
3590048
3590049
3590050
3590051
3590052
3590053
3590054
3590055
3590056
3590057
3590058
3590059
3590060
3590061
3590062
3590063
3590064
3590065
3590066
3590067
3590068
3590069
3590070
3590071
3590072
3590073
3590074
3590075
3590076
3590077
3590078
3590079
3590080
3590081
3590082
3590083
3590084
3590085
3590086
3590087
3590088
3590089
3590090
3590091
3590092
3590093
3590094
3590095
3590096
3590097
3590098
3590099
3590100
3590101
3590102
3590103
3590104
3590105
3590106
3590107
3590108
3590109
3590110
3590111
3590112
3590113
3590114
3590115
3590116
3590117
3590118
3590119
3590120
3590121
3590122
3590123
3590124
3590125
3590126
3590127
3590128
3590129
3590130
3590131
3590132
3590133
3590134
3590135
3590136
3590137
3590138
3590139
3590140
3590141
3590142
3590143
3590144
3590145
3590146
3590147
3590148
3590149
3590150
3590151
3590152
3590153
3590154
3590155
3590156
3590157
3590158
3590159
3590160
3590161
3590162
3590163
3590164
3590165
3590166
3590167
3590168
3590169
3590170
3590171
3590172
3590173
3590174
3590175
3590176
3590177
3590178
3590179
3590180
3590181
3590182
3590183
3590184
3590185
3599847
3599848
3599849
3599850
3599851
3599852
3599853
3599854
3599855
3599856
3599857
3599858
3599859
3599860
3599861
3599862
3599863
3599864
3599865
3599866
3599867
3599868
3599869
3599870
3599871
3599872
3599873
3599874
3599875
3599876
3599877
3599878
3599879
3599880
3599881
3599882
3599883
3599884
3599885
3599886
3599887
3599888
3599889
3599890
3599891
3599892
3599893
3599894
3599895
3599896
3599897
3599898
3599899
3599900
3599901
3599902
3599903
3599904
3599905
3599906
3599907
3599908
3599909
3599910
3599911
3599912
3599913
3599914
3599915
3599916
3599917
3599918
3599919
3599920
3599921
3599922
3599923
3599924
3599925
3599926
3599927
3599928
3599929
3599930
3599931
3599932
3599933
3599934
3599935
3599936
3599937
3599938
3599939
3599940
3599941
3599942
3599943
3599944
3599945
3599946
3599947
3599948
3599949
3599950
3599951
3599952
3599953
3599954
3599955
3599956
3599957
3599958
3599959
3599960
3599961
3599962
3599963
3599964
3599965
3599966
3599967
3599968
3599969
3599970
3599971
3599972
3599973
3599974
3599975
3599976
3599977
3599978
3599979
3599980
3599981
3599982
3599983
3599984
3599985
3599986
3599987
3599988
3599989
3599990
3599991
3599992
3599993
3599994
3599995
3599996
3599997
3599998
3599999
3600000
3600001
3600002
3600003
3600004
3600005
3600006
3600007
3600008
3600009
3600010
3600011
3600012
3600013
3600014
3600015
3600016
3600017
3600018
3600019
3600020
3600021
3600022
3600023
3600024
3600025
3600026
3600027
3600028
3600029
3600030
3600031
3600032
3600033
3600034
3600035
3600036
3600037
3600038
3600039
3600040
3600041
3600042
3600043
3600044
3600045
3600046
3600047
3600048
3600049
3600050
3600051
3600052
3600053
3600054
3600055
3600056
3600057
3600058
3600059
3600060
3600061
3600062
3600063
3600064
3600065
3600066
3600067
3600068
3600069
3600070
3600071
3600072
3600073
3600074
3600075
3600076
3600077
3600078
3600079
3600080
3600081
3600082
3600083
3600084
3600085
3600086
3600087
3600088
3600089
3600090
3600091
3600092
3600093
3600094
3600095
3600096
3600097
3600098
3600099
3600100
3600101
3600102
3600103
3600104
3600105
3600106
3600107
3600108
3600109
3600110
3600111
3600112
3600113
3600114
3600115
3600116
3600117
3600118
3600119
3600120
3600121
3600122
3600123
3600124
3600125
3600126
3600127
3600128
3600129
3600130
3600131
3600132
3600133
3600134
3600135
3600136
3600137
3600138
3600139
3600140
3600141
3600142
3600143
3600144
3600145
3600146
3600147
3600148
3600149
3600150
3600151
3600152
3600153
3600154
3600155
3600156
3600157
3600158
3600159
3600160
3600161
3600162
3600163
3600164
3600165
3600166
3600167
3600168
3600169
3600170
3600171
3600172
3600173
3600174
3600175
3600176
3600177
3600178
3600179
3600180
3600181
3600182
3600183
3600184
3600185
3600186
3600187
3600188
3600189
3600190
3600191
3600192
3600193
3600194
3600195
3600196
3600197
3600198
3600199
3600200
3600201
3600202
3600203
3600204
3600205
3600206
3600207
3600208
3600209
3600210
3600211
3600212
3600213
3600214
3600215
3600216
3600217
3600218
3600219
3600220
3600221
3600222
3600223
3600224
3600225
3600226
3600227
3600228
3600229
3600230
3600231
3600232
3600233
3600234
3600235
3600236
3600237
3600238
3600239
3600240
3600241
3600242
3600243
3600244
3600245
3600246
3600247
3600248
3600249
3600250
3600251
3600252
3600253
3600254
3600255
3600256
3600257
3600258
3600259
3600260
3600261
3600262
3600263
3600264
3600265
3600266
3600267
3600268
3600269
3600270
3600271
3600272
3600273
3600274
3600275
3600276
3600277
3600278
3600279
3600280
3600281
3600282
3600283
3600284
3600285
3600286
3600287
3600288
3600289
3600290
3600291
3600292
3600293
3600294
3600295
3600296
3600297
3600298
3600299
3600300
3600301
3600302
3600303
3600304
3600305
3600306
3600307
3600308
3600309
3600310
3600311
3600312
3600313
3600314
3600315
3600316
3600317
3600318
3600319
3600320
3600321
3600322
3600323
3600324
3600325
3600326
3600327
3600328
3600329
3600330
3600331
3600332
3600333
3600334
3600335
3600336
3600337
3600338
3600339
3600340
3600341
3600342
3600343
3600344
3600345
3600346
3600347
3600348
3600349
3600350
3600351
3600352
3600353
3600354
3600355
3600356
3600357
3600358
3600359
3600360
3600361
3600362
3600363
3600364
3600365
3600366
3600367
3600368
3600369
3600370
3600371
3600372
3600373
3600374
3600375
3600376
3600377
3600378
3600379
3600380
3600381
3600382
3600383
3600384
3600385
3600386
3600387
3600388
3600389
3600390
3600391
3600392
3600393
3600394
3600395
3600396
3600397
3600398
3600399
3600400
3600401
3600402
3600403
3600404
3600405
3600406
3600407
3600408
3600409
3600410
3600411
3600412
3600413
3600414
3600415
3600416
3600417
3600418
3600419
3600420
3600421
3600422
3600423
3600424
3600425
3600426
3600427
3600428
3600429
3600430
3600431
3600432
3600433
3600434
3600435
3600436
3600437
3600438
3600439
3600440
3600441
3600442
3600443
3600444
3600445
3600446
3600447
3600448
3600449
3600450
3600451
3600452
3600453
3600454
3600455
3600456
3600457
3600458
3600459
3600460
3600461
3600462
3600463
3600464
3600465
3600466
3600467
3600468
3600469
3600470
3600471
3600472
3600473
3600474
3600475
3600476
3600477
3600478
3600479
3600480
3600481
3600482
3600483
3600484
3600485
3600486
3600487
3600488
3600489
3600490
3600491
3600492
3600493
3600494
3600495
3600496
3600497
3600498
3600499
3600500
3600501
3600502
3600503
3600504
3600505
3600506
3600507
3600508
3600509
3600510
3600511
3600512
3600513
3600514
3600515
3600516
3600517
3600518
3600519
3600520
3600521
3600522
3600523
3600524
3600525
3600526
3600527
3600528
3600529
3600530
3600531
3600532
3600533
3600534
3600535
3600536
3600537
3600538
3600539
3600540
3600541
3600542
3600543
3600544
3600545
3600546
3600547
3600548
3600549
3600550
3600551
3600552
3600553
3600554
3600555
3600556
3600557
3600558
3600559
3600560
3600561
3600562
3600563
3600564
3600565
3600566
3600567
3600568
3600569
3600570
3600571
3600572
3600573
3600574
3600575
3600576
3600577
3600578
3600579
3600580
3600581
3600582
3600583
3600584
3600585
3600586
3600587
3600588
3600589
3600590
3600591
3600592
3600593
3600594
3600595
3600596
3600597
3600598
3600599
3600600
3600601
3600602
3600603
3600604
3600605
3600606
3600607
3600608
3600609
3600610
3600611
3600612
3600613
3600614
3600615
3600616
3600617
3600618
3600619
3600620
3600621
3600622
3600623
3600624
3600625
3600626
3600627
3600628
3600629
3600630
3600631
3600632
3595735
3595736
3595737
3595738
3595739
3595740
3595741
3595742
3595743
3595744
3595745
3595746
3595747
3595748
3595749
3595750
3595751
3595752
3595753
3595754
3595755
3595756
3595757
3595758
3595759
3595760
3595761
3595762
3595763
3595764
3595765
3595766
3595767
3595768
3595769
3595770
3595771
3595772
3595773
3595774
3595775
3595776
3595777
3595778
3595779
3595780
3595781
3595782
3595783
3595784
3595785
3595786
3595787
3595788
3595789
3595790
3595791
3595792
3595793
3595794
3595795
3595796
3595797
3595798
3595799
3595800
3595801
3595802
3595803
3595804
3595805
3595806
3595807
3595808
3595809
3595810
3595811
3595812
3595813
3595814
3595815
3595816
3595817
3595818
3595819
3595820
3595821
3595822
3595823
3595824
3595825
3595826
3595827
3595828
3595829
3595830
3595831
3595832
3595833
3595834
3595835
3595836
3595837
3595838
3595839
3595840
3595841
3595842
3595843
3595844
3595845
3595846
3595847
3595848
3595849
3595850
3595851
3595852
3595853
3595854
3595855
3595856
3595857
3595858
3595859
3595860
3595861
3595862
3595863
3595864
3595865
3595866
3595867
3595868
3595869
3595870
3595871
3595872
3595873
3595874
3595875
3595876
3595877
3595878
3595879
3595880
3595881
3595882
3595883
3595884
3595885
3595886
3595887
3595888
3595889
3595890
3595891
3595892
3595893
3595894
3595895
3595896
3595897
3595898
3595899
3595900
3595901
3595902
3595903
3595904
3595905
3595906
3595907
3595908
3595909
3595910
3595911
3595912
3595913
3595914
3595915
3595916
3595917
3595918
3595919
3595920
3595921
3595922
3595923
3595924
3595925
3595926
3595927
3595928
3595929
3595930
3595931
3594837
3594838
3594839
3594840
3594841
3594842
3594843
3594844
3594845
3594846
3594847
3594848
3594849
3594850
3594851
3594852
3594853
3594854
3594855
3594856
3594857
3594858
3594859
3594860
3594861
3594862
3594863
3594864
3594865
3594866
3594867
3594868
3594869
3594870
3594871
3594872
3594873
3594874
3594875
3594876
3594877
3594878
3594879
3594880
3594881
3594882
3594883
3594884
3594885
3594886
3594887
3594888
3594889
3594890
3594891
3594892
3594893
3594894
3594895
3594896
3594897
3594898
3594899
3594900
3594901
3594902
3594903
3594904
3594905
3594906
3594907
3594908
3594909
3594910
3594911
3594912
3594913
3594914
3594915
3594916
3594917
3594918
3594919
3594920
3594921
3594922
3594923
3594924
3594925
3594926
3594927
3594928
3594929
3594930
3594931
3594932
3594933
3594934
3594935
3594936
3594937
3594938
3594939
3594940
3594941
3594942
3594943
3594944
3594945
3594946
3594947
3594948
3594949
3594950
3594951
3594952
3594953
3594954
3594955
3594956
3594957
3594958
3594959
3594960
3594961
3594962
3594963
3594964
3594965
3594966
3594967
3594968
3594969
3594970
3594971
3594972
3594973
3594974
3594975
3594976
3594977
3594978
3594979
3594980
3594981
3594982
3594983
3594984
3594985
3594986
3594987
3594988
3594989
3594990
3594991
3594992
3594993
3594994
3594995
3594996
3594997
3594998
3594999
3595000
3595001
3595002
3595003
3595004
3595005
3595006
3595007
3595008
3595009
3595010
3595011
3595012
3595013
3595014
3595015
3595016
3595017
3595018
3595019
3595020
3595021
3595022
3595023
3595024
3595025
3595026
3595027
3595028
3595029
3595030
3595031
3595032
3595033
3595034
3595035
3595036
3595037
3595038
3595039
3595040
3595041
3595042
3595043
3595044
3595045
3595046
3595047
3595048
3595049
3595050
3595051
3595052
3595053
3595054
3595055
3595056
3595057
3595058
3595059
3595060
3595061
3595062
3595063
3595064
3595065
3595066
3595067
3595068
3595069
3595070
3595071
3595072
3595073
3595074
