34291360
34291361
34291362
34291363
34291364
34291365
34291366
34291367
34291368
34291369
34291370
34291371
34291372
34291373
34291374
34291375
34291376
34291377
34291378
34291379
34291380
34291381
34291382
34291383
34291384
34291385
34291386
34291387
34291388
34291389
34291390
34291391
34291392
34291393
34291394
34291395
34291396
34291397
34291398
34291399
34291400
34291401
34291402
34291403
34291404
34291405
34291406
34291407
34291408
34291409
34291410
34291411
34291412
34291413
34291414
34291415
34291416
34291417
34291418
34291419
34291420
34291421
34291422
34291423
34291424
34291425
34292072
34292073
34292074
34292075
34292076
34292077
34292078
34292079
34292080
34292081
34292082
34292083
34292084
34292085
34292086
34292087
34292088
34292089
34292090
34292091
34292092
34292093
34292094
34292095
34292096
34292097
34292098
34292099
34292100
34292101
34292102
34292103
34292104
34292105
34292106
34292107
34292108
34292109
34292110
34292111
34292112
34292113
34292114
34292115
34292116
34292117
34292118
34292119
34292120
34292121
34292122
34292123
34292124
34292125
34292126
34292127
34292128
34292129
34292130
34292131
34292132
34292133
34292134
34292135
34292136
34292137
34292138
34292139
34292140
34292141
34292142
34292143
34292144
34292145
34292146
34292147
34292148
34292149
34292150
34292151
34292152
34292153
34292154
34292155
34292156
34292157
34292158
34292159
34292160
34292161
34292162
34292163
34292164
34292165
34292166
34292167
34292168
34292169
34292170
34292171
34292172
34292173
34292174
34292175
34292176
34292177
34292178
34292179
34292180
34292181
34292182
34292183
34292184
34292185
34292186
34292187
34292188
34292189
34292190
34292191
34292192
34292193
34292194
34292195
34292196
34292197
34292198
34292199
34292200
34292201
34292202
34292203
34292204
34292205
34292206
34292207
34292208
34292209
34292210
34292211
34292212
34292213
34292214
34292215
34292216
34292217
34292218
34292219
34292220
34292221
34292222
34292223
34292224
34292225
34292226
34292227
34292228
34292229
34292230
34292231
34292232
34292233
34292234
34292235
34292236
34292237
34292238
34292239
34292240
34292241
34292242
34292243
34292244
34292245
34292246
34292247
34297768
34297769
34297770
34297771
34297772
34297773
34297774
34297775
34297776
34297777
34297778
34297779
34297780
34297781
34297782
34297783
34297784
34297785
34297786
34297787
34297788
34297789
34297790
34297791
34297792
34297793
34297794
34297795
34297796
34297797
34297798
34297799
34297800
34297801
34297802
34297803
34297804
34297805
34297806
34297807
34297808
34297809
34297810
34297811
34297812
34297813
34297814
34297815
34297816
34297817
34297818
34297819
34297820
34297821
34297822
34297823
34297824
34297825
34297826
34297827
34297828
34297829
34297830
34297831
34297832
34297833
34297834
34297835
34297836
34297837
34297838
34297839
34297840
34297841
34297842
34297843
34297844
34297845
34297846
34297847
34297848
34297849
34297850
34297851
34297852
34297853
34297854
34297855
34297856
34297857
34297858
34297859
34297860
34297861
34297862
34297863
34297864
34297865
34297866
34297867
34297868
34297869
34297870
34297871
34297872
34297873
34297874
34297875
34297876
34297877
34297878
34297879
34297880
34297881
34297882
34297883
34297884
34297885
34297886
34297887
34297888
34297889
34297890
34297891
34297892
34297893
34297894
34297895
34297896
34297897
34297898
34297899
34297900
34297901
34297902
34297903
34297904
34297905
34297906
34297907
34297908
34297909
34297910
34297911
34297912
34302152
34302153
34302154
34302155
34302156
34302157
34302158
34302159
34302160
34302161
34302162
34302163
34302164
34302165
34302166
34302167
34302168
34302169
34302170
34302171
34302172
34302173
34302174
34302175
34302176
34302177
34302178
34302179
34302180
34302181
34302182
34302183
34302184
34302185
34302186
34302187
34302188
34302189
34302190
34302191
34302192
34302193
34302194
34302195
34302196
34302197
34302198
34302199
34302200
34302201
34302202
34302203
34302204
34302205
34302206
34302207
34302208
34302209
34302210
34302211
34302212
34302213
34302214
34302215
34302216
34302217
34302218
34302219
34302220
34302221
34302222
34302223
34302224
34302225
34302226
34302227
34302228
34302229
34302230
34302231
34302232
34302233
34302234
34302235
34302236
34302237
34302238
34302239
34302240
34302241
34302242
34302243
34302244
34302245
34302246
34302247
34302248
34302249
34302250
34302251
34302252
34302253
34302254
34302255
34302256
34302257
34302258
34302259
34302260
34302261
34302262
34302263
34302264
34302265
34302266
34302267
34302268
34302269
34302270
34302271
34302272
34302273
34302274
34302275
34302276
34302277
34302278
34302279
34302280
34302281
34302282
34302283
34302284
34302285
34302286
34302287
34302288
34302289
34302290
34302291
34302292
34302293
34302294
34302295
34302296
34302297
34302298
34302299
34302300
34302301
34302302
34302303
34302304
34302305
34302306
34302307
34302308
34302309
34302310
34302311
34302312
34302313
34302314
34302315
34302316
34302317
34302318
34302319
34302320
34302321
34302322
34302323
34302324
34302325
34302326
34302327
34302328
34302329
34302330
34302331
34302332
34302333
34302334
34302335
34302336
34302337
34302338
34302339
34302340
34302341
34302342
34302343
34302344
34302345
34302346
34302347
34302348
34302349
34302350
34302351
34302352
34302353
34302354
34302355
34302356
34302357
34302358
34302359
34302360
34302361
34302362
34302363
34302364
34302365
34302366
34302367
34302368
34302369
34302370
34302371
34302372
34302373
34302374
34302375
34302376
34302377
34302378
34302379
34302380
34302381
34302382
34302383
34302384
34302385
34302386
34302387
34302388
34302389
34302390
34302391
34302392
34302393
34302394
34302395
34302396
34302397
34302398
34302399
34302400
34302401
34302402
34302403
34302404
34302405
34302406
34302407
34302408
34302409
34302410
34302411
34302412
34302413
34302414
34302415
34302416
34302417
34302418
34302419
34302420
34302421
34302422
34302423
34302424
34302425
34302426
34302427
34302428
34302429
34302430
34302431
34302432
34302433
34302434
34302435
34302436
34302437
34302438
34302439
34302440
34302441
34302442
34302443
34302444
34302445
34302446
34302447
34302448
34302449
34302450
34302451
34302452
34302453
34302454
34302455
34302456
34302457
34303695
34303696
34303697
34303698
34303699
34303700
34303701
34303702
34303703
34303704
34303705
34303706
34303707
34303708
34303709
34303710
34303711
34303712
34303713
34303714
34303715
34303716
34303717
34303718
34303719
34303720
34303721
34303722
34303723
34303724
34303725
34303726
34303727
34303728
34303729
34303730
34303731
34303732
34303733
34303734
34303735
34303736
34303737
34303738
34303739
34303740
34303741
34303742
34303743
34303744
34303745
34303746
34303747
34303748
34303749
34303750
34303751
34303752
34303753
34303754
34303755
34303756
34303757
34303758
34303759
34303760
34303761
34303762
34303763
34303764
34303765
34303766
34303767
34303768
34303769
34303770
34303771
34303772
34303773
34303774
34303775
34303776
34303777
34303778
34303779
34303780
34303781
34303782
34303783
34303784
34303785
34303786
34303787
34303788
34303789
34303790
34303791
34303792
34303793
34303794
34303795
34303796
34303797
34303798
34303799
34303800
34303801
34303802
34303803
34303804
34303805
34303806
34303807
34303808
34303809
34303810
34303811
34303812
34303813
34303814
34303815
34303816
34303817
34303818
34303819
34303820
34303821
34303822
34303823
34303824
34303825
34303826
34303827
34303828
34303829
34303830
34303831
34303832
34303833
34303834
34303835
34303836
34303837
34303838
34303839
34303840
34303841
34303842
34303843
34303844
34303845
34303846
34303847
34303848
34303849
34303850
